0.000000 0.000000 0.000000 0.000000
1.000000 480.241754 239.287480 480.013889
2.000000 1587.546824 820.408814 1585.648377
3.000000 4141.778017 1881.086955 4132.975142
4.000000 9366.460708 3713.104223 9339.394230
5.000000 16006.167062 5633.963020 15961.723900
6.000000 25589.992261 7267.051973 25504.736749
7.000000 33050.056634 6649.324769 32759.056222
8.000000 22724.401686 4204.294945 21644.178024
9.000000 19633.782851 4185.144822 18512.283703
10.000000 17971.203047 4135.717983 16897.415286
11.000000 12804.167496 3263.233645 11569.611641
12.000000 11057.168374 2798.021571 10054.839360
13.000000 11051.313246 2550.346037 10197.650233
14.000000 11969.681182 2610.472239 11203.004588
15.000000 14600.274224 3181.888548 13886.822602
16.000000 18524.622653 3513.951477 17937.675173
17.000000 20270.025932 2833.285694 19722.026278
18.000000 19836.426302 2647.461406 19148.814296
19.000000 15732.285745 2046.806115 15014.827621
20.000000 12430.800776 1836.173177 11763.360944
21.000000 10117.493182 1765.933696 9493.495194
22.000000 7608.082511 1613.703859 6994.669855
23.000000 6414.011453 1415.890164 5815.329164
24.000000 5615.334011 1315.155816 5045.343793
25.000000 5197.306397 1320.504226 4686.018417
26.000000 5578.119265 1399.221004 5054.413485
27.000000 5094.202271 1362.159304 4634.073320
28.000000 5207.839946 1446.670634 4728.873563
29.000000 5346.943933 1596.153587 4898.529910
30.000000 6588.259240 1973.315387 6138.612833
31.000000 8360.052658 2492.111479 7890.382015
32.000000 11118.867922 3205.228043 10619.610173
33.000000 13268.840676 3594.764374 12722.733609
34.000000 15695.300840 4064.464063 15062.389564
35.000000 18108.631876 4678.066370 17376.834617
36.000000 22294.962252 5408.134844 21367.552004
37.000000 22091.125372 5083.068137 20842.298017
38.000000 24418.836970 5327.598891 22741.436108
39.000000 27667.560496 5808.834337 25594.917305
40.000000 25764.581844 5511.801815 23475.798151
41.000000 25813.778484 5692.137729 23647.849549
42.000000 28425.581527 5948.627318 26510.714957
43.000000 29471.983128 6304.146521 27284.192321
44.000000 30043.923516 6595.972585 27205.968298
45.000000 31430.032518 6851.179601 28510.578150
46.000000 32589.351060 7179.312912 29515.481663
47.000000 34196.146072 7358.600659 30921.705205
48.000000 34469.685736 7428.020491 31026.738948
49.000000 33485.320565 7244.078810 30026.709281
50.000000 34380.860995 7108.524426 30590.864046
51.000000 33360.905889 6614.946117 29383.926579
52.000000 33109.123311 5297.492377 28893.331707
53.000000 31839.131124 3555.847178 27410.468679
54.000000 32444.168328 2277.980117 27471.754957