0.000000 0.000000 0.000000 0.000000
1.000000 476.565984 237.523918 476.340873
2.000000 1579.184112 815.271987 1577.312522
3.000000 4090.497835 1868.921764 4081.847018
4.000000 9330.287415 3714.263614 9303.163721
5.000000 15957.745061 5616.711526 15913.386978
6.000000 25598.298966 7276.075817 25513.404255
7.000000 33533.551733 6695.348745 33247.863017
8.000000 22567.152536 4163.071875 21477.902398
9.000000 19990.439650 4212.449118 18837.622071
10.000000 17810.318356 3874.033036 16758.111794
11.000000 12627.565418 2993.601454 11397.209390
12.000000 11056.687988 2715.348035 10037.994080
13.000000 11272.737316 2656.122318 10398.144314
14.000000 12246.742532 2778.370042 11475.135017
15.000000 14691.005248 3365.325799 14001.918937
16.000000 18489.482157 3835.086417 17922.762840
17.000000 18737.369398 3428.308984 18215.637967
18.000000 18275.091156 3178.419665 17659.821804
19.000000 16083.296965 2765.647187 15370.887633
20.000000 14775.116513 2574.368207 14106.073944
21.000000 12894.916262 2336.434213 12218.303930
22.000000 12006.580176 2322.026728 11290.461680
23.000000 10837.569161 2177.879322 10139.520916
24.000000 9480.139450 2171.607127 8815.107835
25.000000 10260.828272 2333.040811 9485.292696
26.000000 9875.480124 2306.914752 9103.575267
27.000000 10023.538039 2398.301268 9272.456881
28.000000 10501.730385 2587.772328 9707.368632
29.000000 11266.452442 2823.826694 10457.975661
30.000000 12814.972801 3214.266542 12001.467375
31.000000 14353.461547 3506.578373 13533.441911
32.000000 16136.992585 3763.561380 15167.591518
33.000000 17171.732257 3610.358431 16116.623855
34.000000 19163.288058 3915.473091 17993.932184
35.000000 22034.751289 4616.031699 20862.347058
36.000000 25361.771349 5384.721420 24051.368250
37.000000 29379.927524 6102.910199 27731.013253
38.000000 28123.391985 5838.902303 26171.882085
39.000000 24314.925465 5123.924277 22163.845075
40.000000 21724.818580 4634.913051 19814.715531
41.000000 23426.866108 4877.476358 21593.079378
42.000000 27752.935050 5426.086778 25797.863256
43.000000 27133.040080 5502.880683 25160.624048
44.000000 27605.470502 5621.207306 25460.923901
45.000000 26773.759481 5406.024619 24229.703194
46.000000 28477.083929 5499.482231 25770.696515
47.000000 26197.600108 5148.819779 23622.820377
48.000000 26989.436622 5377.054636 24202.695569
49.000000 27834.267676 5360.383013 24870.561802
50.000000 27115.102988 5249.777903 24023.334273
51.000000 26888.691266 4792.048396 23461.079462
52.000000 25445.703325 3565.515095 21746.969105
53.000000 24205.005345 2598.411719 20230.962570
54.000000 26038.451006 2075.819239 21317.954059