0.000000 0.000000 0.000000 0.000000
1.000000 476.578404 237.385660 476.353436
2.000000 1582.048401 817.372195 1580.172282
3.000000 4082.227464 1865.487026 4073.592738
4.000000 9194.784904 3680.163887 9168.059916
5.000000 15776.489294 5554.868115 15732.782011
6.000000 25401.884614 7237.145095 25317.722333
7.000000 33347.183243 6707.074705 33059.641059
8.000000 23142.793574 4181.752706 22027.348794
9.000000 20090.519011 4244.236908 18936.278532
10.000000 17559.928339 3868.542441 16511.519252
11.000000 12579.787542 2976.452080 11346.892725
12.000000 11037.585110 2710.484678 10038.415599
13.000000 11145.861603 2627.728198 10281.294167
14.000000 12123.851296 2795.674318 11348.722081
15.000000 15071.393112 3479.869750 14365.827466
16.000000 18684.818576 3985.114529 18115.942129
17.000000 18718.772009 3564.968267 18184.961984
18.000000 19058.136744 3389.079117 18352.935218
19.000000 16624.983794 2924.644802 15905.286600
20.000000 14482.507700 2584.975981 13792.586139
21.000000 13586.720504 2452.980261 12879.299955
22.000000 12892.911913 2350.829975 12153.151033
23.000000 10075.539121 2026.897580 9344.774792
24.000000 10658.549409 2094.986811 9857.098772
25.000000 9283.874707 1996.950393 8534.256483
26.000000 9872.692857 2252.298864 9068.486683
27.000000 9634.751773 2348.530598 8849.901858
28.000000 10564.449085 2545.929234 9705.291996
29.000000 11627.699507 2785.909495 10759.145187
30.000000 12555.702276 3009.365699 11749.424670
31.000000 14057.208570 3214.474578 13176.267421
32.000000 15483.223138 3304.234903 14527.432582
33.000000 15936.717605 3229.299360 14883.237148
34.000000 18989.626206 3984.349052 17870.625371
35.000000 22111.338270 4900.819332 21033.924907
36.000000 26135.154512 5720.729006 24828.610471
37.000000 27378.944948 5586.713253 25599.245077
38.000000 23266.752224 4709.445442 21252.764320
39.000000 20023.324889 4122.939779 18191.058953
40.000000 19798.521745 4083.976304 18090.076620
41.000000 20713.498680 4234.659865 19053.056798
42.000000 23788.620134 4750.977368 22110.051278
43.000000 24793.830992 4856.395001 23074.956886
44.000000 24102.416792 4669.705600 22043.331001
45.000000 23226.804521 4483.210293 21039.605302
46.000000 23225.666862 4424.818735 20968.384891
47.000000 24500.302832 4546.065992 22092.885710
48.000000 23318.561666 4498.443233 20990.558339
49.000000 24441.706730 4621.264472 21979.276518
50.000000 24763.136217 4625.712442 22091.753775
51.000000 24561.214469 4430.036412 21779.521768
52.000000 24072.653353 3505.572510 21233.104701
53.000000 23475.699185 2452.829454 20372.593231
54.000000 23929.213736 1750.440225 20273.857524