0.000000 0.000000 0.000000 0.000000
1.000000 476.300065 237.460259 476.075230
2.000000 1587.482986 820.398727 1585.585653
3.000000 4146.627272 1881.925182 4137.814318
4.000000 9272.605192 3697.575314 9245.769807
5.000000 16094.334600 5670.120469 16050.247980
6.000000 25934.323064 7784.653976 25853.379056
7.000000 33149.051872 6991.903906 32854.653618
8.000000 22542.041473 4334.421859 21432.809626
9.000000 20529.105889 4714.269834 19380.702073
10.000000 17864.523721 4565.102531 16841.444670
11.000000 12841.943591 3418.865136 11568.385232
12.000000 11116.293950 2774.159493 10126.948135
13.000000 10854.608671 2439.008736 10017.957885
14.000000 11977.808234 2579.245028 11183.678681
15.000000 15163.466302 3180.335326 14446.760721
16.000000 19799.222034 3380.491350 19221.270435
17.000000 20669.510906 2309.017824 20107.509862
18.000000 16533.219272 1302.703660 15891.792016
19.000000 11926.510249 892.335295 11273.876512
20.000000 8873.199915 936.148047 8266.161348
21.000000 7163.169535 920.657111 6606.346449
22.000000 4876.778571 722.631185 4424.373040
23.000000 4465.309958 593.957713 3997.516222
24.000000 3902.920328 480.591341 3493.001608
25.000000 3891.028648 380.796924 3504.920893
26.000000 3648.856339 311.658954 3289.468826
27.000000 3165.349048 237.557633 2848.500018
28.000000 2941.080370 185.465922 2620.752503
29.000000 2893.296388 166.166757 2574.161869
30.000000 2519.698905 163.006766 2238.331335
31.000000 2612.900511 150.485279 2301.108445
32.000000 2249.001596 155.136763 1956.054632
33.000000 2153.047123 165.843814 1883.571267
34.000000 1882.065816 135.228607 1617.943230
35.000000 1709.284141 143.475330 1464.766672
36.000000 1375.141477 118.977592 1153.050358
37.000000 1316.802224 96.734825 1113.230838
38.000000 1258.466403 94.183054 1047.088842
39.000000 970.553506 85.555460 787.578846
40.000000 884.699255 70.360795 721.477157
41.000000 900.836518 66.010341 737.156333
42.000000 797.485382 49.510276 644.295856
43.000000 692.076224 48.174390 550.816535
44.000000 643.907276 43.669544 499.075653
45.000000 559.795394 43.044893 434.654279
46.000000 596.586709 45.235177 470.414806
47.000000 512.957031 47.883273 392.939091
48.000000 501.662129 47.810818 384.470215
49.000000 429.071052 46.562519 324.133076
50.000000 437.080924 42.730562 328.836890
51.000000 428.890857 40.923500 326.770660
52.000000 411.281466 36.140921 309.486985
53.000000 414.712411 41.005598 319.835965
54.000000 371.482194 39.611125 281.568823