0.000000 0.000000 0.000000 0.000000
1.000000 476.448597 237.387292 476.223661
2.000000 1578.223092 814.821260 1576.351987
3.000000 4074.930591 1867.667420 4066.294152
4.000000 9212.341427 3686.604429 9185.557865
5.000000 15867.154482 5552.983203 15823.465372
6.000000 25337.733208 7228.736493 25253.900479
7.000000 33753.126997 6727.242006 33470.538992
8.000000 22611.760706 4143.839185 21520.650661
9.000000 19613.590537 4155.982464 18453.043490
10.000000 17883.766487 3906.082890 16852.382476
11.000000 12595.123258 2985.605827 11345.092717
12.000000 10828.767068 2673.718397 9818.930068
13.000000 11231.392184 2634.458481 10354.897569
14.000000 12199.951668 2789.014135 11420.009353
15.000000 14955.522017 3441.081597 14251.054582
16.000000 18533.352637 3936.340249 17960.237510
17.000000 18754.235663 3504.695408 18224.058312
18.000000 18709.592794 3294.710165 18070.196001
19.000000 16306.905862 2796.979935 15575.580861
20.000000 13853.367518 2505.776824 13155.928329
21.000000 12957.611581 2372.495668 12276.300491
22.000000 11883.492500 2294.530216 11198.766592
23.000000 10689.106136 2066.273112 9986.523682
24.000000 10175.137586 2047.180627 9421.788554
25.000000 10147.259858 2034.266026 9396.176284
26.000000 8969.047985 2069.572761 8242.691657
27.000000 9591.818964 2327.715226 8862.141412
28.000000 10134.098394 2490.133465 9355.382797
29.000000 11040.533617 2724.750076 10246.393835
30.000000 13216.774609 3092.325958 12287.698334
31.000000 14127.059267 3293.574922 13212.658756
32.000000 15579.771413 3461.768625 14671.836489
33.000000 16752.136808 3376.983784 15660.490075
34.000000 18705.982475 3781.206776 17512.893929
35.000000 22560.256056 4776.606388 21409.292792
36.000000 24973.870957 5222.474172 23737.700619
37.000000 27100.509629 5675.998955 25492.362493
38.000000 26097.900806 5097.509720 24015.932503
39.000000 21252.230164 4480.144786 19302.395590
40.000000 19171.718016 4138.543510 17428.918134
41.000000 21188.719383 4320.999179 19467.341250
42.000000 23677.728147 4723.254355 21881.364978
43.000000 25196.874230 4943.032675 23580.512449
44.000000 24023.171889 4764.093999 22046.249580
45.000000 24437.703270 4686.911614 22167.838398
46.000000 23946.323050 4541.349695 21644.600145
47.000000 24348.375711 4597.897078 21993.664071
48.000000 24397.270764 4597.014122 22014.155103
49.000000 24477.320524 4726.731930 22021.430049
50.000000 24030.896873 4526.654949 21485.086562
51.000000 25244.617065 4666.030440 22431.128454
52.000000 24432.772562 4010.440869 21489.362857
53.000000 24269.072093 2897.278129 20946.730269
54.000000 23248.696712 1996.609014 19559.884415