0.000000 0.000000 0.000000 0.000000
1.000000 479.981690 238.972794 479.754069
2.000000 1579.970388 816.316304 1578.086004
3.000000 4100.598222 1871.156099 4091.898838
4.000000 9231.579789 3684.009033 9204.877084
5.000000 15895.498934 5588.305065 15851.358272
6.000000 25726.038190 7313.995574 25640.639597
7.000000 33641.934335 6675.532741 33355.168843
8.000000 22334.702339 4147.496070 21219.198567
9.000000 19719.354977 4208.224695 18579.724243
10.000000 18081.730901 3963.942386 17016.260112
11.000000 12665.899505 3019.359631 11389.755367
12.000000 11030.501606 2707.213603 10031.611962
13.000000 11157.914160 2617.129407 10302.236887
14.000000 12221.604205 2783.525651 11453.010464
15.000000 14570.691670 3320.072022 13896.468501
16.000000 17523.708419 3617.201110 16984.270014
17.000000 18899.479846 3359.615132 18380.807073
18.000000 17773.687978 3090.717805 17138.568356
19.000000 16531.013172 2768.406129 15818.020193
20.000000 14222.154253 2424.014461 13565.081553
21.000000 12706.113912 2256.979592 12064.590866
22.000000 11598.133197 2202.411816 10947.923770
23.000000 10528.232391 2291.136121 9843.675877
24.000000 9583.673624 2310.983732 8926.691121
25.000000 9086.282200 2290.881703 8409.120049
26.000000 9662.109231 2431.256274 8973.489640
27.000000 10118.681216 2577.305006 9421.247493
28.000000 11094.205131 2816.784250 10325.224078
29.000000 11908.778824 3060.984593 11103.545624
30.000000 12759.482640 3343.726906 11900.896198
31.000000 14396.323825 3734.794637 13505.608231
32.000000 16510.090420 4026.887686 15560.261908
33.000000 17755.580745 4160.840205 16724.132042
34.000000 19281.140447 4092.319379 18098.889517
35.000000 20569.234203 4342.793738 19390.541205
36.000000 23452.782705 5135.382556 22194.088362
37.000000 25785.257926 5620.568869 24399.590470
38.000000 26329.170943 5814.490578 24738.250638
39.000000 25180.135442 5387.107665 23299.296632
40.000000 22114.977783 4845.957726 20098.439959
41.000000 22418.433017 4928.845455 20380.609048
42.000000 25578.751971 5320.800752 23624.778765
43.000000 28908.485245 5911.203337 26973.829323
44.000000 29979.131855 6187.600817 27935.447156
45.000000 29577.637524 6033.806784 27266.718313
46.000000 29794.697653 6010.817549 27187.653499
47.000000 29548.996643 5882.789851 26848.166634
48.000000 29919.408107 6013.403719 27025.762553
49.000000 29023.353172 5936.405373 25871.108476
50.000000 28901.413003 5627.218680 25459.098680
51.000000 27648.384774 5327.808409 23855.546593
52.000000 26779.485912 4231.129897 22582.115113
53.000000 25778.209650 3112.729318 21040.792836
54.000000 26371.380689 2627.488271 21319.800096