0.000000 0.000000 0.000000 0.000000
1.000000 476.640375 237.572070 476.415206
2.000000 1580.029482 815.596184 1578.156757
3.000000 4076.408285 1866.420296 4067.774727
4.000000 9201.655766 3682.315296 9174.894927
5.000000 15775.235728 5554.781572 15731.730213
6.000000 25602.047609 7299.549746 25516.803930
7.000000 33829.807783 6788.947818 33544.004124
8.000000 22688.054277 4150.065855 21597.461844
9.000000 19743.120491 4183.903703 18566.919623
10.000000 17945.182287 3937.593035 16909.489968
11.000000 12734.913775 3012.152682 11471.096521
12.000000 11117.545653 2722.903983 10115.295881
13.000000 11143.953967 2620.042827 10282.550242
14.000000 12046.917298 2740.830217 11275.759924
15.000000 14486.671848 3312.955000 13799.257113
16.000000 17834.712144 3745.016614 17279.729324
17.000000 19225.740417 3466.937664 18707.053710
18.000000 18377.700915 3097.817790 17772.586679
19.000000 16648.053874 2781.159000 15957.640212
20.000000 14678.869081 2505.057563 14024.646395
21.000000 13221.170479 2373.495017 12566.232746
22.000000 11709.940939 2234.881505 11002.447069
23.000000 9923.349176 2157.418189 9269.075873
24.000000 9796.582912 2225.987918 9145.845727
25.000000 8834.765267 2200.164180 8185.975490
26.000000 9146.393321 2262.638762 8487.280890
27.000000 9612.952740 2401.342346 8915.575528
28.000000 10777.091298 2716.345452 9986.913082
29.000000 12051.327566 2978.897651 11206.655731
30.000000 12381.907714 3173.212144 11576.014629
31.000000 13427.092701 3448.676074 12651.246665
32.000000 16337.391249 3850.372237 15431.900769
33.000000 17456.817286 3817.010214 16408.681344
34.000000 18925.632533 3917.279947 17698.654654
35.000000 22490.853782 4700.006279 21270.594146
36.000000 25818.065681 5535.182272 24515.362758
37.000000 28308.314608 5996.267993 26875.760886
38.000000 28410.703702 5985.030059 26535.928080
39.000000 25122.257693 5274.260598 22850.459963
40.000000 22733.731101 4881.449504 20729.470059
41.000000 23571.351206 5015.373467 21651.998539
42.000000 28551.913404 5715.856399 26558.565821
43.000000 28983.543122 5881.103047 27071.918683
44.000000 28575.145120 5786.437684 26397.079063
45.000000 27633.148705 5551.607577 25105.962103
46.000000 27764.688689 5539.567384 25072.586254
47.000000 26339.533494 5336.592181 23699.995361
48.000000 27487.708271 5591.248713 24693.766217
49.000000 26701.079016 5258.859386 23712.830801
50.000000 27364.539298 5327.774667 24173.826451
51.000000 28112.251964 4992.442172 24689.218837
52.000000 26833.659541 3786.102391 23078.581997
53.000000 25781.135509 2782.023992 21710.901679
54.000000 27144.824661 2157.958925 22380.806104