0.000000 0.000000 0.000000 0.000000
1.000000 476.587386 237.477701 476.362332
2.000000 1578.831487 815.006438 1576.960576
3.000000 4100.971626 1868.492033 4092.322088
4.000000 9269.937805 3696.491386 9243.003287
5.000000 16004.990730 5636.783716 15960.494027
6.000000 25593.256821 7278.781407 25508.871710
7.000000 33341.230244 6700.845893 33053.331780
8.000000 22537.130522 4167.791258 21446.494227
9.000000 19430.711067 4141.982358 18298.303444
10.000000 17497.554048 3872.869303 16476.639679
11.000000 12369.031754 2950.579868 11116.788780
12.000000 10936.425292 2700.043025 9943.465561
13.000000 11199.045462 2635.505667 10358.695471
14.000000 12269.294160 2792.281830 11488.350450
15.000000 14869.094983 3400.066250 14162.909350
16.000000 18475.985601 3858.973259 17906.256838
17.000000 18885.829272 3473.412152 18360.655114
18.000000 17596.232507 3110.895375 16974.376552
19.000000 16220.761513 2783.909260 15505.821295
20.000000 14833.122854 2577.005123 14162.137377
21.000000 12862.093678 2314.583157 12189.450134
22.000000 11779.729507 2294.608229 11091.649378
23.000000 11483.923970 2248.994616 10773.865976
24.000000 9855.713308 2090.196474 9129.698423
25.000000 9212.096078 2158.499691 8504.580450
26.000000 9790.754577 2242.999118 9041.785691
27.000000 10337.701078 2450.925043 9573.090669
28.000000 10414.381510 2568.734357 9620.981391
29.000000 11504.285496 2821.927609 10683.514100
30.000000 13068.799578 3234.318384 12223.363875
31.000000 14036.409047 3427.464675 13207.770511
32.000000 16544.012780 3712.812251 15533.184938
33.000000 16808.006323 3525.341470 15758.673390
34.000000 18785.433440 3809.573707 17599.948729
35.000000 21816.847303 4626.350643 20691.502579
36.000000 25575.499848 5643.499444 24306.423271
37.000000 27741.131196 5902.024959 26273.377791
38.000000 26094.682600 5423.104312 24159.456664
39.000000 22361.810205 4799.195098 20247.386290
40.000000 21246.443907 4570.618790 19313.826378
41.000000 23077.360810 4766.271500 21166.597848
42.000000 26216.134198 5253.507824 24516.397173
43.000000 28047.204099 5555.108366 26124.458409
44.000000 27171.546582 5415.618160 24869.417494
45.000000 27709.165763 5364.181170 25128.525874
46.000000 27008.874351 5228.904962 24402.781545
47.000000 26922.137808 5231.901962 24273.620340
48.000000 26025.927609 5292.930865 23351.987931
49.000000 26636.439770 5113.691996 23779.466372
50.000000 26382.459050 5093.753219 23359.451774
51.000000 26113.421118 4654.642946 22922.841159
52.000000 25007.463490 3393.659856 21495.564665
53.000000 24646.903030 2463.576081 20874.853287
54.000000 26592.525997 2012.933011 22222.164077