0.000000 0.000000 0.000000 0.000000
1.000000 480.520788 239.515254 480.292778
2.000000 1588.144738 820.916773 1586.245669
3.000000 4120.470451 1877.251028 4111.717365
4.000000 9393.995093 3720.825706 9366.808288
5.000000 15949.234675 5606.779604 15905.073296
6.000000 25903.252127 7395.637437 25817.667132
7.000000 33089.068096 6770.706224 32797.771000
8.000000 22676.838252 4192.083114 21576.398692
9.000000 19632.281451 4247.040779 18468.791336
10.000000 18529.997300 4400.845786 17472.481108
11.000000 13087.723422 3444.025042 11832.706114
12.000000 11217.548212 2863.185990 10221.168441
13.000000 11175.678174 2541.010042 10320.061925
14.000000 12252.773727 2607.608492 11477.930996
15.000000 14322.068500 3080.442521 13639.458262
16.000000 19092.439694 3456.698855 18536.896032
17.000000 20389.949262 2629.915209 19855.379794
18.000000 17665.179404 2052.428779 17009.761213
19.000000 14866.091322 1556.951486 14132.732479
20.000000 10678.857360 1424.585975 10069.494593
21.000000 7878.403692 1274.220451 7315.853779
22.000000 6332.202148 1068.125542 5821.669692
23.000000 4951.549209 926.445103 4486.374897
24.000000 4022.853771 796.357425 3600.429726
25.000000 3882.062885 721.298858 3445.798351
26.000000 3464.677804 681.988213 3066.278461
27.000000 3188.743806 670.356512 2816.042916
28.000000 3055.138786 634.465995 2698.541008
29.000000 2923.622801 641.259863 2572.744759
30.000000 3140.694765 722.547443 2780.350038
31.000000 2714.650960 711.152857 2375.093256
32.000000 2767.956839 788.798980 2451.285641
33.000000 3101.516161 971.124080 2799.167485
34.000000 3742.841521 1181.360358 3415.616802
35.000000 4005.953538 1331.892528 3728.167347
36.000000 5028.839069 1630.019955 4729.431436
37.000000 6133.855936 1950.527234 5827.803660
38.000000 7595.767856 2349.420615 7272.754160
39.000000 10077.207707 3016.338498 9684.719660
40.000000 13169.236509 3809.314390 12722.891971
41.000000 18205.366942 5036.368357 17638.164187
42.000000 23353.838970 6251.673050 22640.681911
43.000000 24108.828951 5858.975163 23030.578967
44.000000 23313.896620 4997.149012 21681.302514
45.000000 23428.521343 4957.205136 21506.665175
46.000000 22135.581775 4963.437336 20033.743165
47.000000 20035.097863 4795.064821 17988.392646
48.000000 22081.964806 5036.176240 20200.271815
49.000000 23559.620380 5337.063966 21925.675008
50.000000 25986.306435 5917.482383 24083.674372
51.000000 26134.350066 5997.287035 23729.881289
52.000000 28174.484689 6459.381425 25768.459047
53.000000 32447.223774 7336.702747 29876.343496
54.000000 34569.904689 7798.608569 32014.945483