0.000000 0.000000 0.000000 0.000000
1.000000 476.506926 237.839618 476.281989
2.000000 1587.955389 820.734444 1586.058459
3.000000 4149.302018 1884.463876 4140.486362
4.000000 9337.648714 3713.539912 9310.717484
5.000000 16157.120176 5907.127341 16115.249219
6.000000 26923.834525 8195.758547 26841.393820
7.000000 32623.561476 7140.713668 32321.653182
8.000000 23124.557794 4593.789622 22049.043298
9.000000 20841.844374 4935.162557 19669.889348
10.000000 18341.184231 4712.999480 17301.821103
11.000000 12731.269102 3370.223725 11481.800231
12.000000 11536.765898 2840.269864 10535.003684
13.000000 11151.603080 2507.641061 10302.446997
14.000000 12091.103150 2672.853470 11291.172735
15.000000 15274.712090 3181.167455 14545.071682
16.000000 20730.660721 3365.062319 20127.851428
17.000000 20977.433012 2218.954203 20391.671729
18.000000 16018.867335 967.471500 15335.052386
19.000000 11918.824723 543.297603 11248.703028
20.000000 8739.807395 468.664557 8148.604148
21.000000 5686.959492 463.309371 5200.660136
22.000000 4617.326729 372.236299 4148.959613
23.000000 3943.702555 276.326915 3519.626314
24.000000 3809.422038 246.925813 3408.813089
25.000000 3706.000392 190.277186 3334.433378
26.000000 3242.285167 175.519397 2900.663915
27.000000 3455.293700 153.411588 3123.245295
28.000000 3606.698372 152.310953 3288.353906
29.000000 3305.490292 147.218591 3002.127275
30.000000 2691.716542 132.658517 2407.718744
31.000000 2578.076490 138.675178 2279.166671
32.000000 2088.847829 129.738766 1816.722919
33.000000 1653.227612 117.529592 1389.200866
34.000000 1324.459565 99.995409 1091.310519
35.000000 1298.442923 91.616538 1064.385942
36.000000 1080.791001 91.992614 869.014854
37.000000 938.298032 76.656596 748.115787
38.000000 867.895952 66.663794 682.654158
39.000000 865.398345 61.892220 681.213780
40.000000 753.820809 68.041714 599.886876
41.000000 682.882417 47.999683 532.201936
42.000000 631.823398 47.952838 487.468927
43.000000 566.306100 47.627518 431.362188
44.000000 559.867077 49.363015 429.009126
45.000000 551.665274 49.790336 423.286725
46.000000 497.368245 45.534594 383.493907
47.000000 472.077529 40.926096 359.691761
48.000000 411.980058 38.292553 305.323723
49.000000 423.205601 34.628007 316.053045
50.000000 405.971308 32.917298 300.225406
51.000000 381.000337 35.740653 283.458056
52.000000 403.733931 36.440066 305.672585
53.000000 391.465221 34.037739 294.912461
54.000000 376.665556 32.041045 286.715384