0.000000 0.000000 0.000000 0.000000
1.000000 476.502678 237.338077 476.277772
2.000000 1580.414837 816.541936 1578.541531
3.000000 4073.045884 1865.262945 4064.423141
4.000000 9247.624301 3689.735035 9220.780735
5.000000 16038.584524 5599.785379 15994.380137
6.000000 25555.602735 7274.853967 25470.434670
7.000000 33259.070695 6689.835394 32977.205555
8.000000 23136.093312 4208.939220 22031.473954
9.000000 19750.874754 4175.868605 18594.738604
10.000000 17992.689963 3936.962967 16963.467726
11.000000 12670.721726 2990.856675 11397.496165
12.000000 11111.258716 2719.569989 10108.967441
13.000000 11168.362852 2640.901654 10306.999740
14.000000 12345.182153 2847.213682 11562.734688
15.000000 15180.547398 3508.335866 14479.001346
16.000000 19510.324759 4167.311129 18928.016159
17.000000 19825.021900 3647.822280 19281.513088
18.000000 19846.032985 3476.527188 19125.169937
19.000000 17043.416955 2891.045817 16284.872850
20.000000 15396.586611 2685.935207 14666.273908
21.000000 13548.252463 2453.565039 12793.166588
22.000000 11526.572849 2133.632145 10818.641371
23.000000 10821.413454 2091.417279 10044.449692
24.000000 9978.486712 1890.721519 9200.806332
25.000000 9426.950247 1974.962525 8670.261610
26.000000 8860.878498 2045.304945 8146.701588
27.000000 10055.576740 2321.231286 9239.754283
28.000000 9466.624513 2322.346977 8684.798170
29.000000 10815.761688 2586.754247 10014.651114
30.000000 12149.323182 2820.260927 11302.879769
31.000000 13728.062959 3080.244183 12822.230078
32.000000 14613.644390 3072.888891 13624.144207
33.000000 15534.321891 3139.512317 14485.739513
34.000000 19084.847956 3969.189717 17992.424558
35.000000 23000.268900 5077.349424 21857.211971
36.000000 25086.404616 5580.041216 23766.543416
37.000000 25981.813588 5424.603611 24274.545449
38.000000 24124.631671 4884.243684 21934.691081
39.000000 21955.736606 4477.325394 20009.444045
40.000000 19559.039461 4044.480054 17844.636770
41.000000 20519.182709 4208.628659 18816.629770
42.000000 24091.651224 4753.703142 22519.981136
43.000000 24606.657792 4861.582443 22706.277719
44.000000 24047.175585 4681.579035 21908.144092
45.000000 23207.740885 4494.955160 20952.769652
46.000000 23561.970915 4468.074576 21279.949086
47.000000 23987.730879 4453.539742 21652.219691
48.000000 24148.547931 4505.168770 21816.814886
49.000000 23549.938302 4433.176761 21150.609478
50.000000 24123.339778 4441.092641 21586.514022
51.000000 24619.175038 4428.647403 21875.191366
52.000000 24638.296849 3678.916609 21712.113383
53.000000 23375.275603 2485.452974 20379.285208
54.000000 23311.741395 1691.763344 19998.299207