0.000000 0.000000 0.000000 0.000000
1.000000 476.514727 237.431588 476.289733
2.000000 1577.698112 814.316869 1575.829282
3.000000 4072.258862 1866.471015 4063.635052
4.000000 9171.292370 3679.581419 9144.648064
5.000000 15646.777781 5518.683315 15603.674462
6.000000 25550.105965 7271.153279 25465.000326
7.000000 33701.456567 6748.760417 33414.267521
8.000000 22641.546614 4176.143284 21537.163218
9.000000 20573.725675 4288.858270 19405.278394
10.000000 18109.405409 3948.444359 17065.215773
11.000000 12583.053951 2985.041416 11338.988612
12.000000 10827.603093 2663.934344 9840.179553
13.000000 11360.384962 2667.810886 10489.388777
14.000000 12308.942203 2820.256189 11518.665656
15.000000 14932.751038 3421.003503 14234.455637
16.000000 18900.563893 3949.179821 18313.001538
17.000000 18086.174367 3375.785233 17564.198593
18.000000 17884.437922 3179.487240 17240.024409
19.000000 16317.453394 2800.041603 15615.892408
20.000000 14777.150353 2603.617783 14094.403553
21.000000 13270.359180 2432.827976 12579.285487
22.000000 10914.467047 2191.885076 10257.194683
23.000000 11944.795442 2253.580898 11205.101453
24.000000 10137.533419 2123.952299 9404.071419
25.000000 8300.485890 1901.530462 7603.558631
26.000000 9452.803789 2160.781524 8717.921740
27.000000 9898.299367 2397.570927 9167.248025
28.000000 10714.019939 2608.074785 9900.258960
29.000000 11492.887831 2831.096717 10673.020557
30.000000 13283.570000 3193.681022 12431.432564
31.000000 14721.748174 3478.934092 13839.083463
32.000000 16421.343939 3587.787529 15416.467461
33.000000 16661.107109 3386.014409 15558.824666
34.000000 18747.770165 3797.494117 17597.567084
35.000000 21596.120157 4565.158279 20472.625603
36.000000 24320.021684 5272.635099 23037.402965
37.000000 27348.493793 5779.256055 25777.906387
38.000000 25094.613365 5141.726115 23126.400060
39.000000 22321.838640 4713.725181 20291.527319
40.000000 20831.962106 4377.461068 18983.752495
41.000000 21539.206340 4425.573494 19790.030816
42.000000 25209.952056 5031.752247 23363.977535
43.000000 27337.653463 5378.694824 25452.306332
44.000000 27533.485493 5322.078644 25293.501333
45.000000 26248.925123 5066.867771 23810.978640
46.000000 26624.815629 5122.006705 24013.708263
47.000000 25708.870727 4999.716501 23142.577786
48.000000 26049.520641 5195.167615 23358.459159
49.000000 25471.115830 4993.799369 22623.464945
50.000000 26434.105166 5088.558662 23321.044906
51.000000 26378.436811 4624.586160 23201.159013
52.000000 25483.447449 3438.638133 22104.636824
53.000000 24293.491902 2329.586436 20663.375057
54.000000 26664.895609 1858.734999 22473.811469