0.000000 0.000000 0.000000 0.000000
1.000000 476.744613 237.619508 476.519386
2.000000 1580.406139 815.833845 1578.532720
3.000000 4079.429682 1866.664769 4070.795212
4.000000 9231.416203 3690.761847 9204.558908
5.000000 15851.541744 5572.115134 15807.565693
6.000000 25582.107381 7281.260158 25497.221973
7.000000 33694.337215 6761.920237 33408.239171
8.000000 22884.430757 4168.636946 21787.174587
9.000000 19732.460535 4161.627304 18564.605471
10.000000 17930.623469 3927.584506 16874.571885
11.000000 12798.836780 3019.001869 11530.141265
12.000000 11102.590181 2724.805049 10096.632402
13.000000 10977.808769 2590.477384 10137.867733
14.000000 12168.450298 2766.956581 11398.154418
15.000000 14530.120770 3308.948609 13850.688009
16.000000 17852.758475 3725.054680 17300.429959
17.000000 18629.627631 3360.701493 18114.667104
18.000000 17453.784096 3064.177994 16855.445927
19.000000 16691.915467 2750.120156 16008.406394
20.000000 14536.515389 2488.782703 13876.284467
21.000000 13580.488216 2414.137909 12918.024319
22.000000 11259.301543 2197.921669 10616.768974
23.000000 10036.931788 2227.899934 9420.703175
24.000000 9776.878447 2284.032008 9112.786436
25.000000 9452.200744 2274.807773 8793.488137
26.000000 9619.345768 2402.705899 8941.930503
27.000000 10150.780862 2550.115920 9456.700951
28.000000 10335.425129 2633.103213 9609.625002
29.000000 11669.426606 2984.307704 10865.048447
30.000000 12488.141964 3219.917206 11705.242864
31.000000 14446.459156 3629.111528 13612.886166
32.000000 16492.531834 3917.105217 15591.761524
33.000000 18290.478010 3990.103902 17178.978418
34.000000 19078.079493 3928.953434 17837.921425
35.000000 21534.782017 4528.848023 20261.973161
36.000000 25601.498854 5505.644006 24317.225050
37.000000 26919.925481 5839.919550 25505.829097
38.000000 27426.557659 5806.868159 25745.663734
39.000000 25886.636671 5451.035880 23882.752628
40.000000 22546.550504 4901.432246 20565.399179
41.000000 23647.395444 5042.858333 21665.202631
42.000000 27775.374697 5566.280290 25832.591318
43.000000 30200.398612 6076.497913 28266.910017
44.000000 29109.413101 6069.772579 26762.714843
45.000000 29278.793506 5940.911558 26570.790279
46.000000 29523.092551 5971.104419 26712.453807
47.000000 27789.256337 5689.523724 24970.782148
48.000000 28626.550811 5891.927559 25649.611992
49.000000 29072.114410 5755.413301 25890.219562
50.000000 29325.222793 5787.320803 25870.327737
51.000000 28612.512527 4960.803842 24910.376717
52.000000 27713.343366 3797.400648 23806.654393
53.000000 26558.601824 2931.207046 22456.022007
54.000000 28351.989982 2038.888849 23586.815850