109171.741627 0.000000 0.000000
109589.197377 0.000000 12.203390
110425.023897 0.000000 24.406780
111680.979061 0.000000 36.610169
113360.000650 0.000000 48.813559
115465.303300 0.000000 61.016949
118001.948119 0.000000 73.220339
120974.728398 0.000000 85.423729
124390.806797 0.000000 97.627119
128256.553187 0.000000 109.830508
132581.290435 0.000000 122.033898
137372.945871 0.000000 134.237288
142643.079247 0.000000 146.440678
148401.139740 0.000000 158.644068
154661.004170 0.000000 170.847458
161433.584005 0.000000 183.050847
168735.140721 0.000000 195.254237
176577.946614 0.000000 207.457627
184980.672576 0.000000 219.661017
193956.775117 0.000000 231.864407
203527.263153 0.000000 244.067797
213706.471876 0.000000 256.271186
224517.484942 0.000000 268.474576
235974.977793 0.000000 280.677966
248103.490267 0.000000 292.881356
260917.083024 0.000000 305.084746
274440.486613 0.000000 317.288136
288685.439352 0.000000 329.491525
303674.443905 0.000000 341.694915
319413.834126 0.000000 353.898305
335919.404358 0.000000 366.101695
353186.481371 0.000000 378.305085
371215.967334 0.000000 390.508475
389981.912247 0.000000 402.711864
409455.436192 0.000000 414.915254
429570.345725 0.000000 427.118644
450240.828544 0.000000 439.322034
471325.262472 0.000000 451.525424
492631.245853 0.000000 463.728814
513876.512094 0.000000 475.932203
534671.667329 0.000000 488.135593
554474.895254 0.000000 500.338983
572539.743661 0.000000 512.542373
587859.870169 0.000000 524.745763
599073.898161 0.000000 536.949153
604414.455197 0.000000 549.152542
601609.247837 0.000000 561.355932
587947.927916 0.000000 573.559322
560400.410026 0.000000 585.762712
516177.198480 0.000000 597.966102
453542.306677 0.000000 610.169492
373225.152072 0.000000 622.372881
279696.541444 0.000000 634.576271
182023.007390 0.000000 646.779661
92952.471773 0.000000 658.983051
163933503.000019 0.000000 671.186441
-3294025.927442 -0.000000 683.389831
-11467027.222380 -0.000000 695.593220
-13706223.481555 -0.000000 707.796610
-13153980.980541 -0.000000 720.000000
-12921873.368948 -0.000000 732.203390
-12879715.191804 -0.000000 744.406780
-12886670.124383 -0.000000 756.610169
-12886496.363055 -0.000000 768.813559
-12828415.392313 -0.000000 781.016949
-12704574.720089 -0.000000 793.220339
-12614428.298778 -0.000000 805.423729
-12615453.677471 -0.000000 817.627119
-12701616.397061 -0.000000 829.830508
-12769581.756032 -0.000000 842.033898
-12787982.111904 -0.000000 854.237288
-12793078.495475 -0.000000 866.440678
-12794203.289264 -0.000000 878.644068
-12782659.399978 -0.000000 890.847458
-12763898.197973 -0.000000 903.050847
-12765328.265134 -0.000000 915.254237
-12782485.335160 -0.000000 927.457627
-12783113.125948 -0.000000 939.661017
-12769874.727183 -0.000000 951.864407
-12755111.345516 -0.000000 964.067797
-12726899.514911 -0.000000 976.271186
-12694489.699408 -0.000000 988.474576
-12660665.337596 -0.000000 1000.677966
-12623071.300358 -0.000000 1012.881356
-12583355.953164 -0.000000 1025.084746
-12531555.825495 -0.000000 1037.288136
-12460893.867900 -0.000000 1049.491525
-12370675.723369 -0.000000 1061.694915
-12260587.791829 -0.000000 1073.898305
-12140663.210017 -0.000000 1086.101695
-12018158.404676 -0.000000 1098.305085
-11894487.101034 -0.000000 1110.508475
-11772351.506254 -0.000000 1122.711864
-11653228.374679 -0.000000 1134.915254
-11537350.626660 -0.000000 1147.118644
-11422845.757340 -0.000000 1159.322034
-11306905.677014 -0.000000 1171.525424
-11186598.686933 -0.000000 1183.728814
-11060682.287321 -0.000000 1195.932203
-10929537.114295 -0.000000 1208.135593
-10795226.528116 -0.000000 1220.338983
-10659820.262051 -0.000000 1232.542373
-10525147.060302 -0.000000 1244.745763
-10391889.658971 -0.000000 1256.949153
-10260408.696983 -0.000000 1269.152542
-10130382.563527 -0.000000 1281.355932
-10001709.803216 -0.000000 1293.559322
-9873928.924023 -0.000000 1305.762712
-9746974.050624 -0.000000 1317.966102
-9620450.738525 -0.000000 1330.169492
-9494390.638546 -0.000000 1342.372881
-9368462.319097 -0.000000 1354.576271
-9242767.799028 -0.000000 1366.779661
-9116996.131252 -0.000000 1378.983051
-8991273.698911 -0.000000 1391.186441
-8865265.103763 -0.000000 1403.389831
-8739082.644770 -0.000000 1415.593220
-8612345.864793 -0.000000 1427.796610
-8485172.606284 -0.000000 1440.000000
-8357276.057184 -0.000000 1452.203390
-8229139.038789 -0.000000 1464.406780
-8101210.062486 -0.000000 1476.610169
-7974982.479248 -0.000000 1488.813559
-7851552.042514 -0.000000 1501.016949
-7731715.018084 -0.000000 1513.220339
-7614099.381942 -0.000000 1525.423729
-7496331.362600 -0.000000 1537.627119
-7375437.439191 -0.000000 1549.830508
-7250328.668314 -0.000000 1562.033898
-7121420.889584 -0.000000 1574.237288
-6990881.481367 -0.000000 1586.440678
-6860988.102662 -0.000000 1598.644068
-6734109.700968 -0.000000 1610.847458
-6611563.644189 -0.000000 1623.050847
-6493305.508790 -0.000000 1635.254237
-6377471.482943 -0.000000 1647.457627
-6261044.916780 -0.000000 1659.661017
-6141747.280410 -0.000000 1671.864407
-6018361.881862 -0.000000 1684.067797
-5891768.626664 -0.000000 1696.271186
-5762128.542464 -0.000000 1708.474576
-5630155.421138 -0.000000 1720.677966
-5493621.887393 -0.000000 1732.881356
-5350589.094289 -0.000000 1745.084746
-5195130.775344 -0.000000 1757.288136
-5020552.963550 -0.000000 1769.491525
-4814511.097883 -0.000000 1781.694915
-4559047.760383 -0.000000 1793.898305
-4227985.202790 -0.000000 1806.101695
-3777713.380478 -0.000000 1818.305085
-3153273.608425 -0.000000 1830.508475
-2260789.211564 -0.000000 1842.711864
-999005.472754 -0.000000 1854.915254
792767.021477 0.000000 1867.118644
3219932.054274 0.000000 1879.322034
6390030.164223 0.000000 1891.525424
10481935.419557 0.000000 1903.728814
13463716.820996 0.000000 1915.932203
13581134.915105 0.000000 1928.135593
14187114.557245 0.000000 1940.338983
9493343.587853 0.000000 1952.542373
-6852251.638459 -0.000000 1964.745763
-18178495.020625 -0.000000 1976.949153
-18328410.917879 -0.000000 1989.152542
-50670296.535268 -0.000000 2001.355932
-24834304.064914 -0.000000 2013.559322
-16568316.811856 -0.000000 2025.762712
-13975274.920158 -0.000000 2037.966102
-13712015.383266 -0.000000 2050.169492
-16203448.806173 -0.000000 2062.372881
-21563832.365120 -0.000000 2074.576271
-29935002.158595 -0.000000 2086.779661
-23842989.672217 -0.000000 2098.983051
-15245641.810155 -0.000000 2111.186441
-14445665.905962 -0.000000 2123.389831
-18456545.898931 -0.000000 2135.593220
-33306976.063662 -0.000000 2147.796610
-51007298.869023 -0.000000 2160.000000
-5288123.425391 -0.000000 2172.203390
-146344639.259349 -0.000000 2184.406780
-44635325.597788 -0.000000 2196.610169
-21256779.351799 -0.000000 2208.813559
-26176745.548469 -0.000000 2221.016949
-202838602.151533 -0.000000 2233.220339
-79121522.195616 -0.000000 2245.423729
7472064.056345 0.000000 2257.627119
9579266.951180 0.000000 2269.830508
7612495.756015 0.000000 2282.033898
4890063.820008 0.000000 2294.237288
1965812.329599 0.000000 2306.440678
-83775.272028 -0.000000 2318.644068
-804876.613021 -0.000000 2330.847458
-447042.727377 -0.000000 2343.050847
572553.221991 0.000000 2355.254237
1845121.146669 0.000000 2367.457627
3144872.740928 0.000000 2379.661017
4332194.591074 0.000000 2391.864407
5396354.366365 0.000000 2404.067797
6337570.948002 0.000000 2416.271186
7179511.338034 0.000000 2428.474576
7911131.752005 0.000000 2440.677966
8549376.421640 0.000000 2452.881356
9100835.443340 0.000000 2465.084746
9591747.766308 0.000000 2477.288136
10027052.831574 0.000000 2489.491525
10423263.639344 0.000000 2501.694915
10779498.415063 0.000000 2513.898305
11106822.613076 0.000000 2526.101695
11403185.195324 0.000000 2538.305085
11675713.830970 0.000000 2550.508475
11920157.461570 0.000000 2562.711864
12133909.181385 0.000000 2574.915254
12303978.681824 0.000000 2587.118644
12426056.774279 0.000000 2599.322034
12522245.128543 0.000000 2611.525424
12640205.757964 0.000000 2623.728814
12809378.071630 0.000000 2635.932203
13000677.154020 0.000000 2648.135593
13170583.747101 0.000000 2660.338983
13293728.121744 0.000000 2672.542373
13375031.746087 0.000000 2684.745763
13417552.340338 0.000000 2696.949153
13440735.751819 0.000000 2709.152542
13472652.212652 0.000000 2721.355932
13544905.000800 0.000000 2733.559322
13643234.436961 0.000000 2745.762712
13729171.246140 0.000000 2757.966102
13766486.182072 0.000000 2770.169492
13752690.792291 0.000000 2782.372881
13711798.453537 0.000000 2794.576271
13674787.564234 0.000000 2806.779661
13630161.719908 0.000000 2818.983051
13500107.445677 0.000000 2831.186441
13190381.889973 0.000000 2843.389831
12616721.017274 0.000000 2855.593220
11672934.162516 0.000000 2867.796610
10115157.904083 0.000000 2880.000000
7591968.267986 0.000000 2892.203390
4005884.485563 0.000000 2904.406780
573401.803908 0.000000 2916.610169
260541.098166 0.000000 2928.813559
7941600.888041 0.000000 2941.016949
22865364.014406 0.000000 2953.220339
30412195.381896 0.000000 2965.423729
30209915.309559 0.000000 2977.627119
30413679.782858 0.000000 2989.830508
30864350.976724 0.000000 3002.033898
31015213.933825 0.000000 3014.237288
31091679.389084 0.000000 3026.440678
30656976.649679 0.000000 3038.644068
30230247.889430 0.000000 3050.847458
30105460.842050 0.000000 3063.050847
29719236.398637 0.000000 3075.254237
29394579.938216 0.000000 3087.457627
29126687.126026 0.000000 3099.661017
28886815.644069 0.000000 3111.864407
28724010.365478 0.000000 3124.067797
28592166.153400 0.000000 3136.271186
28482334.601422 0.000000 3148.474576
28378438.868014 0.000000 3160.677966
28281015.914571 0.000000 3172.881356
28187766.447410 0.000000 3185.084746
28117957.699117 0.000000 3197.288136
28088524.614804 0.000000 3209.491525
28140107.485980 0.000000 3221.694915
28299525.630362 0.000000 3233.898305
28703247.509931 0.000000 3246.101695
29120268.254782 0.000000 3258.305085
28996714.333928 0.000000 3270.508475
30047780.264550 0.000000 3282.711864
32813229.394653 0.000000 3294.915254
34050693.474967 0.000000 3307.118644
33201342.451271 0.000000 3319.322034
31372357.692784 0.000000 3331.525424
29191925.466026 0.000000 3343.728814
27796655.660182 0.000000 3355.932203
25166456.177760 0.000000 3368.135593
-95100.155430 -0.000000 3380.338983
14794022.365896 0.000000 3392.542373
30005.444778 0.000000 3404.745763
50977.535394 0.000000 3416.949153
72077.760614 0.000000 3429.152542
91936.428966 0.000000 3441.355932
110473.624260 0.000000 3453.559322
127143.007724 0.000000 3465.762712
141818.537673 0.000000 3477.966102
154402.584305 0.000000 3490.169492
164980.822553 0.000000 3502.372881
173688.951712 0.000000 3514.576271
180726.707670 0.000000 3526.779661
186297.583131 0.000000 3538.983051
190605.045961 0.000000 3551.186441
193825.779042 0.000000 3563.389831
196109.455418 0.000000 3575.593220
197568.275599 0.000000 3587.796610
198278.753584 0.000000 3600.000000
