16164.657160 0.000000 0.000000
16177.561872 0.000000 12.203390
16203.313725 0.000000 24.406780
16242.076156 0.000000 36.610169
16293.826675 0.000000 48.813559
16358.644974 0.000000 61.016949
16436.600420 0.000000 73.220339
16527.792689 0.000000 85.423729
16632.322171 0.000000 97.627119
16750.313600 0.000000 109.830508
16881.889452 0.000000 122.033898
17027.197207 0.000000 134.237288
17186.376737 0.000000 146.440678
17359.594098 0.000000 158.644068
17547.001486 0.000000 170.847458
17748.779926 0.000000 183.050847
17965.089711 0.000000 195.254237
18196.123853 0.000000 207.457627
18442.047230 0.000000 219.661017
18703.062585 0.000000 231.864407
18979.336708 0.000000 244.067797
19271.081248 0.000000 256.271186
19578.463306 0.000000 268.474576
19901.703762 0.000000 280.677966
20240.970167 0.000000 292.881356
20596.494374 0.000000 305.084746
20968.444962 0.000000 317.288136
21357.068361 0.000000 329.491525
21762.536322 0.000000 341.694915
22185.114688 0.000000 353.898305
22624.982628 0.000000 366.101695
23082.431473 0.000000 378.305085
23557.652011 0.000000 390.508475
24050.969641 0.000000 402.711864
24562.592796 0.000000 414.915254
25092.889547 0.000000 427.118644
25642.093651 0.000000 439.322034
26210.626555 0.000000 451.525424
26798.754275 0.000000 463.728814
27406.963974 0.000000 475.932203
28035.562138 0.000000 488.135593
28685.113176 0.000000 500.338983
29355.973030 0.000000 512.542373
30048.796373 0.000000 524.745763
30763.995971 0.000000 536.949153
31502.330517 0.000000 549.152542
32264.277436 0.000000 561.355932
33050.711253 0.000000 573.559322
33862.181135 0.000000 585.762712
34699.692005 0.000000 597.966102
35563.870142 0.000000 610.169492
36455.863296 0.000000 622.372881
37376.381154 0.000000 634.576271
38326.728093 0.000000 646.779661
39307.701732 0.000000 658.983051
40320.778299 0.000000 671.186441
41366.848408 0.000000 683.389831
42447.575795 0.000000 695.593220
43563.949768 0.000000 707.796610
44717.840107 0.000000 720.000000
45910.340965 0.000000 732.203390
47143.549621 0.000000 744.406780
48418.672351 0.000000 756.610169
49738.057714 0.000000 768.813559
51103.033926 0.000000 781.016949
52516.229069 0.000000 793.220339
53979.103150 0.000000 805.423729
55494.597502 0.000000 817.627119
57064.316586 0.000000 829.830508
58691.550061 0.000000 842.033898
60378.060726 0.000000 854.237288
62127.528966 0.000000 866.440678
63941.890032 0.000000 878.644068
65825.260215 0.000000 890.847458
67779.761054 0.000000 903.050847
69809.994822 0.000000 915.254237
71918.282310 0.000000 927.457627
74109.762705 0.000000 939.661017
76386.966368 0.000000 951.864407
78755.623756 0.000000 964.067797
81218.479491 0.000000 976.271186
83781.909962 0.000000 988.474576
86448.869922 0.000000 1000.677966
89226.434584 0.000000 1012.881356
92117.757076 0.000000 1025.084746
95130.661143 0.000000 1037.288136
98268.469482 0.000000 1049.491525
101539.797836 0.000000 1061.694915
104948.094805 0.000000 1073.898305
108502.804939 0.000000 1086.101695
112207.435597 0.000000 1098.305085
116072.285608 0.000000 1110.508475
120100.830772 0.000000 1122.711864
124304.238115 0.000000 1134.915254
128685.830736 0.000000 1147.118644
133257.642103 0.000000 1159.322034
138022.689623 0.000000 1171.525424
142993.857069 0.000000 1183.728814
148173.666157 0.000000 1195.932203
153575.818997 0.000000 1208.135593
159202.114290 0.000000 1220.338983
165067.023770 0.000000 1232.542373
171171.356470 0.000000 1244.745763
177530.297464 0.000000 1256.949153
184143.361730 0.000000 1269.152542
191026.383115 0.000000 1281.355932
198177.246023 0.000000 1293.559322
205612.376313 0.000000 1305.762712
213327.663167 0.000000 1317.966102
221340.086919 0.000000 1330.169492
229643.160367 0.000000 1342.372881
238254.418508 0.000000 1354.576271
247164.609865 0.000000 1366.779661
256391.883853 0.000000 1378.983051
265923.833221 0.000000 1391.186441
275779.373275 0.000000 1403.389831
285942.536570 0.000000 1415.593220
296433.259170 0.000000 1427.796610
307231.570971 0.000000 1440.000000
318358.807163 0.000000 1452.203390
329790.413438 0.000000 1464.406780
341549.624431 0.000000 1476.610169
353606.402222 0.000000 1488.813559
365986.456161 0.000000 1501.016949
378652.677941 0.000000 1513.220339
391633.808397 0.000000 1525.423729
404882.723039 0.000000 1537.627119
418431.521120 0.000000 1549.830508
432217.517191 0.000000 1562.033898
446275.906847 0.000000 1574.237288
460518.084693 0.000000 1586.440678
474980.875461 0.000000 1598.644068
489530.551526 0.000000 1610.847458
504202.062970 0.000000 1623.050847
518781.335557 0.000000 1635.254237
533295.369910 0.000000 1647.457627
547386.115310 0.000000 1659.661017
561066.986883 0.000000 1671.864407
573725.052628 0.000000 1684.067797
585375.518850 0.000000 1696.271186
594975.138111 0.000000 1708.474576
602670.761188 0.000000 1720.677966
606783.253155 0.000000 1732.881356
608179.215469 0.000000 1745.084746
604497.483754 0.000000 1757.288136
599161.100244 0.000000 1769.491525
589094.941218 0.000000 1781.694915
583465.573504 0.000000 1793.898305
578443.046178 0.000000 1806.101695
587012.082385 0.000000 1818.305085
704692.259310 0.000000 1830.508475
1743988.333859 0.000000 1842.711864
25643284.838050 0.000000 1854.915254
1570237919.881758 0.000000 1867.118644
-237678.803742 -0.000000 1879.322034
-3357177.585601 -0.000000 1891.525424
-2880961.364780 -0.000000 1903.728814
-6257074486.537080 -0.000000 1915.932203
-19234920.376592 -0.000000 1928.135593
-17267974.732381 -0.000000 1940.338983
-15756134.206369 -0.000000 1952.542373
-14840779.019408 -0.000000 1964.745763
-14948933.150675 -0.000000 1976.949153
-15924416.032638 -0.000000 1989.152542
-17312201.699026 -0.000000 2001.355932
-18820645.799191 -0.000000 2013.559322
-20224639.001567 -0.000000 2025.762712
-21435335.764691 -0.000000 2037.966102
-22466927.931115 -0.000000 2050.169492
-23376463.458929 -0.000000 2062.372881
-24221000.812446 -0.000000 2074.576271
-24839602.300788 -0.000000 2086.779661
-25493872.225917 -0.000000 2098.983051
-22616811.005078 -0.000000 2111.186441
-92315568.526591 -0.000000 2123.389831
-416350149.993725 -0.000000 2135.593220
-6389035.165936 -0.000000 2147.796610
-2261577.811305 -0.000000 2160.000000
-1670057.329453 -0.000000 2172.203390
-2379726.361691 -0.000000 2184.406780
-2781182.840791 -0.000000 2196.610169
-2963463.274927 -0.000000 2208.813559
-2575888.052643 -0.000000 2221.016949
-1617567.006374 -0.000000 2233.220339
-260121.288121 -0.000000 2245.423729
1293393.110453 0.000000 2257.627119
2848310.627620 0.000000 2269.830508
4304429.851528 0.000000 2282.033898
5616695.173599 0.000000 2294.237288
6768148.786948 0.000000 2306.440678
7764404.911761 0.000000 2318.644068
8622630.223913 0.000000 2330.847458
9356316.287663 0.000000 2343.050847
9980933.241303 0.000000 2355.254237
10524295.853025 0.000000 2367.457627
11040390.434055 0.000000 2379.661017
11567743.674057 0.000000 2391.864407
12110646.414600 0.000000 2404.067797
12622090.040205 0.000000 2416.271186
13067377.777213 0.000000 2428.474576
13433511.399860 0.000000 2440.677966
13739325.105776 0.000000 2452.881356
13989112.543042 0.000000 2465.084746
14184894.131164 0.000000 2477.288136
14318748.178104 0.000000 2489.491525
14420212.705306 0.000000 2501.694915
14537267.756737 0.000000 2513.898305
14705852.155369 0.000000 2526.101695
14893662.822366 0.000000 2538.305085
15058354.863586 0.000000 2550.508475
15176973.634439 0.000000 2562.711864
15264106.008693 0.000000 2574.915254
15322639.306060 0.000000 2587.118644
15361739.172951 0.000000 2599.322034
15372343.997836 0.000000 2611.525424
15346067.628433 0.000000 2623.728814
15301825.425895 0.000000 2635.932203
15281215.310693 0.000000 2648.135593
15278122.930343 0.000000 2660.338983
15235590.655620 0.000000 2672.542373
15037111.240784 0.000000 2684.745763
14570733.403520 0.000000 2696.949153
13728211.730161 0.000000 2709.152542
12316253.521096 0.000000 2721.355932
9909719.005766 0.000000 2733.559322
6041089.831754 0.000000 2745.762712
1720460.763477 0.000000 2757.966102
214611.284886 0.000000 2770.169492
6664535.469050 0.000000 2782.372881
22362745.220125 0.000000 2794.576271
30147375.362991 0.000000 2806.779661
29586877.160748 0.000000 2818.983051
29840665.364095 0.000000 2831.186441
30523106.110892 0.000000 2843.389831
30880644.367469 0.000000 2855.593220
30989741.521131 0.000000 2867.796610
30698804.753576 0.000000 2880.000000
30185022.616219 0.000000 2892.203390
29959588.938510 0.000000 2904.406780
29643574.891999 0.000000 2916.610169
29312311.695159 0.000000 2928.813559
29054422.736321 0.000000 2941.016949
28823017.153890 0.000000 2953.220339
28667506.429457 0.000000 2965.423729
28550314.956803 0.000000 2977.627119
28462532.001461 0.000000 2989.830508
28385279.901041 0.000000 3002.033898
28308454.427142 0.000000 3014.237288
28222159.115794 0.000000 3026.440678
28131128.226731 0.000000 3038.644068
28049088.211804 0.000000 3050.847458
28007504.449796 0.000000 3063.050847
28042408.116286 0.000000 3075.254237
28277640.845624 0.000000 3087.457627
28639040.294801 0.000000 3099.661017
28526302.136693 0.000000 3111.864407
29119326.156835 0.000000 3124.067797
31738592.346672 0.000000 3136.271186
33688105.990819 0.000000 3148.474576
33515455.717345 0.000000 3160.677966
32219812.744652 0.000000 3172.881356
30882625.112502 0.000000 3185.084746
27967209.207024 0.000000 3197.288136
28700434.480846 0.000000 3209.491525
5516571.993487 0.000000 3221.694915
9603209.094687 0.000000 3233.898305
22268.612843 0.000000 3246.101695
41183.993886 0.000000 3258.305085
61619.683589 0.000000 3270.508475
82198.793229 0.000000 3282.711864
102133.194910 0.000000 3294.915254
120523.538029 0.000000 3307.118644
136878.449600 0.000000 3319.322034
150882.478926 0.000000 3331.525424
162483.638545 0.000000 3343.728814
171761.476766 0.000000 3355.932203
178920.402981 0.000000 3368.135593
184206.168269 0.000000 3380.338983
187897.134822 0.000000 3392.542373
190257.990766 0.000000 3404.745763
191543.746911 0.000000 3416.949153
191976.159580 0.000000 3429.152542
191755.327015 0.000000 3441.355932
191047.257662 0.000000 3453.559322
189997.305895 0.000000 3465.762712
188722.567892 0.000000 3477.966102
187324.179544 0.000000 3490.169492
185881.822694 0.000000 3502.372881
184463.845871 0.000000 3514.576271
183122.933971 0.000000 3526.779661
181903.899157 0.000000 3538.983051
180840.273357 0.000000 3551.186441
179959.921515 0.000000 3563.389831
179282.534897 0.000000 3575.593220
178823.339636 0.000000 3587.796610
178591.303756 0.000000 3600.000000
