6063.964448 0.000000 0.000000
6081.562024 0.000000 12.203390
6116.786842 0.000000 24.406780
6169.870435 0.000000 36.610169
6241.058044 0.000000 48.813559
6330.561864 0.000000 61.016949
6438.907290 0.000000 73.220339
6566.399023 0.000000 85.423729
6713.790702 0.000000 97.627119
6881.492725 0.000000 109.830508
7070.492353 0.000000 122.033898
7281.313779 0.000000 134.237288
7515.191631 0.000000 146.440678
7772.772260 0.000000 158.644068
8055.554982 0.000000 170.847458
8364.319412 0.000000 183.050847
8700.851417 0.000000 195.254237
9066.077416 0.000000 207.457627
9462.096304 0.000000 219.661017
9889.997194 0.000000 231.864407
10352.222909 0.000000 244.067797
10850.044058 0.000000 256.271186
11386.282881 0.000000 268.474576
11962.412405 0.000000 280.677966
12581.675215 0.000000 292.881356
13245.769746 0.000000 305.084746
13958.403288 0.000000 317.288136
14721.525177 0.000000 329.491525
15539.356800 0.000000 341.694915
16414.124532 0.000000 353.898305
17350.618245 0.000000 366.101695
18351.368789 0.000000 378.305085
19421.791849 0.000000 390.508475
20564.751562 0.000000 402.711864
21786.351993 0.000000 414.915254
23089.818193 0.000000 427.118644
24482.009843 0.000000 439.322034
25966.542245 0.000000 451.525424
27551.100640 0.000000 463.728814
29239.719881 0.000000 475.932203
31040.986981 0.000000 488.135593
32959.384100 0.000000 500.338983
35004.481305 0.000000 512.542373
37181.237623 0.000000 524.745763
39500.291085 0.000000 536.949153
41967.107146 0.000000 549.152542
44593.483955 0.000000 561.355932
47385.422000 0.000000 573.559322
50355.977010 0.000000 585.762712
53511.716135 0.000000 597.966102
56867.055384 0.000000 610.169492
60429.159857 0.000000 622.372881
64213.915750 0.000000 634.576271
68229.120261 0.000000 646.779661
72492.244503 0.000000 658.983051
77011.755885 0.000000 671.186441
81806.830514 0.000000 683.389831
86886.647642 0.000000 695.593220
92272.213995 0.000000 707.796610
97973.470617 0.000000 720.000000
104013.383204 0.000000 732.203390
110402.713143 0.000000 744.406780
117166.514509 0.000000 756.610169
124316.440722 0.000000 768.813559
131879.762573 0.000000 781.016949
139869.112900 0.000000 793.220339
148314.098209 0.000000 805.423729
157228.437248 0.000000 817.627119
166644.175508 0.000000 829.830508
176576.240940 0.000000 842.033898
187059.188807 0.000000 854.237288
198109.296535 0.000000 866.440678
209763.643697 0.000000 878.644068
222039.999036 0.000000 890.847458
234977.886192 0.000000 903.050847
248596.677735 0.000000 915.254237
262938.104004 0.000000 927.457627
278023.163846 0.000000 939.661017
293895.292770 0.000000 951.864407
310576.932454 0.000000 964.067797
328112.281912 0.000000 976.271186
346524.615263 0.000000 988.474576
365857.203846 0.000000 1000.677966
386132.718175 0.000000 1012.881356
407390.525371 0.000000 1025.084746
429649.697929 0.000000 1037.288136
452940.465002 0.000000 1049.491525
477272.411831 0.000000 1061.694915
502657.366494 0.000000 1073.898305
529084.178600 0.000000 1086.101695
556529.694278 0.000000 1098.305085
584940.831498 0.000000 1110.508475
614229.370463 0.000000 1122.711864
644260.566396 0.000000 1134.915254
674825.913246 0.000000 1147.118644
705634.721060 0.000000 1159.322034
736256.274167 0.000000 1171.525424
766106.208854 0.000000 1183.728814
794345.507798 0.000000 1195.932203
819848.443285 0.000000 1208.135593
841045.195131 0.000000 1220.338983
855864.836985 0.000000 1232.542373
861539.245622 0.000000 1244.745763
854593.503199 0.000000 1256.949153
830805.671107 0.000000 1269.152542
785645.868230 0.000000 1281.355932
715075.452127 0.000000 1293.559322
617289.425181 0.000000 1305.762712
494879.846609 0.000000 1317.966102
357037.215510 0.000000 1330.169492
219827.214842 0.000000 1342.372881
103515.420252 0.000000 1354.576271
161789050.142828 0.000000 1366.779661
-2903053.012442 -0.000000 1378.983051
-9799967.668328 -0.000000 1391.186441
-13432963.292615 -0.000000 1403.389831
-13298763.432467 -0.000000 1415.593220
-12975274.087637 -0.000000 1427.796610
-12891505.785016 -0.000000 1440.000000
-12908159.166588 -0.000000 1452.203390
-12891570.045107 -0.000000 1464.406780
-12776838.846762 -0.000000 1476.610169
-12560742.629236 -0.000000 1488.813559
-12430681.096740 -0.000000 1501.016949
-12471913.435983 -0.000000 1513.220339
-12506592.537808 -0.000000 1525.423729
-12485766.246195 -0.000000 1537.627119
-12458082.595759 -0.000000 1549.830508
-12419953.962899 -0.000000 1562.033898
-12350107.376730 -0.000000 1574.237288
-12234513.410455 -0.000000 1586.440678
-12089576.459873 -0.000000 1598.644068
-11933171.353228 -0.000000 1610.847458
-11775615.010550 -0.000000 1623.050847
-11611620.417951 -0.000000 1635.254237
-11438860.062668 -0.000000 1647.457627
-11250798.890746 -0.000000 1659.661017
-11047931.336395 -0.000000 1671.864407
-10822091.417652 -0.000000 1684.067797
-10567914.786254 -0.000000 1696.271186
-10267663.184681 -0.000000 1708.474576
-9902826.737834 -0.000000 1720.677966
-9438811.055364 -0.000000 1732.881356
-8835163.450794 -0.000000 1745.084746
-8031893.029944 -0.000000 1757.288136
-6953584.866850 -0.000000 1769.491525
-5493779.776896 -0.000000 1781.694915
-3517338.548539 -0.000000 1793.898305
-886253.735516 -0.000000 1806.101695
2475437.651119 0.000000 1818.305085
6454163.001392 0.000000 1830.508475
10576364.281866 0.000000 1842.711864
13131001.867029 0.000000 1854.915254
13651195.421981 0.000000 1867.118644
12879142.979944 0.000000 1879.322034
2323046.398207 0.000000 1891.525424
-12822171.640726 -0.000000 1903.728814
-15482700.830736 -0.000000 1915.932203
-68994668.295148 -0.000000 1928.135593
-30214633.882543 -0.000000 1940.338983
-17704197.168162 -0.000000 1952.542373
-14376972.113735 -0.000000 1964.745763
-13347307.210598 -0.000000 1976.949153
-14028724.545905 -0.000000 1989.152542
-16098103.373181 -0.000000 2001.355932
-18474543.659292 -0.000000 2013.559322
-20825288.441952 -0.000000 2025.762712
-23130972.207170 -0.000000 2037.966102
-25362334.376880 -0.000000 2050.169492
-27544611.186816 -0.000000 2062.372881
-29868093.745957 -0.000000 2074.576271
-32308687.810456 -0.000000 2086.779661
-26107412.410476 -0.000000 2098.983051
-9944910009.790506 -0.000000 2111.186441
-4903790.225048 -0.000000 2123.389831
862387.263803 0.000000 2135.593220
2087635.749791 0.000000 2147.796610
4157371544.128930 0.000000 2160.000000
8203117.323674 0.000000 2172.203390
10321738.555428 0.000000 2184.406780
13309689.995066 0.000000 2196.610169
22731858.636094 0.000000 2208.813559
39785045.947680 0.000000 2221.016949
62128601.914771 0.000000 2233.220339
17254134.118192 0.000000 2245.423729
11721962.178460 0.000000 2257.627119
6322129.374846 0.000000 2269.830508
1120133.318326 0.000000 2282.033898
-1494322.802051 -0.000000 2294.237288
-2053687.051143 -0.000000 2306.440678
-1406964.993908 -0.000000 2318.644068
-205413.626686 -0.000000 2330.847458
1145143.027351 0.000000 2343.050847
2416084.577623 0.000000 2355.254237
3532447.296808 0.000000 2367.457627
4488111.617451 0.000000 2379.661017
5306860.282450 0.000000 2391.864407
5988313.544683 0.000000 2404.067797
6549247.154146 0.000000 2416.271186
7005431.890878 0.000000 2428.474576
7388896.621442 0.000000 2440.677966
7714477.546223 0.000000 2452.881356
8000788.412482 0.000000 2465.084746
8251839.613639 0.000000 2477.288136
8476782.357799 0.000000 2489.491525
8676771.744643 0.000000 2501.694915
8856926.376152 0.000000 2513.898305
9019209.560772 0.000000 2526.101695
9166291.868255 0.000000 2538.305085
9301607.846324 0.000000 2550.508475
9424625.076489 0.000000 2562.711864
9537392.199550 0.000000 2574.915254
9630402.881439 0.000000 2587.118644
9696692.839210 0.000000 2599.322034
9723538.773753 0.000000 2611.525424
9727755.923662 0.000000 2623.728814
9739221.091468 0.000000 2635.932203
9785819.451864 0.000000 2648.135593
9858040.724293 0.000000 2660.338983
9935684.151492 0.000000 2672.542373
10005273.218437 0.000000 2684.745763
10059213.626001 0.000000 2696.949153
10093869.917604 0.000000 2709.152542
10098364.628948 0.000000 2721.355932
10091851.282477 0.000000 2733.559322
10103755.200249 0.000000 2745.762712
10168231.608303 0.000000 2757.966102
10257296.026585 0.000000 2770.169492
10304182.683034 0.000000 2782.372881
10229834.937837 0.000000 2794.576271
9970683.058554 0.000000 2806.779661
9441312.108958 0.000000 2818.983051
8518622.678069 0.000000 2831.186441
7059459.381891 0.000000 2843.389831
4929865.965507 0.000000 2855.593220
2212028.025528 0.000000 2867.796610
-479647.213747 -0.000000 2880.000000
-1216705.444466 -0.000000 2892.203390
3691257.796595 0.000000 2904.406780
16153964.963474 0.000000 2916.610169
27686953.609197 0.000000 2928.813559
29908000.617631 0.000000 2941.016949
29938003.952794 0.000000 2953.220339
30189721.548586 0.000000 2965.423729
30575533.083160 0.000000 2977.627119
30721595.604886 0.000000 2989.830508
30241023.229623 0.000000 3002.033898
29875354.597341 0.000000 3014.237288
29691743.205666 0.000000 3026.440678
29281224.415361 0.000000 3038.644068
28949711.397372 0.000000 3050.847458
28638114.834045 0.000000 3063.050847
28359861.460578 0.000000 3075.254237
28165066.716789 0.000000 3087.457627
28015301.841860 0.000000 3099.661017
27904626.481369 0.000000 3111.864407
27806538.228308 0.000000 3124.067797
27718300.996530 0.000000 3136.271186
27621232.837679 0.000000 3148.474576
27532984.015334 0.000000 3160.677966
27479621.357919 0.000000 3172.881356
27504616.663137 0.000000 3185.084746
27651678.245429 0.000000 3197.288136
28003450.312994 0.000000 3209.491525
28524775.068113 0.000000 3221.694915
28472884.765456 0.000000 3233.898305
28996980.972541 0.000000 3246.101695
31650243.180172 0.000000 3258.305085
33727764.169616 0.000000 3270.508475
33255156.303563 0.000000 3282.711864
31627935.067257 0.000000 3294.915254
29670358.078916 0.000000 3307.118644
26908148.080835 0.000000 3319.322034
28072423.907788 0.000000 3331.525424
8055573.494101 0.000000 3343.728814
-13309605.562121 -0.000000 3355.932203
-9683.808293 -0.000000 3368.135593
-15518.465220 -0.000000 3380.338983
-21796.518208 -0.000000 3392.542373
-28346.006309 -0.000000 3404.745763
-34592.692948 -0.000000 3416.949153
-40423.129210 -0.000000 3429.152542
-45603.936968 -0.000000 3441.355932
-50092.582505 -0.000000 3453.559322
-53850.686248 -0.000000 3465.762712
-56924.583855 -0.000000 3477.966102
-59371.160307 -0.000000 3490.169492
-61276.350118 -0.000000 3502.372881
-62723.921048 -0.000000 3514.576271
-63799.321934 -0.000000 3526.779661
-64578.189530 -0.000000 3538.983051
-65127.307294 -0.000000 3551.186441
-65501.694879 -0.000000 3563.389831
-65744.996130 -0.000000 3575.593220
-65889.479706 -0.000000 3587.796610
-65956.470046 -0.000000 3600.000000
