303615.310120 0.000000 0.000000
304581.275411 0.000000 12.203390
306514.569148 0.000000 24.406780
309419.083977 0.000000 36.610169
313299.009331 0.000000 48.813559
318161.812107 0.000000 61.016949
324014.350994 0.000000 73.220339
330867.654278 0.000000 85.423729
338730.749721 0.000000 97.627119
347617.918592 0.000000 109.830508
357539.579463 0.000000 122.033898
368512.575899 0.000000 134.237288
380547.382561 0.000000 146.440678
393661.999835 0.000000 158.644068
407864.649256 0.000000 170.847458
423171.768002 0.000000 183.050847
439585.288615 0.000000 195.254237
457114.971157 0.000000 207.457627
475749.313001 0.000000 219.661017
495481.929092 0.000000 231.864407
516275.058918 0.000000 244.067797
538088.771638 0.000000 256.271186
560835.749349 0.000000 268.474576
584410.550054 0.000000 280.677966
608633.570414 0.000000 292.881356
633275.113073 0.000000 305.084746
657984.697471 0.000000 317.288136
682300.999810 0.000000 329.491525
705559.821488 0.000000 341.694915
726877.011846 0.000000 353.898305
745027.255991 0.000000 366.101695
758390.861328 0.000000 378.305085
764813.961274 0.000000 390.508475
761559.635122 0.000000 402.711864
745269.657552 0.000000 414.915254
712169.136340 0.000000 427.118644
658573.931737 0.000000 439.322034
581964.343546 0.000000 451.525424
482599.405580 0.000000 463.728814
365388.484565 0.000000 475.932203
241081.306705 0.000000 488.135593
125507.430631 0.000000 500.338983
113645956.890538 0.000000 512.542373
-2211744.729609 -0.000000 524.745763
-8964135.059088 -0.000000 536.949153
-13443133.276677 -0.000000 549.152542
-13406408.967783 -0.000000 561.355932
-13048269.023750 -0.000000 573.559322
-12944987.285567 -0.000000 585.762712
-12948304.020019 -0.000000 597.966102
-12940972.791585 -0.000000 610.169492
-12870789.113170 -0.000000 622.372881
-12716582.982441 -0.000000 634.576271
-12575628.181634 -0.000000 646.779661
-12609221.926110 -0.000000 658.983051
-12692814.088496 -0.000000 671.186441
-12718221.577644 -0.000000 683.389831
-12717685.681986 -0.000000 695.593220
-12711209.157762 -0.000000 707.796610
-12692790.246150 -0.000000 720.000000
-12664910.160973 -0.000000 732.203390
-12627354.165208 -0.000000 744.406780
-12574913.258402 -0.000000 756.610169
-12496156.766597 -0.000000 768.813559
-12406852.042286 -0.000000 781.016949
-12287617.031153 -0.000000 793.220339
-12140000.577421 -0.000000 805.423729
-11979775.189925 -0.000000 817.627119
-11819066.774583 -0.000000 829.830508
-11662942.246760 -0.000000 842.033898
-11510454.148721 -0.000000 854.237288
-11359424.712864 -0.000000 866.440678
-11207856.017267 -0.000000 878.644068
-11056063.889899 -0.000000 890.847458
-10902318.115371 -0.000000 903.050847
-10747034.699691 -0.000000 915.254237
-10584151.689487 -0.000000 927.457627
-10401629.531068 -0.000000 939.661017
-10195380.672387 -0.000000 951.864407
-10010042.454505 -0.000000 964.067797
-9881674.382205 -0.000000 976.271186
-9774199.996657 -0.000000 988.474576
-9643548.922617 -0.000000 1000.677966
-9493245.675043 -0.000000 1012.881356
-9336345.602764 -0.000000 1025.084746
-9177935.203127 -0.000000 1037.288136
-9018655.648468 -0.000000 1049.491525
-8858926.880828 -0.000000 1061.694915
-8698401.380455 -0.000000 1073.898305
-8536344.553814 -0.000000 1086.101695
-8371714.867641 -0.000000 1098.305085
-8204398.020198 -0.000000 1110.508475
-8035880.625567 -0.000000 1122.711864
-7870885.532082 -0.000000 1134.915254
-7715068.090199 -0.000000 1147.118644
-7571519.766832 -0.000000 1159.322034
-7434951.459526 -0.000000 1171.525424
-7295143.865656 -0.000000 1183.728814
-7143167.439860 -0.000000 1195.932203
-6979690.085640 -0.000000 1208.135593
-6810016.417713 -0.000000 1220.338983
-6641501.704074 -0.000000 1232.542373
-6476324.432804 -0.000000 1244.745763
-6316089.648272 -0.000000 1256.949153
-6158378.568936 -0.000000 1269.152542
-6003355.167343 -0.000000 1281.355932
-5848000.958905 -0.000000 1293.559322
-5692511.391895 -0.000000 1305.762712
-5533841.269264 -0.000000 1317.966102
-5368109.819766 -0.000000 1330.169492
-5184421.911957 -0.000000 1342.372881
-4991238.182881 -0.000000 1354.576271
-4831735.471172 -0.000000 1366.779661
-4706231.284954 -0.000000 1378.983051
-4567730.243691 -0.000000 1391.186441
-4403472.315583 -0.000000 1403.389831
-4236889.195935 -0.000000 1415.593220
-4084268.789371 -0.000000 1427.796610
-3950445.434186 -0.000000 1440.000000
-3823384.621691 -0.000000 1452.203390
-3688743.669379 -0.000000 1464.406780
-3535777.193976 -0.000000 1476.610169
-3366221.405778 -0.000000 1488.813559
-3188847.982994 -0.000000 1501.016949
-3011876.337961 -0.000000 1513.220339
-2841823.357254 -0.000000 1525.423729
-2680288.255430 -0.000000 1537.627119
-2527346.929149 -0.000000 1549.830508
-2376254.829754 -0.000000 1562.033898
-2221406.168861 -0.000000 1574.237288
-2061182.864526 -0.000000 1586.440678
-1899865.250026 -0.000000 1598.644068
-1740956.842934 -0.000000 1610.847458
-1584365.121880 -0.000000 1623.050847
-1429656.365293 -0.000000 1635.254237
-1274525.838797 -0.000000 1647.457627
-1119519.787057 -0.000000 1659.661017
-963047.484938 -0.000000 1671.864407
-807063.092778 -0.000000 1684.067797
-651417.900147 -0.000000 1696.271186
-499649.624859 -0.000000 1708.474576
-352420.752603 -0.000000 1720.677966
-211546.025578 -0.000000 1732.881356
-73808.678259 -0.000000 1745.084746
63541.829071 0.000000 1757.288136
204842.074819 0.000000 1769.491525
349670.369905 0.000000 1781.694915
496050.086730 0.000000 1793.898305
638145.568786 0.000000 1806.101695
769954.244145 0.000000 1818.305085
883344.618514 0.000000 1830.508475
968214.956654 0.000000 1842.711864
1012040.363542 0.000000 1854.915254
998551.940315 0.000000 1867.118644
913355.494830 0.000000 1879.322034
748647.677632 0.000000 1891.525424
513772.106378 0.000000 1903.728814
260759.807531 0.000000 1915.932203
23924.812609 0.000000 1928.135593
-59699.683211 -0.000000 1940.338983
-369593.975299 -0.000000 1952.542373
4549719.937734 0.000000 1964.745763
13914725.657293 0.000000 1976.949153
14733369.679011 0.000000 1989.152542
13738588.070492 0.000000 2001.355932
14255331.538304 0.000000 2013.559322
11275885.013099 0.000000 2025.762712
1032548.397163 0.000000 2037.966102
-10335464.366246 -0.000000 2050.169492
-24496420.112741 -0.000000 2062.372881
-76911836.601267 -0.000000 2074.576271
-30833425.276896 -0.000000 2086.779661
-19191672.166384 -0.000000 2098.983051
-15135371.392548 -0.000000 2111.186441
-14036589.177525 -0.000000 2123.389831
-12361858.139136 -0.000000 2135.593220
-9830256.920649 -0.000000 2147.796610
-16372022.792623 -0.000000 2160.000000
-25956783.519096 -0.000000 2172.203390
-31789006.968193 -0.000000 2184.406780
-29261855.886500 -0.000000 2196.610169
-26090864.693441 -0.000000 2208.813559
-22375060.034979 -0.000000 2221.016949
-1206558264.060513 -0.000000 2233.220339
-17223931.652957 -0.000000 2245.423729
2793449.418949 0.000000 2257.627119
5877598.069683 0.000000 2269.830508
9927427.648399 0.000000 2282.033898
10404982.136535 0.000000 2294.237288
8301068.036006 0.000000 2306.440678
4971747.401207 0.000000 2318.644068
1738138.759064 0.000000 2330.847458
-394807.007424 -0.000000 2343.050847
-1207867.640094 -0.000000 2355.254237
-1003709.482172 -0.000000 2367.457627
-222133.960360 -0.000000 2379.661017
777201.698517 0.000000 2391.864407
1793704.542662 0.000000 2404.067797
2742469.590662 0.000000 2416.271186
3619042.211961 0.000000 2428.474576
4422917.382487 0.000000 2440.677966
5147138.572355 0.000000 2452.881356
5786086.235389 0.000000 2465.084746
6348467.640604 0.000000 2477.288136
6849019.528754 0.000000 2489.491525
7299560.416515 0.000000 2501.694915
7709134.857595 0.000000 2513.898305
8083094.556515 0.000000 2526.101695
8425864.857491 0.000000 2538.305085
8741318.748434 0.000000 2550.508475
9031643.058787 0.000000 2562.711864
9300640.193963 0.000000 2574.915254
9548655.561397 0.000000 2587.118644
9779771.176810 0.000000 2599.322034
9993042.017598 0.000000 2611.525424
10192862.889195 0.000000 2623.728814
10377483.960984 0.000000 2635.932203
10550108.655191 0.000000 2648.135593
10705801.993689 0.000000 2660.338983
10840141.221493 0.000000 2672.542373
10944004.810371 0.000000 2684.745763
11018760.657030 0.000000 2696.949153
11083084.592238 0.000000 2709.152542
11155478.435079 0.000000 2721.355932
11243240.346011 0.000000 2733.559322
11329421.522543 0.000000 2745.762712
11400798.388591 0.000000 2757.966102
11436949.161166 0.000000 2770.169492
11455867.219302 0.000000 2782.372881
11487371.600974 0.000000 2794.576271
11568134.539183 0.000000 2806.779661
11671091.949935 0.000000 2818.983051
11727258.835309 0.000000 2831.186441
11660374.522300 0.000000 2843.389831
11411038.004185 0.000000 2855.593220
10910562.877480 0.000000 2867.796610
10052685.783564 0.000000 2880.000000
8708608.822472 0.000000 2892.203390
6684872.219390 0.000000 2904.406780
3912453.289542 0.000000 2916.610169
880567.115553 0.000000 2928.813559
-311667.795564 -0.000000 2941.016949
4398518.831424 0.000000 2953.220339
17267278.828327 0.000000 2965.423729
28761395.881186 0.000000 2977.627119
30304007.416875 0.000000 2989.830508
30329879.299810 0.000000 3002.033898
30704552.374181 0.000000 3014.237288
31014078.263317 0.000000 3026.440678
31167167.894970 0.000000 3038.644068
30715543.301812 0.000000 3050.847458
30245227.951158 0.000000 3063.050847
30054183.024277 0.000000 3075.254237
29644159.130907 0.000000 3087.457627
29313445.897097 0.000000 3099.661017
29025093.223797 0.000000 3111.864407
28773842.163347 0.000000 3124.067797
28605120.303644 0.000000 3136.271186
28471710.915083 0.000000 3148.474576
28366025.976820 0.000000 3160.677966
28272006.403908 0.000000 3172.881356
28192174.536304 0.000000 3185.084746
28119568.842567 0.000000 3197.288136
28064814.675728 0.000000 3209.491525
28037407.843020 0.000000 3221.694915
28064472.219009 0.000000 3233.898305
28182908.131047 0.000000 3246.101695
28504135.452953 0.000000 3258.305085
28978564.186441 0.000000 3270.508475
28960772.026725 0.000000 3282.711864
29454580.598788 0.000000 3294.915254
31956072.842807 0.000000 3307.118644
33932130.531363 0.000000 3319.322034
33586943.136598 0.000000 3331.525424
31994114.361445 0.000000 3343.728814
30345384.579171 0.000000 3355.932203
26965295.182747 0.000000 3368.135593
28282814.867150 0.000000 3380.338983
6205036.911241 0.000000 3392.542373
-452017.834313 -0.000000 3404.745763
2378.452552 0.000000 3416.949153
5036.662979 0.000000 3429.152542
7571.325550 0.000000 3441.355932
9766.256998 0.000000 3453.559322
11802.410604 0.000000 3465.762712
13570.797932 0.000000 3477.966102
15117.147435 0.000000 3490.169492
16419.487801 0.000000 3502.372881
17508.816867 0.000000 3514.576271
18395.256591 0.000000 3526.779661
19107.294036 0.000000 3538.983051
19662.441704 0.000000 3551.186441
20082.962270 0.000000 3563.389831
20383.188617 0.000000 3575.593220
20576.833995 0.000000 3587.796610
20671.347902 0.000000 3600.000000
