206227.165242 0.000000 0.000000
199870.489756 0.000000 12.203390
186955.978696 0.000000 24.406780
167210.799361 0.000000 36.610169
140518.991382 0.000000 48.813559
107119.479023 0.000000 61.016949
67676.027278 0.000000 73.220339
95110880.921646 0.000000 85.423729
-5246851.039588 -0.000000 97.627119
-14087633.825113 -0.000000 109.830508
-14078163.969369 -0.000000 122.033898
-14067014.317675 -0.000000 134.237288
-13261697.638680 -0.000000 146.440678
-12205804.795331 -0.000000 158.644068
-12447116.801869 -0.000000 170.847458
-12876657.354930 -0.000000 183.050847
-12929826.750735 -0.000000 195.254237
-12790929.793772 -0.000000 207.457627
-12439871.567862 -0.000000 219.661017
-12346029.926088 -0.000000 231.864407
-12677538.017718 -0.000000 244.067797
-12875053.223253 -0.000000 256.271186
-12878401.602860 -0.000000 268.474576
-12862827.850318 -0.000000 280.677966
-12851428.738506 -0.000000 292.881356
-12840260.795101 -0.000000 305.084746
-12832711.895084 -0.000000 317.288136
-12825843.712474 -0.000000 329.491525
-12816967.679747 -0.000000 341.694915
-12804805.535038 -0.000000 353.898305
-12792749.522584 -0.000000 366.101695
-12780092.324770 -0.000000 378.305085
-12766780.043071 -0.000000 390.508475
-12755884.616010 -0.000000 402.711864
-12750429.220430 -0.000000 414.915254
-12748055.055327 -0.000000 427.118644
-12748053.867778 -0.000000 439.322034
-12750779.311101 -0.000000 451.525424
-12757001.472808 -0.000000 463.728814
-12765630.404402 -0.000000 475.932203
-12774057.602136 -0.000000 488.135593
-12779535.291852 -0.000000 500.338983
-12782131.906066 -0.000000 512.542373
-12783080.813311 -0.000000 524.745763
-12782731.766504 -0.000000 536.949153
-12781428.512302 -0.000000 549.152542
-12779567.894974 -0.000000 561.355932
-12777285.476218 -0.000000 573.559322
-12774946.218763 -0.000000 585.762712
-12773006.513638 -0.000000 597.966102
-12771768.956873 -0.000000 610.169492
-12770902.793547 -0.000000 622.372881
-12770514.126750 -0.000000 634.576271
-12770726.596184 -0.000000 646.779661
-12771227.740294 -0.000000 658.983051
-12771735.552326 -0.000000 671.186441
-12772476.472086 -0.000000 683.389831
-12773190.900583 -0.000000 695.593220
-12773509.517560 -0.000000 707.796610
-12773905.971723 -0.000000 720.000000
-12774084.104428 -0.000000 732.203390
-12774043.640720 -0.000000 744.406780
-12774117.454926 -0.000000 756.610169
-12773876.323496 -0.000000 768.813559
-12773883.355010 -0.000000 781.016949
-12773789.884589 -0.000000 793.220339
-12773903.234727 -0.000000 805.423729
-12774016.997068 -0.000000 817.627119
-12774184.000605 -0.000000 829.830508
-12774218.222929 -0.000000 842.033898
-12774609.283902 -0.000000 854.237288
-12774646.009092 -0.000000 866.440678
-12774993.742877 -0.000000 878.644068
-12774872.042343 -0.000000 890.847458
-12775052.631143 -0.000000 903.050847
-12774566.333926 -0.000000 915.254237
-12774511.794695 -0.000000 927.457627
-12773926.438643 -0.000000 939.661017
-12773745.474821 -0.000000 951.864407
-12773104.014208 -0.000000 964.067797
-12773018.843657 -0.000000 976.271186
-12772526.453071 -0.000000 988.474576
-12772586.389498 -0.000000 1000.677966
-12772586.067074 -0.000000 1012.881356
-12774220.788276 -0.000000 1025.084746
-12775920.331989 -0.000000 1037.288136
-12774832.056356 -0.000000 1049.491525
-12770248.374661 -0.000000 1061.694915
-12770913.754604 -0.000000 1073.898305
-12780035.059429 -0.000000 1086.101695
-12787680.571418 -0.000000 1098.305085
-12785927.969370 -0.000000 1110.508475
-12779986.836460 -0.000000 1122.711864
-12780289.872649 -0.000000 1134.915254
-12782725.253646 -0.000000 1147.118644
-12776070.074056 -0.000000 1159.322034
-12760949.146282 -0.000000 1171.525424
-12752504.609058 -0.000000 1183.728814
-12753813.399928 -0.000000 1195.932203
-12758007.265935 -0.000000 1208.135593
-12760710.743035 -0.000000 1220.338983
-12766732.012111 -0.000000 1232.542373
-12775831.895531 -0.000000 1244.745763
-12783750.684007 -0.000000 1256.949153
-12789242.076858 -0.000000 1269.152542
-12800745.183161 -0.000000 1281.355932
-12813714.821144 -0.000000 1293.559322
-12819879.364284 -0.000000 1305.762712
-12824140.214793 -0.000000 1317.966102
-12829389.049058 -0.000000 1330.169492
-12831303.329621 -0.000000 1342.372881
-12824181.262736 -0.000000 1354.576271
-12777980.308086 -0.000000 1366.779661
-12669685.663382 -0.000000 1378.983051
-12566473.844755 -0.000000 1391.186441
-12565378.147617 -0.000000 1403.389831
-12663973.095980 -0.000000 1415.593220
-12788281.893097 -0.000000 1427.796610
-12873596.760029 -0.000000 1440.000000
-12901973.170579 -0.000000 1452.203390
-12895422.192531 -0.000000 1464.406780
-12856213.263565 -0.000000 1476.610169
-12753085.240005 -0.000000 1488.813559
-12826607.113774 -0.000000 1501.016949
-13299996.873608 -0.000000 1513.220339
-14882069.594738 -0.000000 1525.423729
-12803359.048456 -0.000000 1537.627119
-4222281.675138 -0.000000 1549.830508
-3337480.494106 -0.000000 1562.033898
-4984615.267175 -0.000000 1574.237288
-6489609.863727 -0.000000 1586.440678
-7778924.651583 -0.000000 1598.644068
-8815445.424878 -0.000000 1610.847458
-9547942.837573 -0.000000 1623.050847
-9971782.867202 -0.000000 1635.254237
-10083600.291689 -0.000000 1647.457627
-9889596.973072 -0.000000 1659.661017
-9387094.517335 -0.000000 1671.864407
-8577406.492101 -0.000000 1684.067797
-7487376.530472 -0.000000 1696.271186
-6138435.013109 -0.000000 1708.474576
-4626565.116435 -0.000000 1720.677966
-2840852.805874 -0.000000 1732.881356
-6619428.909836 -0.000000 1745.084746
-14399000.811326 -0.000000 1757.288136
-14254984.804577 -0.000000 1769.491525
-13106761.274796 -0.000000 1781.694915
-12779273.638952 -0.000000 1793.898305
-12788060.557371 -0.000000 1806.101695
-12881846.476539 -0.000000 1818.305085
-12911948.558012 -0.000000 1830.508475
-12905888.430549 -0.000000 1842.711864
-12856760.114700 -0.000000 1854.915254
-12732871.154850 -0.000000 1867.118644
-12565686.070595 -0.000000 1879.322034
-12490367.890120 -0.000000 1891.525424
-12599187.050766 -0.000000 1903.728814
-12760621.663528 -0.000000 1915.932203
-12840263.603935 -0.000000 1928.135593
-12853642.396662 -0.000000 1940.338983
-12856130.984078 -0.000000 1952.542373
-12857498.748969 -0.000000 1964.745763
-12859406.396694 -0.000000 1976.949153
-12866316.719488 -0.000000 1989.152542
-12876327.520486 -0.000000 2001.355932
-12891929.792423 -0.000000 2013.559322
-12967872.011246 -0.000000 2025.762712
-12969465.185911 -0.000000 2037.966102
-12303858.200937 -0.000000 2050.169492
-11163394.770391 -0.000000 2062.372881
-9848977.667713 -0.000000 2074.576271
-8084239.983388 -0.000000 2086.779661
-5989719.259583 -0.000000 2098.983051
-3663888.754916 -0.000000 2111.186441
-558047.535811 -0.000000 2123.389831
1354497.743463 0.000000 2135.593220
-7507532.495324 -0.000000 2147.796610
-19493948.254577 -0.000000 2160.000000
-15540230.155550 -0.000000 2172.203390
-14765007.950708 -0.000000 2184.406780
-14519492.585329 -0.000000 2196.610169
-14365516.239393 -0.000000 2208.813559
-14427206.195032 -0.000000 2221.016949
-14417434.721558 -0.000000 2233.220339
-14520600.987729 -0.000000 2245.423729
-15148300.437637 -0.000000 2257.627119
-15718074.607414 -0.000000 2269.830508
-15594001.971396 -0.000000 2282.033898
-15807123.862372 -0.000000 2294.237288
-17333904.811851 -0.000000 2306.440678
-18045067.440996 -0.000000 2318.644068
-17310643.167059 -0.000000 2330.847458
-16603975.318670 -0.000000 2343.050847
-16483320.614450 -0.000000 2355.254237
-17079967.006402 -0.000000 2367.457627
-18817263.400375 -0.000000 2379.661017
-22985962.330451 -0.000000 2391.864407
-31979393.429419 -0.000000 2404.067797
-36777874.897781 -0.000000 2416.271186
-12523828.102865 -0.000000 2428.474576
-4459942.200882 -0.000000 2440.677966
220382.111343 0.000000 2452.881356
3114601.700710 0.000000 2465.084746
4993707.208719 0.000000 2477.288136
6197295.787346 0.000000 2489.491525
7009596.460677 0.000000 2501.694915
7610818.238682 0.000000 2513.898305
8113385.525424 0.000000 2526.101695
8570441.702879 0.000000 2538.305085
9003336.100735 0.000000 2550.508475
9413859.481762 0.000000 2562.711864
9799159.490161 0.000000 2574.915254
10153471.540571 0.000000 2587.118644
10474666.977551 0.000000 2599.322034
10760929.974758 0.000000 2611.525424
11014094.255465 0.000000 2623.728814
11235648.292033 0.000000 2635.932203
11429147.230402 0.000000 2648.135593
11597087.748007 0.000000 2660.338983
11742986.652891 0.000000 2672.542373
11869171.422538 0.000000 2684.745763
11978539.311498 0.000000 2696.949153
12072937.089049 0.000000 2709.152542
12154626.180589 0.000000 2721.355932
12224971.791455 0.000000 2733.559322
12285741.987053 0.000000 2745.762712
12337878.054366 0.000000 2757.966102
12382825.730291 0.000000 2770.169492
12421147.980886 0.000000 2782.372881
12454153.661489 0.000000 2794.576271
12482058.443983 0.000000 2806.779661
12506254.140508 0.000000 2818.983051
12526644.814109 0.000000 2831.186441
12544954.964863 0.000000 2843.389831
12560793.592366 0.000000 2855.593220
12576320.756151 0.000000 2867.796610
12590560.549459 0.000000 2880.000000
12605303.993146 0.000000 2892.203390
12617255.900458 0.000000 2904.406780
12623927.690969 0.000000 2916.610169
12613548.728778 0.000000 2928.813559
12567822.357276 0.000000 2941.016949
12451266.413844 0.000000 2953.220339
12206248.666763 0.000000 2965.423729
11750471.920093 0.000000 2977.627119
10964565.601231 0.000000 2989.830508
9706035.675625 0.000000 3002.033898
7741451.962750 0.000000 3014.237288
4914616.831704 0.000000 3026.440678
1555892.241109 0.000000 3038.644068
-277842.384457 -0.000000 3050.847458
3239370.808322 0.000000 3063.050847
15561458.578894 0.000000 3075.254237
28104883.225617 0.000000 3087.457627
30436104.099597 0.000000 3099.661017
30508553.491490 0.000000 3111.864407
30865830.010372 0.000000 3124.067797
31170681.252821 0.000000 3136.271186
31334905.936391 0.000000 3148.474576
31011327.998205 0.000000 3160.677966
30531684.295822 0.000000 3172.881356
30341329.499626 0.000000 3185.084746
29974271.188980 0.000000 3197.288136
29596402.192405 0.000000 3209.491525
29288519.630998 0.000000 3221.694915
28995386.238496 0.000000 3233.898305
28794216.694385 0.000000 3246.101695
28638743.179064 0.000000 3258.305085
28522118.606888 0.000000 3270.508475
28421943.859841 0.000000 3282.711864
28340182.300379 0.000000 3294.915254
28267212.303429 0.000000 3307.118644
28212745.532581 0.000000 3319.322034
28186378.006597 0.000000 3331.525424
28215069.296610 0.000000 3343.728814
28335321.939592 0.000000 3355.932203
28659369.678736 0.000000 3368.135593
29134723.421444 0.000000 3380.338983
29135966.127795 0.000000 3392.542373
29657086.952717 0.000000 3404.745763
32104322.867240 0.000000 3416.949153
34049581.581789 0.000000 3429.152542
33782306.877717 0.000000 3441.355932
32251914.534575 0.000000 3453.559322
30609704.297082 0.000000 3465.762712
27245072.285166 0.000000 3477.966102
28887820.539082 0.000000 3490.169492
6569855.572948 0.000000 3502.372881
7731663.479373 0.000000 3514.576271
11716.392801 0.000000 3526.779661
19314.042199 0.000000 3538.983051
25744.244476 0.000000 3551.186441
30816.580952 0.000000 3563.389831
34696.101129 0.000000 3575.593220
37275.304763 0.000000 3587.796610
38577.948641 0.000000 3600.000000
