13891.967850 0.000000 0.000000
13970.222226 0.000000 12.203390
14127.078407 0.000000 24.406780
14363.087067 0.000000 36.610169
14679.462096 0.000000 48.813559
15077.037428 0.000000 61.016949
15557.974588 0.000000 73.220339
16123.513671 0.000000 85.423729
16776.727564 0.000000 97.627119
17519.280131 0.000000 109.830508
18355.187789 0.000000 122.033898
19286.549817 0.000000 134.237288
20318.373501 0.000000 146.440678
21453.203936 0.000000 158.644068
22697.096195 0.000000 170.847458
24053.051813 0.000000 183.050847
25528.240705 0.000000 195.254237
27126.130396 0.000000 207.457627
28855.082828 0.000000 219.661017
30719.039058 0.000000 231.864407
32727.640593 0.000000 244.067797
34885.307749 0.000000 256.271186
37203.060264 0.000000 268.474576
39685.800526 0.000000 280.677966
42346.038393 0.000000 292.881356
45189.158242 0.000000 305.084746
48229.284556 0.000000 317.288136
51472.281385 0.000000 329.491525
54934.028440 0.000000 341.694915
58620.863243 0.000000 353.898305
62550.579136 0.000000 366.101695
66729.978223 0.000000 378.305085
71178.943414 0.000000 390.508475
75904.730070 0.000000 402.711864
80929.508017 0.000000 414.915254
86260.969407 0.000000 427.118644
91923.790650 0.000000 439.322034
97926.082939 0.000000 451.525424
104295.269605 0.000000 463.728814
111039.859669 0.000000 475.932203
118190.288554 0.000000 488.135593
125755.436959 0.000000 500.338983
133769.039886 0.000000 512.542373
142240.323948 0.000000 524.745763
151206.629729 0.000000 536.949153
160677.502350 0.000000 549.152542
170694.211709 0.000000 561.355932
181266.593003 0.000000 573.559322
192440.176680 0.000000 585.762712
204225.064190 0.000000 597.966102
216671.371569 0.000000 610.169492
229789.442903 0.000000 622.372881
243634.278730 0.000000 634.576271
258216.441875 0.000000 646.779661
273596.050437 0.000000 658.983051
289783.849293 0.000000 671.186441
306845.182367 0.000000 683.389831
324790.894804 0.000000 695.593220
343691.444043 0.000000 707.796610
363557.589480 0.000000 720.000000
384464.406276 0.000000 732.203390
406422.138638 0.000000 744.406780
429509.332827 0.000000 756.610169
453734.801613 0.000000 768.813559
479178.317829 0.000000 781.016949
505845.370473 0.000000 793.220339
533812.836270 0.000000 805.423729
563079.108731 0.000000 817.627119
593710.813513 0.000000 829.830508
625691.889768 0.000000 842.033898
659065.683654 0.000000 854.237288
693787.551278 0.000000 866.440678
729854.401413 0.000000 878.644068
767166.091774 0.000000 890.847458
805631.540612 0.000000 903.050847
845044.076717 0.000000 915.254237
885149.261199 0.000000 927.457627
925537.601484 0.000000 939.661017
965653.780572 0.000000 951.864407
1004705.939061 0.000000 964.067797
1041589.527330 0.000000 976.271186
1074807.237029 0.000000 988.474576
1102280.108629 0.000000 1000.677966
1121282.610655 0.000000 1012.881356
1128157.676460 0.000000 1025.084746
1118377.107848 0.000000 1037.288136
1086414.655456 0.000000 1049.491525
1026464.480139 0.000000 1061.694915
933346.052740 0.000000 1073.898305
804946.289836 0.000000 1086.101695
644760.408413 0.000000 1098.305085
464893.189115 0.000000 1110.508475
286093.286850 0.000000 1122.711864
134646.746992 0.000000 1134.915254
324051995.514258 0.000000 1147.118644
-1868636.875773 -0.000000 1159.322034
-7904786.437515 -0.000000 1171.525424
-12496159.032674 -0.000000 1183.728814
-13437677.132864 -0.000000 1195.932203
-13124880.835417 -0.000000 1208.135593
-13034143.013316 -0.000000 1220.338983
-13040615.265434 -0.000000 1232.542373
-12944547.804605 -0.000000 1244.745763
-12467038.522436 -0.000000 1256.949153
-11973014.783315 -0.000000 1269.152542
-11755777.081499 -0.000000 1281.355932
-11506340.291699 -0.000000 1293.559322
-11242651.517185 -0.000000 1305.762712
-11006433.947015 -0.000000 1317.966102
-10763262.877672 -0.000000 1330.169492
-10518457.098434 -0.000000 1342.372881
-10272885.154012 -0.000000 1354.576271
-10034823.699198 -0.000000 1366.779661
-9805247.924202 -0.000000 1378.983051
-9586303.038620 -0.000000 1391.186441
-9372078.097941 -0.000000 1403.389831
-9153825.300225 -0.000000 1415.593220
-8919866.938817 -0.000000 1427.796610
-8668970.944563 -0.000000 1440.000000
-8402139.837019 -0.000000 1452.203390
-8120758.834784 -0.000000 1464.406780
-7837872.414475 -0.000000 1476.610169
-7577178.583915 -0.000000 1488.813559
-7352407.243419 -0.000000 1501.016949
-7156321.367279 -0.000000 1513.220339
-6971702.213167 -0.000000 1525.423729
-6779348.869769 -0.000000 1537.627119
-6565066.987569 -0.000000 1549.830508
-6321843.346005 -0.000000 1562.033898
-6056000.505678 -0.000000 1574.237288
-5780015.745353 -0.000000 1586.440678
-5509192.447899 -0.000000 1598.644068
-5252486.638248 -0.000000 1610.847458
-5013309.436887 -0.000000 1623.050847
-4778616.872340 -0.000000 1635.254237
-4534512.239229 -0.000000 1647.457627
-4275589.298429 -0.000000 1659.661017
-4016218.442644 -0.000000 1671.864407
-3756998.204069 -0.000000 1684.067797
-3487937.660672 -0.000000 1696.271186
-3186422.975740 -0.000000 1708.474576
-2843602.730271 -0.000000 1720.677966
-2439278.628745 -0.000000 1732.881356
-1949564.505125 -0.000000 1745.084746
-1322376.117149 -0.000000 1757.288136
-499862.772581 -0.000000 1769.491525
608686.620474 0.000000 1781.694915
2085417.458206 0.000000 1793.898305
4065982.458543 0.000000 1806.101695
6428442.191229 0.000000 1818.305085
9546365.571108 0.000000 1830.508475
12653211.860476 0.000000 1842.711864
13464771.972999 0.000000 1854.915254
13721315.716152 0.000000 1867.118644
11938714.301080 0.000000 1879.322034
1801959.084614 0.000000 1891.525424
-11332100.523710 -0.000000 1903.728814
-19681055.796441 -0.000000 1915.932203
-59603862.773311 -0.000000 1928.135593
-27386957.496631 -0.000000 1940.338983
-17502962.653642 -0.000000 1952.542373
-14512368.823782 -0.000000 1964.745763
-13647447.417505 -0.000000 1976.949153
-14905252.573205 -0.000000 1989.152542
-17868844.276049 -0.000000 2001.355932
-21172742.318870 -0.000000 2013.559322
-24527563.311463 -0.000000 2025.762712
-28005895.244341 -0.000000 2037.966102
-32075371.134117 -0.000000 2050.169492
-37510143.064846 -0.000000 2062.372881
-36801772.721115 -0.000000 2074.576271
-25976105.696887 -0.000000 2086.779661
-2105095402.828788 -0.000000 2098.983051
-17845365.150105 -0.000000 2111.186441
9196164.908750 0.000000 2123.389831
-4377544.556401 -0.000000 2135.593220
-5936792.986818 -0.000000 2147.796610
664329863.632310 0.000000 2160.000000
17718798.760482 0.000000 2172.203390
33734108.839705 0.000000 2184.406780
32797874.544409 0.000000 2196.610169
11469817.380008 0.000000 2208.813559
8789431.955402 0.000000 2221.016949
5362507.033711 0.000000 2233.220339
1027882.196763 0.000000 2245.423729
-2402971.023044 -0.000000 2257.627119
-4662985.871514 -0.000000 2269.830508
-5662144.220766 -0.000000 2282.033898
-5687237.291693 -0.000000 2294.237288
-5088286.631572 -0.000000 2306.440678
-4203557.411599 -0.000000 2318.644068
-3228973.010328 -0.000000 2330.847458
-2295411.592494 -0.000000 2343.050847
-1440791.676964 -0.000000 2355.254237
-686634.246741 -0.000000 2367.457627
-19709.034395 0.000000 2379.661017
568703.579140 0.000000 2391.864407
1095712.014434 0.000000 2404.067797
1571459.595961 0.000000 2416.271186
2006305.422245 0.000000 2428.474576
2406444.583762 0.000000 2440.677966
2777012.767513 0.000000 2452.881356
3121357.388078 0.000000 2465.084746
3442140.575077 0.000000 2477.288136
3741354.048937 0.000000 2489.491525
4020687.168482 0.000000 2501.694915
4281892.617981 0.000000 2513.898305
4526354.109638 0.000000 2526.101695
4756309.278446 0.000000 2538.305085
4972560.372525 0.000000 2550.508475
5177435.223679 0.000000 2562.711864
5369718.212575 0.000000 2574.915254
5549380.626925 0.000000 2587.118644
5708914.876942 0.000000 2599.322034
5841851.538596 0.000000 2611.525424
5943331.733664 0.000000 2623.728814
6032338.388544 0.000000 2635.932203
6141226.554845 0.000000 2648.135593
6282960.470728 0.000000 2660.338983
6425776.887669 0.000000 2672.542373
6523020.527454 0.000000 2684.745763
6569270.553687 0.000000 2696.949153
6596537.776255 0.000000 2709.152542
6654774.717344 0.000000 2721.355932
6755928.500967 0.000000 2733.559322
6883649.122230 0.000000 2745.762712
6976046.929364 0.000000 2757.966102
6973325.200435 0.000000 2770.169492
6806017.531350 0.000000 2782.372881
6403023.572202 0.000000 2794.576271
5654155.186701 0.000000 2806.779661
4428225.474360 0.000000 2818.983051
2617509.509288 0.000000 2831.186441
262070.043185 0.000000 2843.389831
-2183378.044883 -0.000000 2855.593220
-3555370.275639 -0.000000 2867.796610
-1760555.498292 -0.000000 2880.000000
7127700.977643 0.000000 2892.203390
20917277.858763 0.000000 2904.406780
29009777.215093 0.000000 2916.610169
29881460.803881 0.000000 2928.813559
29736160.602457 0.000000 2941.016949
30112521.074771 0.000000 2953.220339
30455536.075617 0.000000 2965.423729
30065448.756856 0.000000 2977.627119
29715208.829523 0.000000 2989.830508
29485941.852090 0.000000 3002.033898
29022994.364466 0.000000 3014.237288
28673526.799474 0.000000 3026.440678
28341866.258463 0.000000 3038.644068
28048269.829958 0.000000 3050.847458
27841729.594402 0.000000 3063.050847
27692029.997180 0.000000 3075.254237
27590311.540051 0.000000 3087.457627
27524480.525212 0.000000 3099.661017
27475497.982821 0.000000 3111.864407
27434432.352765 0.000000 3124.067797
27392200.965250 0.000000 3136.271186
27366078.919086 0.000000 3148.474576
27374352.331159 0.000000 3160.677966
27472104.851684 0.000000 3172.881356
27713298.537895 0.000000 3185.084746
28176150.125780 0.000000 3197.288136
28538692.574953 0.000000 3209.491525
28552007.941389 0.000000 3221.694915
29906836.820422 0.000000 3233.898305
32408568.701102 0.000000 3246.101695
33162704.814216 0.000000 3258.305085
32072945.586000 0.000000 3270.508475
29969207.785241 0.000000 3282.711864
28031132.128986 0.000000 3294.915254
27598222.685266 0.000000 3307.118644
23077353.443829 0.000000 3319.322034
466298.068314 0.000000 3331.525424
-17824198.882082 -0.000000 3343.728814
-33783.547199 -0.000000 3355.932203
-57273.563366 -0.000000 3368.135593
-81862.716937 -0.000000 3380.338983
-106446.731585 -0.000000 3392.542373
-129860.566797 -0.000000 3404.745763
-151416.291532 -0.000000 3416.949153
-170572.560265 -0.000000 3429.152542
-187111.219520 -0.000000 3441.355932
-201007.519891 -0.000000 3453.559322
-212404.507705 -0.000000 3465.762712
-221547.165162 -0.000000 3477.966102
-228725.376336 -0.000000 3490.169492
-234250.720589 -0.000000 3502.372881
-238414.173883 -0.000000 3514.576271
-241489.328081 -0.000000 3526.779661
-243706.841736 -0.000000 3538.983051
-245268.274909 -0.000000 3551.186441
-246331.144006 -0.000000 3563.389831
-247023.288340 -0.000000 3575.593220
-247434.207390 -0.000000 3587.796610
-247625.268679 -0.000000 3600.000000
