304326.424779 0.000000 0.000000
305293.586557 0.000000 12.203390
307229.346318 0.000000 24.406780
310137.447542 0.000000 36.610169
314022.294743 0.000000 48.813559
318891.057836 0.000000 61.016949
324750.935186 0.000000 73.220339
331612.518614 0.000000 85.423729
339485.266475 0.000000 97.627119
348382.891221 0.000000 109.830508
358316.280034 0.000000 122.033898
369301.575835 0.000000 134.237288
381349.678286 0.000000 146.440678
394477.736611 0.000000 158.644068
408694.227160 0.000000 170.847458
424014.523035 0.000000 183.050847
440440.439946 0.000000 195.254237
457980.308118 0.000000 207.457627
476621.802899 0.000000 219.661017
496356.411758 0.000000 231.864407
517144.270332 0.000000 244.067797
538941.944127 0.000000 256.271186
561657.694359 0.000000 268.474576
585179.860327 0.000000 280.677966
609320.200130 0.000000 292.881356
633837.521490 0.000000 305.084746
658365.017626 0.000000 317.288136
682419.940323 0.000000 329.491525
705308.134898 0.000000 341.694915
726106.700017 0.000000 353.898305
743538.748991 0.000000 366.101695
755921.647711 0.000000 378.305085
761028.210626 0.000000 390.508475
756051.497935 0.000000 402.711864
737593.527916 0.000000 414.915254
701923.797835 0.000000 427.118644
645564.592384 0.000000 439.322034
566437.705521 0.000000 451.525424
465490.558947 0.000000 463.728814
348415.174403 0.000000 475.932203
226538.747817 0.000000 488.135593
115681.051836 0.000000 500.338983
143606799.903533 0.000000 512.542373
-2259354.393663 -0.000000 524.745763
-9806787.138634 -0.000000 536.949153
-13611330.607064 -0.000000 549.152542
-13314725.528643 -0.000000 561.355932
-13028499.154527 -0.000000 573.559322
-12935609.943017 -0.000000 585.762712
-12940924.518889 -0.000000 597.966102
-12926424.409672 -0.000000 610.169492
-12857888.564298 -0.000000 622.372881
-12711894.400258 -0.000000 634.576271
-12574079.483483 -0.000000 646.779661
-12603628.009995 -0.000000 658.983051
-12698404.960030 -0.000000 671.186441
-12732654.836763 -0.000000 683.389831
-12733588.188797 -0.000000 695.593220
-12720941.663705 -0.000000 707.796610
-12695373.555500 -0.000000 720.000000
-12649795.602072 -0.000000 732.203390
-12593682.036095 -0.000000 744.406780
-12565945.101321 -0.000000 756.610169
-12540570.475523 -0.000000 768.813559
-12470262.477867 -0.000000 781.016949
-12348758.929273 -0.000000 793.220339
-12183839.070589 -0.000000 805.423729
-12005041.048493 -0.000000 817.627119
-11839887.932308 -0.000000 829.830508
-11694921.883486 -0.000000 842.033898
-11551376.768356 -0.000000 854.237288
-11392067.399829 -0.000000 866.440678
-11215091.980924 -0.000000 878.644068
-11039927.766884 -0.000000 890.847458
-10874865.374867 -0.000000 903.050847
-10723960.964191 -0.000000 915.254237
-10580282.603888 -0.000000 927.457627
-10441242.653978 -0.000000 939.661017
-10299271.246813 -0.000000 951.864407
-10152135.215487 -0.000000 964.067797
-9997002.013801 -0.000000 976.271186
-9836476.151124 -0.000000 988.474576
-9672511.510496 -0.000000 1000.677966
-9508160.221692 -0.000000 1012.881356
-9344540.904503 -0.000000 1025.084746
-9182372.466911 -0.000000 1037.288136
-9021594.541215 -0.000000 1049.491525
-8861966.783000 -0.000000 1061.694915
-8703304.215627 -0.000000 1073.898305
-8545258.630341 -0.000000 1086.101695
-8387742.103194 -0.000000 1098.305085
-8230478.960075 -0.000000 1110.508475
-8073455.702250 -0.000000 1122.711864
-7916497.874174 -0.000000 1134.915254
-7759630.601896 -0.000000 1147.118644
-7602762.829356 -0.000000 1159.322034
-7445929.809836 -0.000000 1171.525424
-7289094.650808 -0.000000 1183.728814
-7132287.083533 -0.000000 1195.932203
-6975499.238950 -0.000000 1208.135593
-6818747.527604 -0.000000 1220.338983
-6662032.087990 -0.000000 1232.542373
-6505347.746065 -0.000000 1244.745763
-6348680.547206 -0.000000 1256.949153
-6191988.210141 -0.000000 1269.152542
-6035215.271113 -0.000000 1281.355932
-5878259.094958 -0.000000 1293.559322
-5720995.605344 -0.000000 1305.762712
-5563245.117231 -0.000000 1317.966102
-5404810.390855 -0.000000 1330.169492
-5245465.406384 -0.000000 1342.372881
-5085056.337365 -0.000000 1354.576271
-4923632.272768 -0.000000 1366.779661
-4761762.664697 -0.000000 1378.983051
-4600799.114732 -0.000000 1391.186441
-4442856.761232 -0.000000 1403.389831
-4289954.498753 -0.000000 1415.593220
-4142544.060542 -0.000000 1427.796610
-3998378.146281 -0.000000 1440.000000
-3853213.666693 -0.000000 1452.203390
-3703126.120360 -0.000000 1464.406780
-3546702.871711 -0.000000 1476.610169
-3385244.634690 -0.000000 1488.813559
-3221379.569359 -0.000000 1501.016949
-3057446.562586 -0.000000 1513.220339
-2894814.287849 -0.000000 1525.423729
-2733941.465733 -0.000000 1537.627119
-2574786.198313 -0.000000 1549.830508
-2417105.293826 -0.000000 1562.033898
-2260623.972975 -0.000000 1574.237288
-2105105.228941 -0.000000 1586.440678
-1950339.828236 -0.000000 1598.644068
-1796199.019351 -0.000000 1610.847458
-1642551.899352 -0.000000 1623.050847
-1489376.721623 -0.000000 1635.254237
-1336588.845341 -0.000000 1647.457627
-1184256.164067 -0.000000 1659.661017
-1032294.716475 -0.000000 1671.864407
-880852.091723 -0.000000 1684.067797
-729803.473149 -0.000000 1696.271186
-579389.590925 -0.000000 1708.474576
-429427.816561 -0.000000 1720.677966
-280313.455757 -0.000000 1732.881356
-131877.556828 -0.000000 1745.084746
15145.914186 0.000000 1757.288136
160573.149925 0.000000 1769.491525
302832.395852 0.000000 1781.694915
440385.579719 0.000000 1793.898305
569628.071061 0.000000 1806.101695
685378.795378 0.000000 1818.305085
779694.234009 0.000000 1830.508475
839956.776883 0.000000 1842.711864
851360.829942 0.000000 1854.915254
791905.779707 0.000000 1867.118644
644519.574760 0.000000 1879.322034
393347.735642 0.000000 1891.525424
49682.815004 0.000000 1903.728814
-344302.724771 -0.000000 1915.932203
-743978.416327 -0.000000 1928.135593
-1033788.309114 -0.000000 1940.338983
-1436279.994576 -0.000000 1952.542373
4518301.357503 0.000000 1964.745763
14291564.612354 0.000000 1976.949153
14712619.066003 0.000000 1989.152542
13700665.035792 0.000000 2001.355932
14214692.203745 0.000000 2013.559322
11708440.589256 0.000000 2025.762712
2564779.068848 0.000000 2037.966102
-8516662.564633 -0.000000 2050.169492
-23554397.070809 -0.000000 2062.372881
-64683380.179026 -0.000000 2074.576271
-34409565.975725 -0.000000 2086.779661
-20611874.209734 -0.000000 2098.983051
-15567308.942905 -0.000000 2111.186441
-14401286.034453 -0.000000 2123.389831
-12770743.341867 -0.000000 2135.593220
-9643494.904586 -0.000000 2147.796610
-16009383.034569 -0.000000 2160.000000
-25769172.759123 -0.000000 2172.203390
-33341338.318759 -0.000000 2184.406780
-30332988.393574 -0.000000 2196.610169
-26985482.359873 -0.000000 2208.813559
-21856104.254233 -0.000000 2221.016949
-671859750.510721 -0.000000 2233.220339
-30448268.255126 -0.000000 2245.423729
2019052.702137 0.000000 2257.627119
5309006.890376 0.000000 2269.830508
9586208.338160 0.000000 2282.033898
10021833.371149 0.000000 2294.237288
7933438.466470 0.000000 2306.440678
4623676.490423 0.000000 2318.644068
1420115.568014 0.000000 2330.847458
-692267.684236 -0.000000 2343.050847
-1486527.548805 -0.000000 2355.254237
-1270370.550681 -0.000000 2367.457627
-476904.390190 -0.000000 2379.661017
534085.270097 0.000000 2391.864407
1560750.918574 0.000000 2404.067797
2519505.696197 0.000000 2416.271186
3402360.392528 0.000000 2428.474576
4212141.219641 0.000000 2440.677966
4938902.387416 0.000000 2452.881356
5581200.385971 0.000000 2465.084746
6145162.175399 0.000000 2477.288136
6648641.836946 0.000000 2489.491525
7101061.129064 0.000000 2501.694915
7513428.349037 0.000000 2513.898305
7889230.171079 0.000000 2526.101695
8234086.660704 0.000000 2538.305085
8550660.768867 0.000000 2550.508475
8841945.965527 0.000000 2562.711864
9111203.643483 0.000000 2574.915254
9359429.252440 0.000000 2587.118644
9590568.518019 0.000000 2599.322034
9804047.823620 0.000000 2611.525424
10004179.216631 0.000000 2623.728814
10189282.006078 0.000000 2635.932203
10362483.535245 0.000000 2648.135593
10518785.932558 0.000000 2660.338983
10653794.658872 0.000000 2672.542373
10758313.548414 0.000000 2684.745763
10833747.980465 0.000000 2696.949153
10898478.084556 0.000000 2709.152542
10971018.775163 0.000000 2721.355932
11058553.711380 0.000000 2733.559322
11144535.656045 0.000000 2745.762712
11215763.685037 0.000000 2757.966102
11252379.252933 0.000000 2770.169492
11272166.405685 0.000000 2782.372881
11305122.283407 0.000000 2794.576271
11387174.289971 0.000000 2806.779661
11491679.354053 0.000000 2818.983051
11549539.661717 0.000000 2831.186441
11485457.011576 0.000000 2843.389831
11239643.796757 0.000000 2855.593220
10743787.249081 0.000000 2867.796610
9890072.627684 0.000000 2880.000000
8548240.278830 0.000000 2892.203390
6523161.604391 0.000000 2904.406780
3748587.083343 0.000000 2916.610169
714006.126764 0.000000 2928.813559
-509712.498603 -0.000000 2941.016949
4181244.056330 0.000000 2953.220339
16873994.745382 0.000000 2965.423729
28408251.192536 0.000000 2977.627119
30261876.023404 0.000000 2989.830508
30303018.807789 0.000000 3002.033898
30643271.222424 0.000000 3014.237288
30968774.029489 0.000000 3026.440678
31133343.291594 0.000000 3038.644068
30691839.648602 0.000000 3050.847458
30224863.005477 0.000000 3063.050847
30030966.249671 0.000000 3075.254237
29621754.355058 0.000000 3087.457627
29288671.424459 0.000000 3099.661017
28999326.358310 0.000000 3111.864407
28745559.294105 0.000000 3124.067797
28574615.992969 0.000000 3136.271186
28438572.188631 0.000000 3148.474576
28330986.697487 0.000000 3160.677966
28235771.889546 0.000000 3172.881356
28154170.661504 0.000000 3185.084746
28079577.137001 0.000000 3197.288136
28022601.563952 0.000000 3209.491525
27993070.404372 0.000000 3221.694915
28017254.176472 0.000000 3233.898305
28133394.144381 0.000000 3246.101695
28451577.214988 0.000000 3258.305085
28928399.692953 0.000000 3270.508475
28901503.558535 0.000000 3282.711864
29384646.572109 0.000000 3294.915254
31926761.553213 0.000000 3307.118644
33943744.754589 0.000000 3319.322034
33590990.491424 0.000000 3331.525424
31982766.321914 0.000000 3343.728814
30347869.909221 0.000000 3355.932203
26943002.655577 0.000000 3368.135593
28388606.885534 0.000000 3380.338983
6440987.749263 0.000000 3392.542373
-2528729.622603 -0.000000 3404.745763
-200.964564 -0.000000 3416.949153
743.752851 0.000000 3429.152542
1596.144521 0.000000 3441.355932
2184.112505 0.000000 3453.559322
2732.862131 0.000000 3465.762712
3161.206002 0.000000 3477.966102
3531.998046 0.000000 3490.169492
3827.543797 0.000000 3502.372881
4073.688345 0.000000 3514.576271
4269.208407 0.000000 3526.779661
4427.477897 0.000000 3538.983051
4550.340032 0.000000 3551.186441
4644.865173 0.000000 3563.389831
4712.597904 0.000000 3575.593220
4756.991017 0.000000 3587.796610
4778.651036 0.000000 3600.000000
