33522.383966 0.000000 0.000000
33529.595040 0.000000 12.203390
33543.921144 0.000000 24.406780
33565.451934 0.000000 36.610169
33594.070275 0.000000 48.813559
33629.678484 0.000000 61.016949
33672.206163 0.000000 73.220339
33721.489938 0.000000 85.423729
33777.443035 0.000000 97.627119
33839.848169 0.000000 109.830508
33908.599492 0.000000 122.033898
33983.430143 0.000000 134.237288
34064.217997 0.000000 146.440678
34150.649417 0.000000 158.644068
34242.588657 0.000000 170.847458
34339.678284 0.000000 183.050847
34441.772144 0.000000 195.254237
34548.471794 0.000000 207.457627
34659.623518 0.000000 219.661017
34774.789871 0.000000 231.864407
34893.811926 0.000000 244.067797
35016.214763 0.000000 256.271186
35141.835800 0.000000 268.474576
35270.163126 0.000000 280.677966
35401.031471 0.000000 292.881356
35533.891422 0.000000 305.084746
35668.574417 0.000000 317.288136
35804.492016 0.000000 329.491525
35941.470922 0.000000 341.694915
36078.881418 0.000000 353.898305
36216.544295 0.000000 366.101695
36353.785019 0.000000 378.305085
36490.415862 0.000000 390.508475
36625.715281 0.000000 402.711864
36759.485247 0.000000 414.915254
36890.954384 0.000000 427.118644
37019.914725 0.000000 439.322034
37145.544140 0.000000 451.525424
37267.625568 0.000000 463.728814
37385.288495 0.000000 475.932203
37498.310493 0.000000 488.135593
37605.776005 0.000000 500.338983
37707.465084 0.000000 512.542373
37802.424291 0.000000 524.745763
37890.445990 0.000000 536.949153
37970.550191 0.000000 549.152542
38042.555220 0.000000 561.355932
38105.466512 0.000000 573.559322
38159.145333 0.000000 585.762712
38202.600499 0.000000 597.966102
38235.754683 0.000000 610.169492
38257.637652 0.000000 622.372881
38268.256071 0.000000 634.576271
38266.681209 0.000000 646.779661
38253.026382 0.000000 658.983051
38226.426827 0.000000 671.186441
38187.127301 0.000000 683.389831
38134.349514 0.000000 695.593220
38068.495634 0.000000 707.796610
37988.898052 0.000000 720.000000
37896.142991 0.000000 732.203390
37789.698692 0.000000 744.406780
37670.362940 0.000000 756.610169
37537.764914 0.000000 768.813559
37392.943943 0.000000 781.016949
37235.717244 0.000000 793.220339
37067.395349 0.000000 805.423729
36888.014189 0.000000 817.627119
36699.188970 0.000000 829.830508
36501.203711 0.000000 842.033898
36296.014626 0.000000 854.237288
36084.190040 0.000000 866.440678
35868.066439 0.000000 878.644068
35648.534744 0.000000 890.847458
35428.355276 0.000000 903.050847
35208.786064 0.000000 915.254237
34993.060026 0.000000 927.457627
34782.849494 0.000000 939.661017
34581.914353 0.000000 951.864407
34392.395661 0.000000 964.067797
34218.639075 0.000000 976.271186
34063.313931 0.000000 988.474576
33931.414133 0.000000 1000.677966
33826.201753 0.000000 1012.881356
33753.388619 0.000000 1025.084746
33716.898526 0.000000 1037.288136
33723.230954 0.000000 1049.491525
33777.043790 0.000000 1061.694915
33885.698560 0.000000 1073.898305
34054.663337 0.000000 1086.101695
34292.234586 0.000000 1098.305085
34604.767288 0.000000 1110.508475
35001.566044 0.000000 1122.711864
35489.949763 0.000000 1134.915254
36080.298911 0.000000 1147.118644
36780.969970 0.000000 1159.322034
37603.480560 0.000000 1171.525424
38557.293699 0.000000 1183.728814
39655.112466 0.000000 1195.932203
40907.565598 0.000000 1208.135593
42328.572023 0.000000 1220.338983
43929.967601 0.000000 1232.542373
45726.889225 0.000000 1244.745763
47732.398272 0.000000 1256.949153
49962.809995 0.000000 1269.152542
52432.387522 0.000000 1281.355932
55158.524784 0.000000 1293.559322
58156.604113 0.000000 1305.762712
61444.907808 0.000000 1317.966102
65039.763418 0.000000 1330.169492
68960.022471 0.000000 1342.372881
73222.648962 0.000000 1354.576271
77846.559182 0.000000 1366.779661
82848.848320 0.000000 1378.983051
88247.729246 0.000000 1391.186441
94059.648022 0.000000 1403.389831
100300.979442 0.000000 1415.593220
106986.350589 0.000000 1427.796610
114128.670846 0.000000 1440.000000
121739.054242 0.000000 1452.203390
129824.656503 0.000000 1464.406780
138390.696342 0.000000 1476.610169
147435.441763 0.000000 1488.813559
156954.952368 0.000000 1501.016949
166934.415788 0.000000 1513.220339
177356.390311 0.000000 1525.423729
188187.521766 0.000000 1537.627119
199391.251117 0.000000 1549.830508
210908.759868 0.000000 1562.033898
222677.337049 0.000000 1574.237288
234604.199474 0.000000 1586.440678
246591.964935 0.000000 1598.644068
258503.801977 0.000000 1610.847458
270197.742814 0.000000 1623.050847
281481.439983 0.000000 1635.254237
292157.322705 0.000000 1647.457627
301965.163337 0.000000 1659.661017
310640.273099 0.000000 1671.864407
317842.175255 0.000000 1684.067797
323228.014923 0.000000 1696.271186
326366.131377 0.000000 1708.474576
326826.335321 0.000000 1720.677966
324078.439549 0.000000 1732.881356
317599.500258 0.000000 1745.084746
306760.192369 0.000000 1757.288136
290945.394530 0.000000 1769.491525
269437.339151 0.000000 1781.694915
241537.769550 0.000000 1793.898305
206469.533916 0.000000 1806.101695
163471.238997 0.000000 1818.305085
111766.037782 0.000000 1830.508475
50563.192364 0.000000 1842.711864
-20798.826099 -0.000000 1854.915254
-103085.807859 -0.000000 1867.118644
-196617.560468 -0.000000 1879.322034
-302030.496181 -0.000000 1891.525424
-418828.988099 -0.000000 1903.728814
-547215.049101 -0.000000 1915.932203
-684822.063060 -0.000000 1928.135593
-830095.810590 -0.000000 1940.338983
-976371.930864 -0.000000 1952.542373
-1112893.314010 -0.000000 1964.745763
-1222601.330490 -0.000000 1976.949153
-1235903.467148 -0.000000 1989.152542
-975722.861609 -0.000000 2001.355932
-2381826438.361005 -0.000000 2013.559322
-6937894.028096 -0.000000 2025.762712
-13973485.162241 -0.000000 2037.966102
-7809598.165374 -0.000000 2050.169492
10494429.789909 0.000000 2062.372881
23831529.156776 0.000000 2074.576271
19198217.579180 0.000000 2086.779661
17816816.097158 0.000000 2098.983051
18108476.146783 0.000000 2111.186441
17341102.246162 0.000000 2123.389831
16534949.873444 0.000000 2135.593220
12712252.362402 0.000000 2147.796610
6448080.384350 0.000000 2160.000000
1649759.816366 0.000000 2172.203390
-899575.607261 -0.000000 2184.406780
-1890836.544830 -0.000000 2196.610169
-2061637.040551 -0.000000 2208.813559
-1896339.023545 -0.000000 2221.016949
-1653791.368229 -0.000000 2233.220339
-1443776.657228 -0.000000 2245.423729
-1282726.031302 -0.000000 2257.627119
-1161138.550751 -0.000000 2269.830508
-1050267.340199 -0.000000 2282.033898
-936439.194281 -0.000000 2294.237288
-804157.311777 -0.000000 2306.440678
-653633.173763 -0.000000 2318.644068
-481659.191604 -0.000000 2330.847458
-294378.646843 -0.000000 2343.050847
-92460.380441 -0.000000 2355.254237
117832.141206 0.000000 2367.457627
335247.412966 0.000000 2379.661017
554635.208492 0.000000 2391.864407
773866.443981 0.000000 2404.067797
988017.383546 0.000000 2416.271186
1191608.231622 0.000000 2428.474576
1380218.573554 0.000000 2440.677966
1552890.281996 0.000000 2452.881356
1724552.658036 0.000000 2465.084746
1904776.647497 0.000000 2477.288136
2093253.909477 0.000000 2489.491525
2264667.394367 0.000000 2501.694915
2423911.970482 0.000000 2513.898305
2585364.805419 0.000000 2526.101695
2769352.958392 0.000000 2538.305085
2942522.256688 0.000000 2550.508475
3067018.806651 0.000000 2562.711864
3098390.363903 0.000000 2574.915254
3025362.766417 0.000000 2587.118644
2823180.997793 0.000000 2599.322034
2434327.563235 0.000000 2611.525424
1735957.304281 0.000000 2623.728814
584320.441509 0.000000 2635.932203
-1092481.253447 -0.000000 2648.135593
-3185652.772589 -0.000000 2660.338983
-5140847.968050 -0.000000 2672.542373
-5759219.003232 -0.000000 2684.745763
-3128807.740062 -0.000000 2696.949153
6275295.761635 0.000000 2709.152542
20147954.820101 0.000000 2721.355932
28261518.127495 0.000000 2733.559322
29232444.201397 0.000000 2745.762712
29291148.598200 0.000000 2757.966102
29710383.999278 0.000000 2770.169492
29832284.844256 0.000000 2782.372881
29529878.808914 0.000000 2794.576271
29262217.894309 0.000000 2806.779661
28782359.670833 0.000000 2818.983051
28331654.107983 0.000000 2831.186441
27988230.347775 0.000000 2843.389831
27661685.987384 0.000000 2855.593220
27457636.938685 0.000000 2867.796610
27319407.826088 0.000000 2880.000000
27238256.525350 0.000000 2892.203390
27188445.991015 0.000000 2904.406780
27163539.964846 0.000000 2916.610169
27146087.515416 0.000000 2928.813559
27137845.736153 0.000000 2941.016949
27133399.692763 0.000000 2953.220339
27146045.369469 0.000000 2965.423729
27176325.748681 0.000000 2977.627119
27255254.960394 0.000000 2989.830508
27408543.805125 0.000000 3002.033898
27747205.600203 0.000000 3014.237288
28083817.621949 0.000000 3026.440678
28101288.435920 0.000000 3038.644068
29060440.251323 0.000000 3050.847458
31317745.740090 0.000000 3063.050847
32474543.536016 0.000000 3075.254237
32041166.571428 0.000000 3087.457627
30794608.396247 0.000000 3099.661017
29563810.147367 0.000000 3111.864407
26528327.525628 0.000000 3124.067797
28963516.991919 0.000000 3136.271186
4157642.998728 0.000000 3148.474576
-14581126.430919 -0.000000 3160.677966
-13927.402548 -0.000000 3172.881356
-26747.212322 -0.000000 3185.084746
-41855.633622 -0.000000 3197.288136
-58216.215167 -0.000000 3209.491525
-74504.089006 -0.000000 3221.694915
-89782.002563 -0.000000 3233.898305
-103324.655527 -0.000000 3246.101695
-114718.548818 -0.000000 3258.305085
-123793.831491 -0.000000 3270.508475
-130569.117035 -0.000000 3282.711864
-135201.795092 -0.000000 3294.915254
-137915.862453 -0.000000 3307.118644
-138982.008823 -0.000000 3319.322034
-138665.175994 -0.000000 3331.525424
-137229.879531 -0.000000 3343.728814
-134906.442209 -0.000000 3355.932203
-131909.416968 -0.000000 3368.135593
-128414.564344 -0.000000 3380.338983
-124581.282461 -0.000000 3392.542373
-120534.922252 -0.000000 3404.745763
-116388.580493 -0.000000 3416.949153
-112228.264360 -0.000000 3429.152542
-108132.212191 -0.000000 3441.355932
-104158.027914 -0.000000 3453.559322
-100359.033177 -0.000000 3465.762712
-96773.150957 -0.000000 3477.966102
-93436.327567 -0.000000 3490.169492
-90373.150278 -0.000000 3502.372881
-87607.553540 -0.000000 3514.576271
-85155.183206 -0.000000 3526.779661
-83031.627793 -0.000000 3538.983051
-81246.529574 -0.000000 3551.186441
-79809.547794 -0.000000 3563.389831
-78726.211619 -0.000000 3575.593220
-78001.695786 -0.000000 3587.796610
-77638.647545 -0.000000 3600.000000
