22610.537219 0.000000 0.000000
22720.030567 0.000000 12.203390
22939.282025 0.000000 24.406780
23268.963717 0.000000 36.610169
23710.025017 0.000000 48.813559
24263.566852 0.000000 61.016949
24931.289812 0.000000 73.220339
25714.841781 0.000000 85.423729
26616.627937 0.000000 97.627119
27638.867511 0.000000 109.830508
28784.680958 0.000000 122.033898
30056.881339 0.000000 134.237288
31459.323580 0.000000 146.440678
32995.439939 0.000000 158.644068
34669.841930 0.000000 170.847458
36486.611438 0.000000 183.050847
38451.141744 0.000000 195.254237
40568.199419 0.000000 207.457627
42843.987101 0.000000 219.661017
45283.995460 0.000000 231.864407
47895.265809 0.000000 244.067797
50684.057858 0.000000 256.271186
53658.281973 0.000000 268.474576
56825.016769 0.000000 280.677966
60193.073454 0.000000 292.881356
63770.404886 0.000000 305.084746
67566.753273 0.000000 317.288136
71591.007237 0.000000 329.491525
75853.868900 0.000000 341.694915
80365.227970 0.000000 353.898305
85136.771316 0.000000 366.101695
90179.458151 0.000000 378.305085
95505.974197 0.000000 390.508475
101128.415132 0.000000 402.711864
107060.462859 0.000000 414.915254
113315.402710 0.000000 427.118644
119907.878492 0.000000 439.322034
126852.390929 0.000000 451.525424
134164.451280 0.000000 463.728814
141859.738213 0.000000 475.932203
149954.434961 0.000000 488.135593
158465.235738 0.000000 500.338983
167408.617376 0.000000 512.542373
176801.900621 0.000000 524.745763
186661.150966 0.000000 536.949153
197003.504574 0.000000 549.152542
207843.333768 0.000000 561.355932
219196.011116 0.000000 573.559322
231071.894463 0.000000 585.762712
243481.623462 0.000000 597.966102
256427.338654 0.000000 610.169492
269909.430697 0.000000 622.372881
283914.182229 0.000000 634.576271
298421.536297 0.000000 646.779661
313387.921656 0.000000 658.983051
328753.948709 0.000000 671.186441
344420.376535 0.000000 683.389831
360253.436386 0.000000 695.593220
376050.469323 0.000000 707.796610
391538.572676 0.000000 720.000000
406324.268783 0.000000 732.203390
419878.807480 0.000000 744.406780
431465.121412 0.000000 756.610169
440105.295280 0.000000 768.813559
444489.558945 0.000000 781.016949
442953.199943 0.000000 793.220339
433445.019498 0.000000 805.423729
413680.366625 0.000000 817.627119
381463.274266 0.000000 829.830508
335413.841807 0.000000 842.033898
275969.696649 0.000000 854.237288
206532.858623 0.000000 866.440678
134008.682693 0.000000 878.644068
68123.717462 0.000000 890.847458
60492273.817134 0.000000 903.050847
-2973283.532996 -0.000000 915.254237
-11720461.519226 -0.000000 927.457627
-13673475.454837 -0.000000 939.661017
-13026420.019702 -0.000000 951.864407
-12824574.155265 -0.000000 964.067797
-12805401.943295 -0.000000 976.271186
-12840986.710515 -0.000000 988.474576
-12848597.443620 -0.000000 1000.677966
-12781625.865811 -0.000000 1012.881356
-12666728.334424 -0.000000 1025.084746
-12593536.935173 -0.000000 1037.288136
-12597866.193523 -0.000000 1049.491525
-12659174.395396 -0.000000 1061.694915
-12725804.345987 -0.000000 1073.898305
-12765298.767517 -0.000000 1086.101695
-12775673.727303 -0.000000 1098.305085
-12767771.903023 -0.000000 1110.508475
-12760855.719999 -0.000000 1122.711864
-12759468.692796 -0.000000 1134.915254
-12752099.836144 -0.000000 1147.118644
-12743179.287346 -0.000000 1159.322034
-12742700.834420 -0.000000 1171.525424
-12742576.223535 -0.000000 1183.728814
-12742707.896060 -0.000000 1195.932203
-12746172.365589 -0.000000 1208.135593
-12748824.679181 -0.000000 1220.338983
-12744099.601169 -0.000000 1232.542373
-12743429.359138 -0.000000 1244.745763
-12744760.610166 -0.000000 1256.949153
-12738211.465839 -0.000000 1269.152542
-12737902.004421 -0.000000 1281.355932
-12743414.136965 -0.000000 1293.559322
-12747684.411247 -0.000000 1305.762712
-12754626.082666 -0.000000 1317.966102
-12753776.021720 -0.000000 1330.169492
-12733917.024653 -0.000000 1342.372881
-12718181.393085 -0.000000 1354.576271
-12732705.753460 -0.000000 1366.779661
-12752099.229306 -0.000000 1378.983051
-12750030.201874 -0.000000 1391.186441
-12737149.100068 -0.000000 1403.389831
-12717750.978418 -0.000000 1415.593220
-12694276.252929 -0.000000 1427.796610
-12669914.728080 -0.000000 1440.000000
-12641367.424991 -0.000000 1452.203390
-12612109.473779 -0.000000 1464.406780
-12584520.385297 -0.000000 1476.610169
-12559945.859760 -0.000000 1488.813559
-12538863.712595 -0.000000 1501.016949
-12507535.882744 -0.000000 1513.220339
-12453822.720020 -0.000000 1525.423729
-12391983.826108 -0.000000 1537.627119
-12321889.933886 -0.000000 1549.830508
-12246249.581280 -0.000000 1562.033898
-12165949.553044 -0.000000 1574.237288
-12078851.842554 -0.000000 1586.440678
-11985994.662623 -0.000000 1598.644068
-11896546.331877 -0.000000 1610.847458
-11814608.986262 -0.000000 1623.050847
-11737673.050682 -0.000000 1635.254237
-11652706.336193 -0.000000 1647.457627
-11553137.166667 -0.000000 1659.661017
-11443974.503794 -0.000000 1671.864407
-11327444.214787 -0.000000 1684.067797
-11194039.031692 -0.000000 1696.271186
-11021225.450452 -0.000000 1708.474576
-10780827.131120 -0.000000 1720.677966
-10429311.617844 -0.000000 1732.881356
-9949787.859179 -0.000000 1745.084746
-9392378.711179 -0.000000 1757.288136
-8733191.620650 -0.000000 1769.491525
-7790851.788391 -0.000000 1781.694915
-6380663.419277 -0.000000 1793.898305
-4377552.211174 -0.000000 1806.101695
-1677031.525364 -0.000000 1818.305085
1786768.975093 0.000000 1830.508475
5894389.659072 0.000000 1842.711864
10236018.706387 0.000000 1854.915254
12784533.725232 0.000000 1867.118644
13517159.714649 0.000000 1879.322034
15619538.103181 0.000000 1891.525424
7435577.838254 0.000000 1903.728814
-13600740.525633 -0.000000 1915.932203
-17149463.977588 -0.000000 1928.135593
-27476619.300919 -0.000000 1940.338983
-37052279.526992 -0.000000 1952.542373
-19926397.718479 -0.000000 1964.745763
-15013022.763408 -0.000000 1976.949153
-13223869.846061 -0.000000 1989.152542
-12687812.986403 -0.000000 2001.355932
-13493792.447829 -0.000000 2013.559322
-14799866.926105 -0.000000 2025.762712
-16097619.917453 -0.000000 2037.966102
-17886334.926214 -0.000000 2050.169492
-20055664.136517 -0.000000 2062.372881
-24407882.884124 -0.000000 2074.576271
-23205647.734904 -0.000000 2086.779661
-74520408.798136 -0.000000 2098.983051
-566478675.042596 -0.000000 2111.186441
-4709368.346024 -0.000000 2123.389831
173063364.456058 0.000000 2135.593220
40675477.622466 0.000000 2147.796610
17480832.628308 0.000000 2160.000000
15077080.878893 0.000000 2172.203390
7846262.894529 0.000000 2184.406780
7926675.087112 0.000000 2196.610169
15101133.396203 0.000000 2208.813559
18150930.190629 0.000000 2221.016949
22508236.029877 0.000000 2233.220339
31771892.535284 0.000000 2245.423729
40727207.788190 0.000000 2257.627119
19973708.669778 0.000000 2269.830508
9824280.994830 0.000000 2282.033898
2949596.281620 0.000000 2294.237288
-1775020.710317 -0.000000 2306.440678
-2731321.135263 -0.000000 2318.644068
-1548254.689607 -0.000000 2330.847458
472056.624852 0.000000 2343.050847
2596661.376158 0.000000 2355.254237
4520817.871507 0.000000 2367.457627
6151488.644561 0.000000 2379.661017
7484027.309268 0.000000 2391.864407
8536071.063954 0.000000 2404.067797
9375518.443796 0.000000 2416.271186
10077054.852555 0.000000 2428.474576
10696451.051698 0.000000 2440.677966
11233530.480385 0.000000 2452.881356
11689857.260781 0.000000 2465.084746
12069393.968027 0.000000 2477.288136
12393332.701459 0.000000 2489.491525
12671244.903718 0.000000 2501.694915
12915094.150002 0.000000 2513.898305
13127351.526112 0.000000 2526.101695
13313881.402663 0.000000 2538.305085
13476449.119935 0.000000 2550.508475
13618538.599001 0.000000 2562.711864
13742230.938719 0.000000 2574.915254
13849174.649332 0.000000 2587.118644
13941427.578401 0.000000 2599.322034
14019405.867553 0.000000 2611.525424
14085155.654713 0.000000 2623.728814
14139108.499864 0.000000 2635.932203
14183580.536735 0.000000 2648.135593
14220076.968098 0.000000 2660.338983
14250679.305332 0.000000 2672.542373
14278107.252231 0.000000 2684.745763
14302872.839448 0.000000 2696.949153
14327789.245750 0.000000 2709.152542
14347541.579604 0.000000 2721.355932
14359008.603818 0.000000 2733.559322
14349124.328893 0.000000 2745.762712
14326098.903445 0.000000 2757.966102
14301754.485589 0.000000 2770.169492
14284667.314924 0.000000 2782.372881
14210837.802381 0.000000 2794.576271
13978042.599285 0.000000 2806.779661
13489008.015530 0.000000 2818.983051
12704092.840269 0.000000 2831.186441
11588636.929991 0.000000 2843.389831
9910990.492380 0.000000 2855.593220
7227105.330139 0.000000 2867.796610
3404831.779246 0.000000 2880.000000
436783.556342 0.000000 2892.203390
1865489.196682 0.000000 2904.406780
13623158.358450 0.000000 2916.610169
27767261.005967 0.000000 2928.813559
30193460.552484 0.000000 2941.016949
30198864.479187 0.000000 2953.220339
30737315.054948 0.000000 2965.423729
30967030.708476 0.000000 2977.627119
31085533.773000 0.000000 2989.830508
31056339.666873 0.000000 3002.033898
30495118.163305 0.000000 3014.237288
30191710.865758 0.000000 3026.440678
30014841.296670 0.000000 3038.644068
29627699.182586 0.000000 3050.847458
29307874.100374 0.000000 3063.050847
29007400.223015 0.000000 3075.254237
28764630.991795 0.000000 3087.457627
28593730.754874 0.000000 3099.661017
28473081.448634 0.000000 3111.864407
28380677.360241 0.000000 3124.067797
28298187.179773 0.000000 3136.271186
28215169.223702 0.000000 3148.474576
28136631.179702 0.000000 3160.677966
28077770.273531 0.000000 3172.881356
28049651.045259 0.000000 3185.084746
28089778.892756 0.000000 3197.288136
28251785.031063 0.000000 3209.491525
28674435.640371 0.000000 3221.694915
28885460.854086 0.000000 3233.898305
28947167.523796 0.000000 3246.101695
30816023.210424 0.000000 3258.305085
33636290.384260 0.000000 3270.508475
34098823.736955 0.000000 3282.711864
32794182.965228 0.000000 3294.915254
30755699.445605 0.000000 3307.118644
27736798.214182 0.000000 3319.322034
29226232.281379 0.000000 3331.525424
13547662.886142 0.000000 3343.728814
7931457.390843 0.000000 3355.932203
813313.561080 0.000000 3368.135593
31040.489888 0.000000 3380.338983
57790.869242 0.000000 3392.542373
79085.612538 0.000000 3404.745763
98951.400195 0.000000 3416.949153
116576.667127 0.000000 3429.152542
131858.907668 0.000000 3441.355932
144874.152405 0.000000 3453.559322
155670.078791 0.000000 3465.762712
164495.152405 0.000000 3477.966102
171550.603470 0.000000 3490.169492
177129.137266 0.000000 3502.372881
181453.035664 0.000000 3514.576271
184770.842796 0.000000 3526.779661
187262.305012 0.000000 3538.983051
189105.876500 0.000000 3551.186441
190424.531640 0.000000 3563.389831
191329.307791 0.000000 3575.593220
191890.029223 0.000000 3587.796610
192159.132229 0.000000 3600.000000
