5757.550376 0.000000 0.000000
5776.441432 0.000000 12.203390
5814.433559 0.000000 24.406780
5871.405851 0.000000 36.610169
5947.759942 0.000000 48.813559
6043.629609 0.000000 61.016949
6159.521906 0.000000 73.220339
6295.664440 0.000000 85.423729
6452.766107 0.000000 97.627119
6631.137749 0.000000 109.830508
6831.705631 0.000000 122.033898
7054.866733 0.000000 134.237288
7301.780230 0.000000 146.440678
7572.934255 0.000000 158.644068
7869.738943 0.000000 170.847458
8192.781318 0.000000 183.050847
8543.745159 0.000000 195.254237
8923.326306 0.000000 207.457627
9333.509881 0.000000 219.661017
9775.112591 0.000000 231.864407
10250.453702 0.000000 244.067797
10760.485469 0.000000 256.271186
11307.899692 0.000000 268.474576
11893.800904 0.000000 280.677966
12521.298344 0.000000 292.881356
13191.667565 0.000000 305.084746
13908.485161 0.000000 317.288136
14673.218715 0.000000 329.491525
15489.968568 0.000000 341.694915
16360.416045 0.000000 353.898305
17289.248517 0.000000 366.101695
18278.383328 0.000000 378.305085
19333.162917 0.000000 390.508475
20455.763691 0.000000 402.711864
21652.258040 0.000000 414.915254
22925.102137 0.000000 427.118644
24281.179659 0.000000 439.322034
25723.246527 0.000000 451.525424
27259.083468 0.000000 463.728814
28891.763744 0.000000 475.932203
30630.058010 0.000000 488.135593
32477.369420 0.000000 500.338983
34443.558160 0.000000 512.542373
36532.366683 0.000000 524.745763
38754.849558 0.000000 536.949153
41115.093320 0.000000 549.152542
43625.460296 0.000000 561.355932
46290.378732 0.000000 573.559322
49123.640125 0.000000 585.762712
52130.009101 0.000000 597.966102
55324.836193 0.000000 610.169492
58713.209596 0.000000 622.372881
62312.180725 0.000000 634.576271
66127.144542 0.000000 646.779661
70177.005719 0.000000 658.983051
74467.445487 0.000000 671.186441
79019.387869 0.000000 683.389831
83838.776107 0.000000 695.593220
88948.733907 0.000000 707.796610
94355.441915 0.000000 720.000000
100084.418044 0.000000 732.203390
106142.056863 0.000000 744.406780
112556.479009 0.000000 756.610169
119334.272571 0.000000 768.813559
126506.382786 0.000000 781.016949
134079.578817 0.000000 793.220339
142087.859026 0.000000 805.423729
150538.173814 0.000000 817.627119
159467.805028 0.000000 829.830508
168883.895783 0.000000 842.033898
178827.230452 0.000000 854.237288
189305.177180 0.000000 866.440678
200362.209471 0.000000 878.644068
212005.967388 0.000000 890.847458
224284.735151 0.000000 903.050847
237206.481323 0.000000 915.254237
250823.308227 0.000000 927.457627
265143.548435 0.000000 939.661017
280222.931113 0.000000 951.864407
296070.115942 0.000000 964.067797
312743.935446 0.000000 976.271186
330253.148432 0.000000 988.474576
348658.610445 0.000000 1000.677966
367968.528674 0.000000 1012.881356
388243.773775 0.000000 1025.084746
409490.493518 0.000000 1037.288136
431765.972177 0.000000 1049.491525
455071.105285 0.000000 1061.694915
479453.233925 0.000000 1073.898305
504901.582174 0.000000 1086.101695
531442.285067 0.000000 1098.305085
559040.325244 0.000000 1110.508475
587680.479851 0.000000 1122.711864
617279.244815 0.000000 1134.915254
647743.428014 0.000000 1147.118644
678894.579434 0.000000 1159.322034
710494.098789 0.000000 1171.525424
742180.033843 0.000000 1183.728814
773443.291324 0.000000 1195.932203
803571.735060 0.000000 1208.135593
831556.876309 0.000000 1220.338983
856035.469772 0.000000 1232.542373
875108.467248 0.000000 1244.745763
886287.317898 0.000000 1256.949153
886266.849363 0.000000 1269.152542
871026.337224 0.000000 1281.355932
835900.814920 0.000000 1293.559322
776483.177064 0.000000 1305.762712
689889.845152 0.000000 1317.966102
577113.850289 0.000000 1330.169492
444802.808327 0.000000 1342.372881
305946.751977 0.000000 1354.576271
177413.190407 0.000000 1366.779661
76447.033488 0.000000 1378.983051
310402929.444394 0.000000 1391.186441
-4818726.070285 -0.000000 1403.389831
-11575002.719993 -0.000000 1415.593220
-13526480.204424 -0.000000 1427.796610
-13208333.465177 -0.000000 1440.000000
-12979740.355491 -0.000000 1452.203390
-12919574.499167 -0.000000 1464.406780
-12923869.379977 -0.000000 1476.610169
-12873103.905936 -0.000000 1488.813559
-12705066.291470 -0.000000 1501.016949
-12489066.232056 -0.000000 1513.220339
-12461842.417313 -0.000000 1525.423729
-12546305.523064 -0.000000 1537.627119
-12538255.284583 -0.000000 1549.830508
-12476335.958588 -0.000000 1562.033898
-12403562.203816 -0.000000 1574.237288
-12318221.516037 -0.000000 1586.440678
-12227456.283834 -0.000000 1598.644068
-12130569.965687 -0.000000 1610.847458
-12012769.075536 -0.000000 1623.050847
-11870382.222128 -0.000000 1635.254237
-11703473.325783 -0.000000 1647.457627
-11522117.591349 -0.000000 1659.661017
-11334258.478664 -0.000000 1671.864407
-11144999.508702 -0.000000 1684.067797
-10949136.433308 -0.000000 1696.271186
-10738505.475547 -0.000000 1708.474576
-10501685.073675 -0.000000 1720.677966
-10224800.263402 -0.000000 1732.881356
-9886935.478641 -0.000000 1745.084746
-9458675.598312 -0.000000 1757.288136
-8894585.589416 -0.000000 1769.491525
-8136013.751452 -0.000000 1781.694915
-7103894.729440 -0.000000 1793.898305
-5708352.603846 -0.000000 1806.101695
-3833262.383783 -0.000000 1818.305085
-1348100.379101 -0.000000 1830.508475
1879471.554942 0.000000 1842.711864
5837840.642257 0.000000 1854.915254
10237325.918340 0.000000 1867.118644
13146930.525892 0.000000 1879.322034
13557795.525928 0.000000 1891.525424
14315835.314880 0.000000 1903.728814
8624655.236301 0.000000 1915.932203
-8887831.769245 -0.000000 1928.135593
-17945084.892898 -0.000000 1940.338983
-33447511.099997 -0.000000 1952.542373
-44200877.420045 -0.000000 1964.745763
-20878437.961156 -0.000000 1976.949153
-15200065.816758 -0.000000 1989.152542
-13536958.306009 -0.000000 2001.355932
-13902800.841716 -0.000000 2013.559322
-15909190.117635 -0.000000 2025.762712
-18329607.276981 -0.000000 2037.966102
-20594120.904204 -0.000000 2050.169492
-22609094.499001 -0.000000 2062.372881
-24254574.310119 -0.000000 2074.576271
-25568647.655241 -0.000000 2086.779661
-26652144.808063 -0.000000 2098.983051
-27333265.564214 -0.000000 2111.186441
-27781480.307693 -0.000000 2123.389831
-22922176.830913 -0.000000 2135.593220
-61038445.139431 -0.000000 2147.796610
-835682446.017257 -0.000000 2160.000000
-7878993.480749 -0.000000 2172.203390
-2162728.868571 -0.000000 2184.406780
-2746025.733798 -0.000000 2196.610169
-3552264.520974 -0.000000 2208.813559
-3744163.475424 -0.000000 2221.016949
-3797433.436877 -0.000000 2233.220339
-3338614.120696 -0.000000 2245.423729
-2301823.000420 -0.000000 2257.627119
-832500.674631 -0.000000 2269.830508
846316.554268 0.000000 2282.033898
2478867.516542 0.000000 2294.237288
3938576.529039 0.000000 2306.440678
5183735.077422 0.000000 2318.644068
6238387.993453 0.000000 2330.847458
7137371.922074 0.000000 2343.050847
7919045.900371 0.000000 2355.254237
8607371.977170 0.000000 2367.457627
9221801.372674 0.000000 2379.661017
9770503.570424 0.000000 2391.864407
10261971.361783 0.000000 2404.067797
10698929.276041 0.000000 2416.271186
11087050.627466 0.000000 2428.474576
11428844.254383 0.000000 2440.677966
11729775.222623 0.000000 2452.881356
11993144.737006 0.000000 2465.084746
12224184.836445 0.000000 2477.288136
12426278.470059 0.000000 2489.491525
12603395.224072 0.000000 2501.694915
12758066.699020 0.000000 2513.898305
12892650.412545 0.000000 2526.101695
13009241.686008 0.000000 2538.305085
13109530.315079 0.000000 2550.508475
13196172.892938 0.000000 2562.711864
13270749.938672 0.000000 2574.915254
13336412.599199 0.000000 2587.118644
13394106.819361 0.000000 2599.322034
13446734.501564 0.000000 2611.525424
13493994.580177 0.000000 2623.728814
13537643.672937 0.000000 2635.932203
13574085.201033 0.000000 2648.135593
13598753.417373 0.000000 2660.338983
13599388.194844 0.000000 2672.542373
13570308.227768 0.000000 2684.745763
13517300.089412 0.000000 2696.949153
13448470.690178 0.000000 2709.152542
13328017.391356 0.000000 2721.355932
13057778.942767 0.000000 2733.559322
12513208.442434 0.000000 2745.762712
11554875.661205 0.000000 2757.966102
10023856.783903 0.000000 2770.169492
7671641.236861 0.000000 2782.372881
4411755.598165 0.000000 2794.576271
1037193.185228 0.000000 2806.779661
334135.900806 0.000000 2818.983051
6376915.720036 0.000000 2831.186441
20648062.952359 0.000000 2843.389831
29849040.400067 0.000000 2855.593220
29817076.306657 0.000000 2867.796610
30016064.208742 0.000000 2880.000000
30645838.878640 0.000000 2892.203390
30916520.377131 0.000000 2904.406780
31092168.085304 0.000000 2916.610169
30783577.650720 0.000000 2928.813559
30292442.715458 0.000000 2941.016949
30073698.763923 0.000000 2953.220339
29664961.423601 0.000000 2965.423729
29341547.276796 0.000000 2977.627119
29076302.936512 0.000000 2989.830508
28855712.447934 0.000000 3002.033898
28710042.781588 0.000000 3014.237288
28594783.601672 0.000000 3026.440678
28498824.627079 0.000000 3038.644068
28409750.049744 0.000000 3050.847458
28321354.795800 0.000000 3063.050847
28234790.047832 0.000000 3075.254237
28154113.606948 0.000000 3087.457627
28095508.783228 0.000000 3099.661017
28085730.695414 0.000000 3111.864407
28162402.233050 0.000000 3124.067797
28444424.371935 0.000000 3136.271186
28843425.867300 0.000000 3148.474576
28815625.956572 0.000000 3160.677966
29437659.832838 0.000000 3172.881356
31845746.347925 0.000000 3185.084746
33659300.305379 0.000000 3197.288136
33558388.927070 0.000000 3209.491525
32322150.402181 0.000000 3221.694915
30946378.355000 0.000000 3233.898305
28089747.946041 0.000000 3246.101695
29293847.637084 0.000000 3258.305085
5627272.395000 0.000000 3270.508475
6641044.003264 0.000000 3282.711864
13643.028536 0.000000 3294.915254
24817.375859 0.000000 3307.118644
36491.975644 0.000000 3319.322034
47938.589619 0.000000 3331.525424
58901.356812 0.000000 3343.728814
68951.467449 0.000000 3355.932203
77907.224237 0.000000 3368.135593
85638.381881 0.000000 3380.338983
92150.475183 0.000000 3392.542373
97498.149393 0.000000 3404.745763
101795.440153 0.000000 3416.949153
105168.996628 0.000000 3429.152542
107759.112185 0.000000 3441.355932
109695.916348 0.000000 3453.559322
111103.294283 0.000000 3465.762712
112087.587016 0.000000 3477.966102
112743.638318 0.000000 3490.169492
113149.370751 0.000000 3502.372881
113371.933681 0.000000 3514.576271
113464.792411 0.000000 3526.779661
113472.895933 0.000000 3538.983051
113430.875870 0.000000 3551.186441
113366.881284 0.000000 3563.389831
113301.426945 0.000000 3575.593220
113249.751770 0.000000 3587.796610
113221.539196 0.000000 3600.000000
