22197.898577 0.000000 0.000000
22212.334507 0.000000 12.203390
22241.092671 0.000000 24.406780
22284.287590 0.000000 36.610169
22341.741991 0.000000 48.813559
22413.425351 0.000000 61.016949
22499.165629 0.000000 73.220339
22598.908697 0.000000 85.423729
22712.435036 0.000000 97.627119
22839.686412 0.000000 109.830508
22980.401968 0.000000 122.033898
23134.533438 0.000000 134.237288
23301.791041 0.000000 146.440678
23482.149359 0.000000 158.644068
23675.301921 0.000000 170.847458
23881.258922 0.000000 183.050847
24099.708656 0.000000 195.254237
24330.708038 0.000000 207.457627
24573.949619 0.000000 219.661017
24829.545202 0.000000 231.864407
25097.198081 0.000000 244.067797
25377.080510 0.000000 256.271186
25668.909588 0.000000 268.474576
25972.919901 0.000000 280.677966
26288.842986 0.000000 292.881356
26616.974602 0.000000 305.084746
26957.057409 0.000000 317.288136
27309.445494 0.000000 329.491525
27673.888106 0.000000 341.694915
28050.792557 0.000000 353.898305
28439.909862 0.000000 366.101695
28841.695471 0.000000 378.305085
29255.896280 0.000000 390.508475
29683.012193 0.000000 402.711864
30122.782270 0.000000 414.915254
30575.746979 0.000000 427.118644
31041.636291 0.000000 439.322034
31521.031147 0.000000 451.525424
32013.651415 0.000000 463.728814
32520.120431 0.000000 475.932203
33040.150986 0.000000 488.135593
33574.410888 0.000000 500.338983
34122.610879 0.000000 512.542373
34685.468802 0.000000 524.745763
35262.697960 0.000000 536.949153
35855.072272 0.000000 549.152542
36462.315010 0.000000 561.355932
37085.261090 0.000000 573.559322
37723.651067 0.000000 585.762712
38378.388085 0.000000 597.966102
39049.237036 0.000000 610.169492
39737.174759 0.000000 622.372881
40441.999522 0.000000 634.576271
41164.768320 0.000000 646.779661
41905.322027 0.000000 658.983051
42664.805828 0.000000 671.186441
43443.114273 0.000000 683.389831
44241.488960 0.000000 695.593220
45059.893058 0.000000 707.796610
45899.676477 0.000000 720.000000
46760.888956 0.000000 732.203390
47645.002648 0.000000 744.406780
48552.176070 0.000000 756.610169
49484.021258 0.000000 768.813559
50440.833356 0.000000 781.016949
51424.384927 0.000000 793.220339
52435.138902 0.000000 805.423729
53475.052286 0.000000 817.627119
54544.792478 0.000000 829.830508
55646.524625 0.000000 842.033898
56781.159926 0.000000 854.237288
57951.097088 0.000000 866.440678
59157.531866 0.000000 878.644068
60403.119789 0.000000 890.847458
61689.382567 0.000000 903.050847
63019.250775 0.000000 915.254237
64394.612313 0.000000 927.457627
65818.684307 0.000000 939.661017
67293.758086 0.000000 951.864407
68823.340624 0.000000 964.067797
70410.158655 0.000000 976.271186
72057.999688 0.000000 988.474576
73770.050104 0.000000 1000.677966
75550.354707 0.000000 1012.881356
77402.577384 0.000000 1025.084746
79330.978707 0.000000 1037.288136
81339.706807 0.000000 1049.491525
83433.176474 0.000000 1061.694915
85616.015755 0.000000 1073.898305
87892.708737 0.000000 1086.101695
90268.347521 0.000000 1098.305085
92747.373851 0.000000 1110.508475
95335.313746 0.000000 1122.711864
98036.424951 0.000000 1134.915254
100856.625366 0.000000 1147.118644
103799.813412 0.000000 1159.322034
106872.242014 0.000000 1171.525424
110077.240616 0.000000 1183.728814
113421.328665 0.000000 1195.932203
116907.017733 0.000000 1208.135593
120541.017009 0.000000 1220.338983
124324.729894 0.000000 1232.542373
128264.974227 0.000000 1244.745763
132361.716075 0.000000 1256.949153
136621.802645 0.000000 1269.152542
141043.390322 0.000000 1281.355932
145633.286825 0.000000 1293.559322
150387.426016 0.000000 1305.762712
155312.529692 0.000000 1317.966102
160401.849548 0.000000 1330.169492
165662.004730 0.000000 1342.372881
171083.056960 0.000000 1354.576271
176671.542900 0.000000 1366.779661
182413.755311 0.000000 1378.983051
188316.205255 0.000000 1391.186441
194360.741793 0.000000 1403.389831
200553.926861 0.000000 1415.593220
206872.329033 0.000000 1427.796610
213322.618455 0.000000 1440.000000
219874.991874 0.000000 1452.203390
226536.187637 0.000000 1464.406780
233268.531861 0.000000 1476.610169
240078.573112 0.000000 1488.813559
246918.625211 0.000000 1501.016949
253794.371441 0.000000 1513.220339
260645.005221 0.000000 1525.423729
267473.971342 0.000000 1537.627119
274202.794888 0.000000 1549.830508
280830.209171 0.000000 1562.033898
287253.435006 0.000000 1574.237288
293462.363077 0.000000 1586.440678
299320.293201 0.000000 1598.644068
304801.702746 0.000000 1610.847458
309722.116103 0.000000 1623.050847
314030.497462 0.000000 1635.254237
317474.741754 0.000000 1647.457627
319963.080350 0.000000 1659.661017
321147.406910 0.000000 1671.864407
320872.574846 0.000000 1684.067797
318653.954646 0.000000 1696.271186
314239.515380 0.000000 1708.474576
306950.268618 0.000000 1720.677966
296387.969979 0.000000 1732.881356
281597.127743 0.000000 1745.084746
261961.238589 0.000000 1757.288136
236133.580124 0.000000 1769.491525
203176.281620 0.000000 1781.694915
161198.018598 0.000000 1793.898305
108798.625478 0.000000 1806.101695
43358.787078 0.000000 1818.305085
-37157.507395 -0.000000 1830.508475
-136250.546815 -0.000000 1842.711864
-256753.588359 -0.000000 1854.915254
-402956.322048 -0.000000 1867.118644
-578491.751178 -0.000000 1879.322034
-787466.653097 -0.000000 1891.525424
-1033781.540303 -0.000000 1903.728814
-1317739.989011 -0.000000 1915.932203
-1641404.727325 -0.000000 1928.135593
-1990317.655224 -0.000000 1940.338983
-2353362.042855 -0.000000 1952.542373
-2681087.450893 -0.000000 1964.745763
-2747160.005691 -0.000000 1976.949153
-2905651.103633 -0.000000 1989.152542
-9015833.607879 -0.000000 2001.355932
-14834621.366716 -0.000000 2013.559322
-17790281.838859 -0.000000 2025.762712
-1097344343.318839 -0.000000 2037.966102
-3652339.902958 -0.000000 2050.169492
2895031.593691 0.000000 2062.372881
-406674.982054 -0.000000 2074.576271
399699.527397 0.000000 2086.779661
3049752465.197631 0.000000 2098.983051
6424656.202837 0.000000 2111.186441
8189036.342280 0.000000 2123.389831
181172618.713597 0.000000 2135.593220
47076454.474966 0.000000 2147.796610
6996132.015269 0.000000 2160.000000
8797654.470092 0.000000 2172.203390
7250835.119220 0.000000 2184.406780
4935995.128869 0.000000 2196.610169
2989946.610055 0.000000 2208.813559
2089640.037076 0.000000 2221.016949
2272699.120761 0.000000 2233.220339
3188759.276854 0.000000 2245.423729
4442042.179524 0.000000 2257.627119
5776903.476717 0.000000 2269.830508
7035146.474306 0.000000 2282.033898
8161110.380113 0.000000 2294.237288
9136100.393628 0.000000 2306.440678
9982186.556523 0.000000 2318.644068
10719836.315121 0.000000 2330.847458
11373892.961200 0.000000 2343.050847
11957111.764698 0.000000 2355.254237
12480639.774602 0.000000 2367.457627
12950009.810971 0.000000 2379.661017
13370977.326099 0.000000 2391.864407
13747214.657894 0.000000 2404.067797
14082668.515867 0.000000 2416.271186
14380031.176107 0.000000 2428.474576
14642489.058866 0.000000 2440.677966
14871629.638638 0.000000 2452.881356
15068068.932858 0.000000 2465.084746
15216740.976062 0.000000 2477.288136
15321474.440445 0.000000 2489.491525
15391636.359056 0.000000 2501.694915
15431667.754738 0.000000 2513.898305
15461595.761262 0.000000 2526.101695
15483931.076277 0.000000 2538.305085
15486904.352062 0.000000 2550.508475
15485337.505699 0.000000 2562.711864
15477121.008940 0.000000 2574.915254
15476405.066842 0.000000 2587.118644
15485168.101626 0.000000 2599.322034
15505295.544196 0.000000 2611.525424
15516329.572556 0.000000 2623.728814
15496421.040325 0.000000 2635.932203
15454301.199933 0.000000 2648.135593
15420760.762328 0.000000 2660.338983
15425889.009478 0.000000 2672.542373
15448525.251425 0.000000 2684.745763
15479027.098985 0.000000 2696.949153
15502850.021974 0.000000 2709.152542
15538057.512043 0.000000 2721.355932
15575675.396727 0.000000 2733.559322
15533933.945049 0.000000 2745.762712
15209409.132881 0.000000 2757.966102
14546952.296569 0.000000 2770.169492
13297544.060765 0.000000 2782.372881
10910968.673397 0.000000 2794.576271
6722078.884866 0.000000 2806.779661
1829378.110696 0.000000 2818.983051
-470139.656993 -0.000000 2831.186441
7211404.502966 0.000000 2843.389831
23963728.481908 0.000000 2855.593220
30037861.288389 0.000000 2867.796610
29375998.920744 0.000000 2880.000000
29656384.705611 0.000000 2892.203390
30272702.332308 0.000000 2904.406780
30580598.678002 0.000000 2916.610169
30515685.537946 0.000000 2928.813559
30189498.972471 0.000000 2941.016949
29675115.649977 0.000000 2953.220339
29502605.368081 0.000000 2965.423729
29372433.569234 0.000000 2977.627119
29064108.968493 0.000000 2989.830508
28820356.249587 0.000000 3002.033898
28589632.658013 0.000000 3014.237288
28395247.960846 0.000000 3026.440678
28240108.603157 0.000000 3038.644068
28100065.298274 0.000000 3050.847458
27962172.116133 0.000000 3063.050847
27819900.416281 0.000000 3075.254237
27671492.862670 0.000000 3087.457627
27531566.107091 0.000000 3099.661017
27414181.945545 0.000000 3111.864407
27374680.193583 0.000000 3124.067797
27448820.638195 0.000000 3136.271186
27824155.226294 0.000000 3148.474576
28157044.599052 0.000000 3160.677966
27809924.070324 0.000000 3172.881356
29334752.848600 0.000000 3185.084746
32871752.898112 0.000000 3197.288136
33981138.405070 0.000000 3209.491525
32692572.133465 0.000000 3221.694915
30628519.662342 0.000000 3233.898305
28489976.263371 0.000000 3246.101695
26820894.874123 0.000000 3258.305085
22363920.805213 0.000000 3270.508475
687781.182749 0.000000 3282.711864
11377650.688969 0.000000 3294.915254
36780.517038 0.000000 3307.118644
65915.588996 0.000000 3319.322034
96830.188249 0.000000 3331.525424
127259.328470 0.000000 3343.728814
156514.153296 0.000000 3355.932203
183325.720496 0.000000 3368.135593
207165.443118 0.000000 3380.338983
227641.282703 0.000000 3392.542373
244754.965890 0.000000 3404.745763
258649.630352 0.000000 3416.949153
269644.305749 0.000000 3429.152542
278093.947609 0.000000 3441.355932
284399.478617 0.000000 3453.559322
288929.750688 0.000000 3465.762712
292042.321594 0.000000 3477.966102
294039.670045 0.000000 3490.169492
295197.019114 0.000000 3502.372881
295735.610019 0.000000 3514.576271
295850.295060 0.000000 3526.779661
295691.385511 0.000000 3538.983051
295387.816390 0.000000 3551.186441
295034.279525 0.000000 3563.389831
294708.203457 0.000000 3575.593220
294461.322161 0.000000 3587.796610
294329.659789 0.000000 3600.000000
