110550.709869 0.000000 0.000000
110973.573176 0.000000 12.203390
111820.338720 0.000000 24.406780
113092.572387 0.000000 36.610169
114793.586565 0.000000 48.813559
116926.208228 0.000000 61.016949
119496.124832 0.000000 73.220339
122507.550588 0.000000 85.423729
125968.524607 0.000000 97.627119
129884.650671 0.000000 109.830508
134266.376441 0.000000 122.033898
139120.683529 0.000000 134.237288
144460.500992 0.000000 146.440678
150294.164688 0.000000 158.644068
156637.158105 0.000000 170.847458
163499.130435 0.000000 183.050847
170898.175297 0.000000 195.254237
178845.181491 0.000000 207.457627
187360.859375 0.000000 219.661017
196457.200464 0.000000 231.864407
206157.434734 0.000000 244.067797
216474.405859 0.000000 256.271186
227433.566050 0.000000 268.474576
239048.146482 0.000000 280.677966
251345.161082 0.000000 292.881356
264337.369487 0.000000 305.084746
278052.034797 0.000000 317.288136
292499.859026 0.000000 329.491525
307705.889707 0.000000 341.694915
323675.838614 0.000000 353.898305
340428.022863 0.000000 366.101695
357957.740005 0.000000 378.305085
376268.385316 0.000000 390.508475
395334.777078 0.000000 402.711864
415130.532402 0.000000 414.915254
435591.235639 0.000000 427.118644
456633.640368 0.000000 439.322034
478119.054705 0.000000 451.525424
499857.690061 0.000000 463.728814
521571.151566 0.000000 475.932203
542872.088053 0.000000 488.135593
563221.927789 0.000000 500.338983
581872.657460 0.000000 512.542373
597814.301914 0.000000 524.745763
609669.075245 0.000000 536.949153
615638.460414 0.000000 549.152542
613384.859839 0.000000 561.355932
600087.014614 0.000000 573.559322
572537.779629 0.000000 585.762712
527715.259652 0.000000 597.966102
463655.601922 0.000000 610.169492
381010.819780 0.000000 622.372881
284518.520791 0.000000 634.576271
183959.259422 0.000000 646.779661
92992.900545 0.000000 658.983051
76011775.907950 0.000000 671.186441
-2434817.334676 -0.000000 683.389831
-9999617.229328 -0.000000 695.593220
-13826837.731842 -0.000000 707.796610
-13263165.442844 -0.000000 720.000000
-12985944.769565 -0.000000 732.203390
-12897675.483405 -0.000000 744.406780
-12899322.315981 -0.000000 756.610169
-12905882.149062 -0.000000 768.813559
-12847719.099009 -0.000000 781.016949
-12720765.223360 -0.000000 793.220339
-12612467.605203 -0.000000 805.423729
-12603786.370050 -0.000000 817.627119
-12693414.883974 -0.000000 829.830508
-12767767.254704 -0.000000 842.033898
-12787291.518173 -0.000000 854.237288
-12792609.954190 -0.000000 866.440678
-12792174.810085 -0.000000 878.644068
-12790099.026398 -0.000000 890.847458
-12785726.449091 -0.000000 903.050847
-12781521.950431 -0.000000 915.254237
-12772007.456376 -0.000000 927.457627
-12762380.737939 -0.000000 939.661017
-12750644.927907 -0.000000 951.864407
-12733140.008220 -0.000000 964.067797
-12715885.985566 -0.000000 976.271186
-12694451.450156 -0.000000 988.474576
-12660142.272069 -0.000000 1000.677966
-12616833.696918 -0.000000 1012.881356
-12561648.071174 -0.000000 1025.084746
-12488338.570967 -0.000000 1037.288136
-12398778.574888 -0.000000 1049.491525
-12292379.329940 -0.000000 1061.694915
-12179676.669289 -0.000000 1073.898305
-12064829.601036 -0.000000 1086.101695
-11929929.324874 -0.000000 1098.305085
-11767747.145625 -0.000000 1110.508475
-11618656.754329 -0.000000 1122.711864
-11519227.394311 -0.000000 1134.915254
-11435124.854067 -0.000000 1147.118644
-11325696.076877 -0.000000 1159.322034
-11196541.841626 -0.000000 1171.525424
-11062098.239234 -0.000000 1183.728814
-10927723.289933 -0.000000 1195.932203
-10794016.347086 -0.000000 1208.135593
-10661206.982952 -0.000000 1220.338983
-10528726.849455 -0.000000 1232.542373
-10395778.361036 -0.000000 1244.745763
-10261224.668891 -0.000000 1256.949153
-10124957.476493 -0.000000 1269.152542
-9988245.873027 -0.000000 1281.355932
-9855331.730874 -0.000000 1293.559322
-9731122.771739 -0.000000 1305.762712
-9618046.746198 -0.000000 1317.966102
-9510986.187327 -0.000000 1330.169492
-9400349.868527 -0.000000 1342.372881
-9277937.488242 -0.000000 1354.576271
-9143634.534100 -0.000000 1366.779661
-9001349.971043 -0.000000 1378.983051
-8856225.150723 -0.000000 1391.186441
-8710217.268236 -0.000000 1403.389831
-8566784.265262 -0.000000 1415.593220
-8429851.505474 -0.000000 1427.796610
-8306263.311437 -0.000000 1440.000000
-8197083.930138 -0.000000 1452.203390
-8097741.442107 -0.000000 1464.406780
-7995385.265260 -0.000000 1476.610169
-7875131.872029 -0.000000 1488.813559
-7722788.369848 -0.000000 1501.016949
-7550320.817791 -0.000000 1513.220339
-7409127.841534 -0.000000 1525.423729
-7304756.061889 -0.000000 1537.627119
-7193045.336936 -0.000000 1549.830508
-7060007.970262 -0.000000 1562.033898
-6924864.679768 -0.000000 1574.237288
-6796764.848303 -0.000000 1586.440678
-6678059.879821 -0.000000 1598.644068
-6562607.696760 -0.000000 1610.847458
-6448143.012292 -0.000000 1623.050847
-6331334.700156 -0.000000 1635.254237
-6211545.723055 -0.000000 1647.457627
-6087920.447241 -0.000000 1659.661017
-5960597.845708 -0.000000 1671.864407
-5832531.613758 -0.000000 1684.067797
-5706362.661988 -0.000000 1696.271186
-5582252.535913 -0.000000 1708.474576
-5453404.252001 -0.000000 1720.677966
-5313387.979158 -0.000000 1732.881356
-5161716.362727 -0.000000 1745.084746
-4999696.829696 -0.000000 1757.288136
-4824443.536812 -0.000000 1769.491525
-4624659.424297 -0.000000 1781.694915
-4382708.019759 -0.000000 1793.898305
-4074057.693974 -0.000000 1806.101695
-3658773.706195 -0.000000 1818.305085
-3087074.739576 -0.000000 1830.508475
-2271890.096553 -0.000000 1842.711864
-1118170.828623 -0.000000 1854.915254
528089.297226 0.000000 1867.118644
2790641.677172 0.000000 1879.322034
5734292.523371 0.000000 1891.525424
9758383.661171 0.000000 1903.728814
13088812.680367 0.000000 1915.932203
13418470.783972 0.000000 1928.135593
13940613.811806 0.000000 1940.338983
12364605.077721 0.000000 1952.542373
-2689746.777982 -0.000000 1964.745763
-16394282.908444 -0.000000 1976.949153
-17242712.030008 -0.000000 1989.152542
-42188945.010562 -0.000000 2001.355932
-29415824.437643 -0.000000 2013.559322
-17736056.472103 -0.000000 2025.762712
-14341586.699251 -0.000000 2037.966102
-13748972.492171 -0.000000 2050.169492
-15930738.906372 -0.000000 2062.372881
-20960407.288655 -0.000000 2074.576271
-29260863.451060 -0.000000 2086.779661
-24839949.053928 -0.000000 2098.983051
-15639138.686675 -0.000000 2111.186441
-14834681.823428 -0.000000 2123.389831
-20536757.776254 -0.000000 2135.593220
-30914894.480394 -0.000000 2147.796610
-6821075.830519 -0.000000 2160.000000
-16254239.364918 -0.000000 2172.203390
-25835637.501028 -0.000000 2184.406780
-23923671.909592 -0.000000 2196.610169
-17539620.070246 -0.000000 2208.813559
-41569553.399443 -0.000000 2221.016949
-1466784305.114288 -0.000000 2233.220339
-7764438.411867 -0.000000 2245.423729
12499890.808430 0.000000 2257.627119
12000308.203846 0.000000 2269.830508
7606002.855669 0.000000 2282.033898
4192471.826572 0.000000 2294.237288
1228449.917273 0.000000 2306.440678
-541349.627991 -0.000000 2318.644068
-943271.051706 -0.000000 2330.847458
-340389.486922 -0.000000 2343.050847
832919.883910 0.000000 2355.254237
2186949.684595 0.000000 2367.457627
3528459.343174 0.000000 2379.661017
4734992.263773 0.000000 2391.864407
5793381.358376 0.000000 2404.067797
6697052.557544 0.000000 2416.271186
7480050.901484 0.000000 2428.474576
8156405.652003 0.000000 2440.677966
8754877.376730 0.000000 2452.881356
9283909.588658 0.000000 2465.084746
9760911.121154 0.000000 2477.288136
10188690.740908 0.000000 2489.491525
10577592.939307 0.000000 2501.694915
10928000.144964 0.000000 2513.898305
11246751.444324 0.000000 2526.101695
11533776.096181 0.000000 2538.305085
11794111.431758 0.000000 2550.508475
12028033.333259 0.000000 2562.711864
12239571.577294 0.000000 2574.915254
12429602.962240 0.000000 2587.118644
12601487.173233 0.000000 2599.322034
12756454.535347 0.000000 2611.525424
12897443.148667 0.000000 2623.728814
13025520.901919 0.000000 2635.932203
13143728.710275 0.000000 2648.135593
13252340.965635 0.000000 2660.338983
13355271.890422 0.000000 2672.542373
13450600.718638 0.000000 2684.745763
13541188.012404 0.000000 2696.949153
13614705.244448 0.000000 2709.152542
13662666.873282 0.000000 2721.355932
13662223.357835 0.000000 2733.559322
13628696.044050 0.000000 2745.762712
13588293.567107 0.000000 2757.966102
13591313.254617 0.000000 2770.169492
13636128.013329 0.000000 2782.372881
13714695.766453 0.000000 2794.576271
13782575.182442 0.000000 2806.779661
13813951.490027 0.000000 2818.983051
13738940.605006 0.000000 2831.186441
13478267.815799 0.000000 2843.389831
12909175.810872 0.000000 2855.593220
11899687.118964 0.000000 2867.796610
10223546.402236 0.000000 2880.000000
7589271.391912 0.000000 2892.203390
3934582.653003 0.000000 2904.406780
479041.841633 0.000000 2916.610169
166486.368431 0.000000 2928.813559
7957340.224847 0.000000 2941.016949
23078883.216246 0.000000 2953.220339
30462780.415515 0.000000 2965.423729
30243096.942919 0.000000 2977.627119
30464945.112637 0.000000 2989.830508
30918703.494499 0.000000 3002.033898
31064267.971506 0.000000 3014.237288
31136808.647285 0.000000 3026.440678
30703357.464331 0.000000 3038.644068
30276327.704600 0.000000 3050.847458
30164526.275896 0.000000 3063.050847
29793708.440827 0.000000 3075.254237
29460613.412662 0.000000 3087.457627
29178288.370848 0.000000 3099.661017
28920181.312116 0.000000 3111.864407
28742182.307896 0.000000 3124.067797
28601038.582334 0.000000 3136.271186
28487654.967334 0.000000 3148.474576
28385855.177587 0.000000 3160.677966
28296142.343646 0.000000 3172.881356
28212184.344823 0.000000 3185.084746
28148661.547025 0.000000 3197.288136
28114083.713916 0.000000 3209.491525
28150288.169762 0.000000 3221.694915
28296393.964832 0.000000 3233.898305
28699342.980954 0.000000 3246.101695
29061563.091343 0.000000 3258.305085
28881520.158708 0.000000 3270.508475
30201020.559959 0.000000 3282.711864
33216077.266992 0.000000 3294.915254
34334968.143869 0.000000 3307.118644
33171887.867244 0.000000 3319.322034
30990991.441335 0.000000 3331.525424
29200505.772192 0.000000 3343.728814
28425677.798784 0.000000 3355.932203
20896106.007705 0.000000 3368.135593
-496778.972005 -0.000000 3380.338983
5201953.305945 0.000000 3392.542373
30977.379849 0.000000 3404.745763
52998.807157 0.000000 3416.949153
74829.055306 0.000000 3429.152542
95488.332578 0.000000 3441.355932
114723.741608 0.000000 3453.559322
132042.803061 0.000000 3465.762712
147281.619180 0.000000 3477.966102
160352.869711 0.000000 3490.169492
171339.305495 0.000000 3502.372881
180383.558339 0.000000 3514.576271
187693.045568 0.000000 3526.779661
193478.292831 0.000000 3538.983051
197951.804188 0.000000 3551.186441
201296.067265 0.000000 3563.389831
203667.580185 0.000000 3575.593220
205182.201446 0.000000 3587.796610
205919.963717 0.000000 3600.000000
