40199.835076 0.000000 0.000000
40394.620472 0.000000 12.203390
40784.264640 0.000000 24.406780
41370.809454 0.000000 36.610169
42154.635887 0.000000 48.813559
43139.575243 0.000000 61.016949
44326.367910 0.000000 73.220339
45720.784122 0.000000 85.423729
47323.839719 0.000000 97.627119
49143.303395 0.000000 109.830508
51180.432441 0.000000 122.033898
53445.063261 0.000000 134.237288
55938.658108 0.000000 146.440678
58673.206357 0.000000 158.644068
61650.331602 0.000000 170.847458
64884.279519 0.000000 183.050847
68376.786376 0.000000 195.254237
72144.475327 0.000000 207.457627
76189.142083 0.000000 219.661017
80529.925147 0.000000 231.864407
85168.624154 0.000000 244.067797
90127.046102 0.000000 256.271186
95406.938848 0.000000 268.474576
101032.942630 0.000000 280.677966
107006.700722 0.000000 292.881356
113355.856584 0.000000 305.084746
120081.901969 0.000000 317.288136
127215.648343 0.000000 329.491525
134758.397276 0.000000 341.694915
142744.272415 0.000000 353.898305
151174.357858 0.000000 366.101695
160086.184591 0.000000 378.305085
169480.597453 0.000000 390.508475
179398.543710 0.000000 402.711864
189840.599683 0.000000 414.915254
200850.984203 0.000000 427.118644
212429.937308 0.000000 439.322034
224624.548804 0.000000 451.525424
237434.539691 0.000000 463.728814
250909.051504 0.000000 475.932203
265046.839662 0.000000 488.135593
279897.578230 0.000000 500.338983
295458.063516 0.000000 512.542373
311775.817656 0.000000 524.745763
328843.587257 0.000000 536.949153
346702.080857 0.000000 549.152542
365335.777185 0.000000 561.355932
384770.470589 0.000000 573.559322
404974.099107 0.000000 585.762712
425943.362589 0.000000 597.966102
447613.704527 0.000000 610.169492
469927.545099 0.000000 622.372881
492757.414422 0.000000 634.576271
515946.132605 0.000000 646.779661
539245.848775 0.000000 658.983051
562317.644055 0.000000 671.186441
584686.480408 0.000000 683.389831
605684.542219 0.000000 695.593220
624419.065447 0.000000 707.796610
639644.828878 0.000000 720.000000
649749.122602 0.000000 732.203390
652568.166417 0.000000 744.406780
645459.671580 0.000000 756.610169
625222.872764 0.000000 768.813559
588577.663705 0.000000 781.016949
532696.924395 0.000000 793.220339
456678.763244 0.000000 805.423729
362964.113841 0.000000 817.627119
259004.942527 0.000000 829.830508
157074.397413 0.000000 842.033898
72298.400261 0.000000 854.237288
312985444.128297 0.000000 866.440678
-6413411.517298 -0.000000 878.644068
-13200894.605726 -0.000000 890.847458
-13393276.786717 -0.000000 903.050847
-13057488.010512 -0.000000 915.254237
-12912160.116376 -0.000000 927.457627
-12881895.064567 -0.000000 939.661017
-12900385.487154 -0.000000 951.864407
-12872076.753606 -0.000000 964.067797
-12773955.127248 -0.000000 976.271186
-12657313.068798 -0.000000 988.474576
-12609230.731171 -0.000000 1000.677966
-12677966.738753 -0.000000 1012.881356
-12758632.222488 -0.000000 1025.084746
-12785975.162754 -0.000000 1037.288136
-12793654.765134 -0.000000 1049.491525
-12789540.477123 -0.000000 1061.694915
-12788366.313259 -0.000000 1073.898305
-12779532.958396 -0.000000 1086.101695
-12778537.328091 -0.000000 1098.305085
-12770656.186411 -0.000000 1110.508475
-12755738.388222 -0.000000 1122.711864
-12717132.175892 -0.000000 1134.915254
-12682305.511902 -0.000000 1147.118644
-12643848.715520 -0.000000 1159.322034
-12607204.788882 -0.000000 1171.525424
-12555860.889036 -0.000000 1183.728814
-12485089.066417 -0.000000 1195.932203
-12389601.670586 -0.000000 1208.135593
-12271186.701651 -0.000000 1220.338983
-12136232.038021 -0.000000 1232.542373
-11998937.483785 -0.000000 1244.745763
-11859135.367220 -0.000000 1256.949153
-11725921.270024 -0.000000 1269.152542
-11601946.959135 -0.000000 1281.355932
-11487595.904762 -0.000000 1293.559322
-11372837.015755 -0.000000 1305.762712
-11249398.657211 -0.000000 1317.966102
-11113207.459803 -0.000000 1330.169492
-10969296.141577 -0.000000 1342.372881
-10823033.283743 -0.000000 1354.576271
-10679599.190940 -0.000000 1366.779661
-10539346.358744 -0.000000 1378.983051
-10402853.222706 -0.000000 1391.186441
-10267945.175476 -0.000000 1403.389831
-10134995.148955 -0.000000 1415.593220
-10001978.190385 -0.000000 1427.796610
-9870027.999266 -0.000000 1440.000000
-9737286.611615 -0.000000 1452.203390
-9605249.143894 -0.000000 1464.406780
-9472059.327134 -0.000000 1476.610169
-9339093.600676 -0.000000 1488.813559
-9204766.919035 -0.000000 1501.016949
-9070873.907995 -0.000000 1513.220339
-8938825.333169 -0.000000 1525.423729
-8812848.199773 -0.000000 1537.627119
-8694074.487804 -0.000000 1549.830508
-8575644.692079 -0.000000 1562.033898
-8448676.920832 -0.000000 1574.237288
-8310504.103027 -0.000000 1586.440678
-8171112.578634 -0.000000 1598.644068
-8035184.913012 -0.000000 1610.847458
-7905703.490374 -0.000000 1623.050847
-7778086.360697 -0.000000 1635.254237
-7652710.033906 -0.000000 1647.457627
-7526383.069583 -0.000000 1659.661017
-7400397.399773 -0.000000 1671.864407
-7272632.448430 -0.000000 1684.067797
-7143483.550177 -0.000000 1696.271186
-7011086.082334 -0.000000 1708.474576
-6874061.747955 -0.000000 1720.677966
-6729911.330841 -0.000000 1732.881356
-6574318.648968 -0.000000 1745.084746
-6402078.398902 -0.000000 1757.288136
-6203461.012299 -0.000000 1769.491525
-5965861.790505 -0.000000 1781.694915
-5668473.986319 -0.000000 1793.898305
-5281169.424022 -0.000000 1806.101695
-4759863.442954 -0.000000 1818.305085
-4037112.515115 -0.000000 1830.508475
-3023707.532400 -0.000000 1842.711864
-1587200.691372 -0.000000 1854.915254
422010.510853 0.000000 1867.118644
3182349.954947 0.000000 1879.322034
6855926.911720 0.000000 1891.525424
11239937.406924 0.000000 1903.728814
13683180.992877 0.000000 1915.932203
13446900.968324 0.000000 1928.135593
14138973.378522 0.000000 1940.338983
12350473.983944 0.000000 1952.542373
-4022952.858786 -0.000000 1964.745763
-17143565.421752 -0.000000 1976.949153
-17838526.646814 -0.000000 1989.152542
-67704651.852343 -0.000000 2001.355932
-24552226.195717 -0.000000 2013.559322
-16150694.593069 -0.000000 2025.762712
-13771146.930777 -0.000000 2037.966102
-13487903.566795 -0.000000 2050.169492
-14939431.433113 -0.000000 2062.372881
-16991391.265863 -0.000000 2074.576271
-18755179.470530 -0.000000 2086.779661
-20185641.880088 -0.000000 2098.983051
-21213190.401207 -0.000000 2111.186441
-21880643.842233 -0.000000 2123.389831
-22104138.620570 -0.000000 2135.593220
-22059579.131445 -0.000000 2147.796610
-20142834.573800 -0.000000 2160.000000
-41053890.413433 -0.000000 2172.203390
-1526946785.860927 -0.000000 2184.406780
-2111442.073725 -0.000000 2196.610169
5859604.958817 0.000000 2208.813559
9290011.935894 0.000000 2221.016949
10381284.222336 0.000000 2233.220339
9881586.111724 0.000000 2245.423729
7853226.699550 0.000000 2257.627119
5604519.807766 0.000000 2269.830508
4097765.833642 0.000000 2282.033898
3608053.320379 0.000000 2294.237288
3953561.192000 0.000000 2306.440678
4762685.755411 0.000000 2318.644068
5735399.757626 0.000000 2330.847458
6681477.296744 0.000000 2343.050847
7545168.063775 0.000000 2355.254237
8297528.292423 0.000000 2367.457627
8967946.191743 0.000000 2379.661017
9556418.046659 0.000000 2391.864407
10092410.234522 0.000000 2404.067797
10571754.145765 0.000000 2416.271186
11012925.122335 0.000000 2428.474576
11409904.301842 0.000000 2440.677966
11774494.054327 0.000000 2452.881356
12102278.902187 0.000000 2465.084746
12401467.071105 0.000000 2477.288136
12669842.560327 0.000000 2489.491525
12913392.942815 0.000000 2501.694915
13131573.359863 0.000000 2513.898305
13328869.911594 0.000000 2526.101695
13505793.413191 0.000000 2538.305085
13665663.156511 0.000000 2550.508475
13809407.295009 0.000000 2562.711864
13939158.203462 0.000000 2574.915254
14055758.551010 0.000000 2587.118644
14160221.302013 0.000000 2599.322034
14253436.664545 0.000000 2611.525424
14336134.044942 0.000000 2623.728814
14410154.934663 0.000000 2635.932203
14476958.050034 0.000000 2648.135593
14539241.127975 0.000000 2660.338983
14598362.289333 0.000000 2672.542373
14654435.301920 0.000000 2684.745763
14701691.002452 0.000000 2696.949153
14723669.833210 0.000000 2709.152542
14698440.208321 0.000000 2721.355932
14620265.941433 0.000000 2733.559322
14536308.096254 0.000000 2745.762712
14512811.639095 0.000000 2757.966102
14555956.319923 0.000000 2770.169492
14568544.680010 0.000000 2782.372881
14432716.042910 0.000000 2794.576271
14055510.161291 0.000000 2806.779661
13372755.178207 0.000000 2818.983051
12296406.970384 0.000000 2831.186441
10558109.318812 0.000000 2843.389831
7661829.760854 0.000000 2855.593220
3562756.858162 0.000000 2867.796610
717916.503248 0.000000 2880.000000
4002688.466970 0.000000 2892.203390
17975679.827521 0.000000 2904.406780
29746475.573603 0.000000 2916.610169
29953030.414041 0.000000 2928.813559
30049723.389390 0.000000 2941.016949
30815620.901457 0.000000 2953.220339
31167064.226341 0.000000 2965.423729
31316708.827318 0.000000 2977.627119
31193883.653749 0.000000 2989.830508
30663069.819815 0.000000 3002.033898
30415742.936238 0.000000 3014.237288
30160485.172209 0.000000 3026.440678
29788012.554390 0.000000 3038.644068
29495376.333868 0.000000 3050.847458
29230907.115763 0.000000 3063.050847
29035721.579052 0.000000 3075.254237
28889042.208219 0.000000 3087.457627
28773282.733351 0.000000 3099.661017
28671076.417889 0.000000 3111.864407
28577668.837597 0.000000 3124.067797
28484458.326610 0.000000 3136.271186
28397825.357992 0.000000 3148.474576
28328090.937583 0.000000 3160.677966
28313951.942454 0.000000 3172.881356
28397697.168060 0.000000 3185.084746
28697532.023052 0.000000 3197.288136
29112737.647802 0.000000 3209.491525
29097962.099222 0.000000 3221.694915
29655873.628349 0.000000 3233.898305
32007998.159405 0.000000 3246.101695
33908577.980534 0.000000 3258.305085
33882153.344064 0.000000 3270.508475
32682688.782555 0.000000 3282.711864
31283135.487442 0.000000 3294.915254
28421197.393481 0.000000 3307.118644
30515166.951392 0.000000 3319.322034
6768840.832524 0.000000 3331.525424
25830672.517139 0.000000 3343.728814
33284.138804 0.000000 3355.932203
58098.434566 0.000000 3368.135593
83397.104798 0.000000 3380.338983
108012.192298 0.000000 3392.542373
131299.864954 0.000000 3404.745763
152532.437355 0.000000 3416.949153
171361.249504 0.000000 3429.152542
187591.223929 0.000000 3441.355932
201266.745741 0.000000 3453.559322
212535.703035 0.000000 3465.762712
221653.318218 0.000000 3477.966102
228894.423397 0.000000 3490.169492
234555.902552 0.000000 3502.372881
238906.426309 0.000000 3514.576271
242198.758810 0.000000 3526.779661
244642.774415 0.000000 3538.983051
246421.692866 0.000000 3551.186441
247677.512741 0.000000 3563.389831
248525.301819 0.000000 3575.593220
249045.410022 0.000000 3587.796610
249292.521325 0.000000 3600.000000
