19579.653613 0.000000 0.000000
19674.018785 0.000000 12.203390
19863.178374 0.000000 24.406780
20147.592175 0.000000 36.610169
20528.707947 0.000000 48.813559
21007.188689 0.000000 61.016949
21585.572120 0.000000 73.220339
22264.831573 0.000000 85.423729
23048.552545 0.000000 97.627119
23938.022944 0.000000 109.830508
24937.895843 0.000000 122.033898
26049.769513 0.000000 134.237288
27279.396978 0.000000 146.440678
28628.679438 0.000000 158.644068
30104.509971 0.000000 170.847458
31709.084397 0.000000 183.050847
33450.484675 0.000000 195.254237
35331.191674 0.000000 207.457627
37360.533875 0.000000 219.661017
39541.266112 0.000000 231.864407
41884.029855 0.000000 244.067797
44391.842284 0.000000 256.271186
47076.733182 0.000000 268.474576
49941.969362 0.000000 280.677966
53001.054047 0.000000 292.881356
56257.490613 0.000000 305.084746
59726.348379 0.000000 317.288136
63411.355454 0.000000 329.491525
67329.248771 0.000000 341.694915
71483.970085 0.000000 353.898305
75894.033076 0.000000 366.101695
80563.585732 0.000000 378.305085
85513.031121 0.000000 390.508475
90746.721849 0.000000 402.711864
96287.065010 0.000000 414.915254
102138.621144 0.000000 427.118644
108325.911217 0.000000 439.322034
114853.717329 0.000000 451.525424
121748.765814 0.000000 463.728814
129016.080969 0.000000 475.932203
136684.654096 0.000000 488.135593
144759.772047 0.000000 500.338983
153272.687887 0.000000 512.542373
162228.961732 0.000000 524.745763
171661.993478 0.000000 536.949153
181577.582055 0.000000 549.152542
192010.973798 0.000000 561.355932
202968.061346 0.000000 573.559322
214485.320313 0.000000 585.762712
226568.360426 0.000000 597.966102
239253.734924 0.000000 610.169492
252545.920688 0.000000 622.372881
266479.490460 0.000000 634.576271
281056.024436 0.000000 646.779661
296304.488887 0.000000 658.983051
312220.060684 0.000000 671.186441
328819.726022 0.000000 683.389831
346085.456159 0.000000 695.593220
364010.980056 0.000000 707.796610
382552.058631 0.000000 720.000000
401658.977145 0.000000 732.203390
421236.585888 0.000000 744.406780
441155.162542 0.000000 756.610169
461222.023499 0.000000 768.813559
481160.767044 0.000000 781.016949
500594.176335 0.000000 793.220339
518978.663663 0.000000 805.423729
535595.547728 0.000000 817.627119
549426.871939 0.000000 829.830508
559156.370334 0.000000 842.033898
562992.578787 0.000000 854.237288
558728.894135 0.000000 866.440678
543630.064487 0.000000 878.644068
514801.251900 0.000000 890.847458
469560.326721 0.000000 903.050847
406660.548334 0.000000 915.254237
327521.274565 0.000000 927.457627
237862.020024 0.000000 939.661017
147829.071912 0.000000 951.864407
70611.020769 0.000000 964.067797
88511140.114495 0.000000 976.271186
-3439631.684810 -0.000000 988.474576
-11873944.207131 -0.000000 1000.677966
-13578584.726233 -0.000000 1012.881356
-13035934.266917 -0.000000 1025.084746
-12857659.518655 -0.000000 1037.288136
-12846215.621113 -0.000000 1049.491525
-12863768.146902 -0.000000 1061.694915
-12858997.930899 -0.000000 1073.898305
-12792776.704249 -0.000000 1086.101695
-12669326.196972 -0.000000 1098.305085
-12581347.195231 -0.000000 1110.508475
-12596614.151155 -0.000000 1122.711864
-12675147.527980 -0.000000 1134.915254
-12744278.375134 -0.000000 1147.118644
-12771693.382732 -0.000000 1159.322034
-12778532.900508 -0.000000 1171.525424
-12774578.040449 -0.000000 1183.728814
-12771516.196071 -0.000000 1195.932203
-12766075.943722 -0.000000 1208.135593
-12754016.697417 -0.000000 1220.338983
-12746258.989036 -0.000000 1232.542373
-12750472.963091 -0.000000 1244.745763
-12750711.252177 -0.000000 1256.949153
-12750118.408098 -0.000000 1269.152542
-12749654.834014 -0.000000 1281.355932
-12744959.089559 -0.000000 1293.559322
-12737483.116528 -0.000000 1305.762712
-12719765.519410 -0.000000 1317.966102
-12693478.829254 -0.000000 1330.169492
-12666932.181565 -0.000000 1342.372881
-12636711.510180 -0.000000 1354.576271
-12605239.535921 -0.000000 1366.779661
-12575535.568213 -0.000000 1378.983051
-12540245.318276 -0.000000 1391.186441
-12486474.810599 -0.000000 1403.389831
-12416627.104427 -0.000000 1415.593220
-12332815.437164 -0.000000 1427.796610
-12237315.643493 -0.000000 1440.000000
-12136812.162522 -0.000000 1452.203390
-12031308.384595 -0.000000 1464.406780
-11919425.211438 -0.000000 1476.610169
-11802031.031794 -0.000000 1488.813559
-11680827.582242 -0.000000 1501.016949
-11558968.865653 -0.000000 1513.220339
-11437601.751873 -0.000000 1525.423729
-11318449.469627 -0.000000 1537.627119
-11200549.059904 -0.000000 1549.830508
-11084800.489240 -0.000000 1562.033898
-10969276.089647 -0.000000 1574.237288
-10854946.479485 -0.000000 1586.440678
-10739185.072600 -0.000000 1598.644068
-10622690.261581 -0.000000 1610.847458
-10501515.501331 -0.000000 1623.050847
-10374536.284959 -0.000000 1635.254237
-10235802.149348 -0.000000 1647.457627
-10077900.025635 -0.000000 1659.661017
-9882506.150954 -0.000000 1671.864407
-9641800.823931 -0.000000 1684.067797
-9387364.752734 -0.000000 1696.271186
-9126856.298572 -0.000000 1708.474576
-8781853.784076 -0.000000 1720.677966
-8257853.108423 -0.000000 1732.881356
-7504452.095570 -0.000000 1745.084746
-6450963.619901 -0.000000 1757.288136
-4987276.676146 -0.000000 1769.491525
-2969351.065577 -0.000000 1781.694915
-232602.085705 -0.000000 1793.898305
3285799.311511 0.000000 1806.101695
7606297.343229 0.000000 1818.305085
11678475.275586 0.000000 1830.508475
13405309.245745 0.000000 1842.711864
13698168.846452 0.000000 1854.915254
15166966.434493 0.000000 1867.118644
3524983.255851 0.000000 1879.322034
-14947903.119208 -0.000000 1891.525424
-15779358.838475 -0.000000 1903.728814
-40929784.575130 -0.000000 1915.932203
-32847659.696830 -0.000000 1928.135593
-18548471.423584 -0.000000 1940.338983
-14567170.869649 -0.000000 1952.542373
-13169392.120801 -0.000000 1964.745763
-13306757.611223 -0.000000 1976.949153
-14765144.697055 -0.000000 1989.152542
-16479243.924049 -0.000000 2001.355932
-18278919.150850 -0.000000 2013.559322
-20404997.638929 -0.000000 2025.762712
-23022050.976932 -0.000000 2037.966102
-27096273.408577 -0.000000 2050.169492
-26578652.340553 -0.000000 2062.372881
-34841541.472498 -0.000000 2074.576271
-3219360477.410683 -0.000000 2086.779661
-3131420.685803 -0.000000 2098.983051
7484164.591483 0.000000 2111.186441
9742988.066599 0.000000 2123.389831
8322229.795980 0.000000 2135.593220
5507486.586498 0.000000 2147.796610
4520572561.838831 0.000000 2160.000000
14586324.850070 0.000000 2172.203390
17884524.016503 0.000000 2184.406780
21060058.108230 0.000000 2196.610169
27800208.416840 0.000000 2208.813559
34937089.292615 0.000000 2221.016949
18721689.231269 0.000000 2233.220339
9868634.908273 0.000000 2245.423729
4158175.772603 0.000000 2257.627119
-377194.871622 -0.000000 2269.830508
-2164133.410736 -0.000000 2282.033898
-1886214.839196 -0.000000 2294.237288
-589462.077668 -0.000000 2306.440678
1072572.116072 0.000000 2318.644068
2709770.086561 0.000000 2330.847458
4202384.871863 0.000000 2343.050847
5507764.044078 0.000000 2355.254237
6640135.275882 0.000000 2367.457627
7601597.918877 0.000000 2379.661017
8419745.906091 0.000000 2391.864407
9120013.816105 0.000000 2404.067797
9733540.290735 0.000000 2416.271186
10277955.912174 0.000000 2428.474576
10767919.678607 0.000000 2440.677966
11210400.489783 0.000000 2452.881356
11611622.643242 0.000000 2465.084746
11975180.239723 0.000000 2477.288136
12304362.349085 0.000000 2489.491525
12602164.018947 0.000000 2501.694915
12870788.579964 0.000000 2513.898305
13113267.417725 0.000000 2526.101695
13331108.144479 0.000000 2538.305085
13527095.020864 0.000000 2550.508475
13701980.616089 0.000000 2562.711864
13857948.010670 0.000000 2574.915254
13995363.999368 0.000000 2587.118644
14116061.120176 0.000000 2599.322034
14221167.261533 0.000000 2611.525424
14312526.783310 0.000000 2623.728814
14392692.530884 0.000000 2635.932203
14462763.019138 0.000000 2648.135593
14526498.359989 0.000000 2660.338983
14583177.910057 0.000000 2672.542373
14636804.559150 0.000000 2684.745763
14681193.029052 0.000000 2696.949153
14714116.769284 0.000000 2709.152542
14722116.844750 0.000000 2721.355932
14713662.274530 0.000000 2733.559322
14702817.526631 0.000000 2745.762712
14700591.097871 0.000000 2757.966102
14654435.557302 0.000000 2770.169492
14473783.551709 0.000000 2782.372881
14074540.264207 0.000000 2794.576271
13387303.372813 0.000000 2806.779661
12322296.316676 0.000000 2818.983051
10594433.799806 0.000000 2831.186441
7768832.587463 0.000000 2843.389831
3723086.895741 0.000000 2855.593220
524700.600599 0.000000 2867.796610
1695148.314940 0.000000 2880.000000
13622345.503470 0.000000 2892.203390
27983586.537489 0.000000 2904.406780
30069634.437095 0.000000 2916.610169
30012194.763580 0.000000 2928.813559
30607212.629546 0.000000 2941.016949
30875089.539018 0.000000 2953.220339
30973384.502248 0.000000 2965.423729
30953195.658513 0.000000 2977.627119
30384027.762043 0.000000 2989.830508
30031215.514583 0.000000 3002.033898
29848986.265369 0.000000 3014.237288
29472432.109547 0.000000 3026.440678
29190381.197713 0.000000 3038.644068
28957895.492338 0.000000 3050.847458
28772999.937266 0.000000 3063.050847
28636845.851791 0.000000 3075.254237
28511602.331144 0.000000 3087.457627
28393118.086331 0.000000 3099.661017
28279253.185345 0.000000 3111.864407
28181424.968316 0.000000 3124.067797
28099441.253162 0.000000 3136.271186
28043360.283909 0.000000 3148.474576
28014365.073850 0.000000 3160.677966
28049711.589349 0.000000 3172.881356
28204396.328792 0.000000 3185.084746
28611668.405558 0.000000 3197.288136
28893504.034925 0.000000 3209.491525
28767529.467210 0.000000 3221.694915
30389669.963904 0.000000 3233.898305
33263721.292156 0.000000 3246.101695
34017593.812602 0.000000 3258.305085
32694084.756082 0.000000 3270.508475
30455310.459555 0.000000 3282.711864
28073439.014898 0.000000 3294.915254
27992934.237272 0.000000 3307.118644
14999996.757452 0.000000 3319.322034
-2030576.866178 -0.000000 3331.525424
423736.857687 0.000000 3343.728814
30137.860941 0.000000 3355.932203
52696.604988 0.000000 3368.135593
75292.621103 0.000000 3380.338983
97248.125595 0.000000 3392.542373
117796.076035 0.000000 3404.745763
136391.714125 0.000000 3416.949153
152727.288011 0.000000 3429.152542
166692.099272 0.000000 3441.355932
178354.162210 0.000000 3453.559322
187888.495783 0.000000 3465.762712
195532.941148 0.000000 3477.966102
201556.219027 0.000000 3490.169492
206218.446176 0.000000 3502.372881
209770.090910 0.000000 3514.576271
212426.182865 0.000000 3526.779661
214378.399477 0.000000 3538.983051
215779.837922 0.000000 3551.186441
216758.939456 0.000000 3563.389831
217410.744738 0.000000 3575.593220
217807.624862 0.000000 3587.796610
217994.424024 0.000000 3600.000000
