11302.451190 0.000000 0.000000
11308.202878 0.000000 12.203390
11319.838516 0.000000 24.406780
11337.238750 0.000000 36.610169
11360.594912 0.000000 48.813559
11390.000200 0.000000 61.016949
11425.622001 0.000000 73.220339
11467.617874 0.000000 85.423729
11516.206886 0.000000 97.627119
11571.594301 0.000000 109.830508
11634.050286 0.000000 122.033898
11703.821190 0.000000 134.237288
11781.224112 0.000000 146.440678
11866.539877 0.000000 158.644068
11960.126904 0.000000 170.847458
12062.294979 0.000000 183.050847
12173.438963 0.000000 195.254237
12293.893043 0.000000 207.457627
12424.084943 0.000000 219.661017
12564.369857 0.000000 231.864407
12715.206314 0.000000 244.067797
12876.969371 0.000000 256.271186
13050.148260 0.000000 268.474576
13235.138557 0.000000 280.677966
13432.463089 0.000000 292.881356
13642.540764 0.000000 305.084746
13865.931996 0.000000 317.288136
14103.084672 0.000000 329.491525
14354.603526 0.000000 341.694915
14620.972229 0.000000 353.898305
14902.849107 0.000000 366.101695
15200.762375 0.000000 378.305085
15515.433553 0.000000 390.508475
15847.446306 0.000000 402.711864
16197.597361 0.000000 414.915254
16566.536326 0.000000 427.118644
16955.148800 0.000000 439.322034
17364.163453 0.000000 451.525424
17794.567816 0.000000 463.728814
18247.183669 0.000000 475.932203
18723.116354 0.000000 488.135593
19223.294314 0.000000 500.338983
19748.958023 0.000000 512.542373
20301.158980 0.000000 524.745763
20881.289829 0.000000 536.949153
21490.542531 0.000000 549.152542
22130.482226 0.000000 561.355932
22802.458584 0.000000 573.559322
23508.230651 0.000000 585.762712
24249.326483 0.000000 597.966102
25027.721417 0.000000 610.169492
25845.142094 0.000000 622.372881
26703.805432 0.000000 634.576271
27605.658686 0.000000 646.779661
28553.186433 0.000000 658.983051
29548.580415 0.000000 671.186441
30594.620715 0.000000 683.389831
31693.767313 0.000000 695.593220
32849.126426 0.000000 707.796610
34063.452304 0.000000 720.000000
35340.209397 0.000000 732.203390
36682.473317 0.000000 744.406780
38094.101221 0.000000 756.610169
39578.518446 0.000000 768.813559
41140.012824 0.000000 781.016949
42782.389474 0.000000 793.220339
44510.406614 0.000000 805.423729
46328.281201 0.000000 817.627119
48241.285726 0.000000 829.830508
50254.080878 0.000000 842.033898
52372.499904 0.000000 854.237288
54601.681614 0.000000 866.440678
56948.069352 0.000000 878.644068
59417.315060 0.000000 890.847458
62016.524782 0.000000 903.050847
64751.898142 0.000000 915.254237
67631.259855 0.000000 927.457627
70661.391462 0.000000 939.661017
73850.895665 0.000000 951.864407
77207.170339 0.000000 964.067797
80739.658377 0.000000 976.271186
84456.406550 0.000000 988.474576
88367.762229 0.000000 1000.677966
92482.452027 0.000000 1012.881356
96811.796530 0.000000 1025.084746
101365.229382 0.000000 1037.288136
106155.113907 0.000000 1049.491525
111191.613639 0.000000 1061.694915
116488.205359 0.000000 1073.898305
122055.798828 0.000000 1086.101695
127909.054661 0.000000 1098.305085
134059.635951 0.000000 1110.508475
140523.453268 0.000000 1122.711864
147312.917580 0.000000 1134.915254
154445.249589 0.000000 1147.118644
161933.585841 0.000000 1159.322034
169796.503739 0.000000 1171.525424
178047.823068 0.000000 1183.728814
186707.505162 0.000000 1195.932203
195789.982673 0.000000 1208.135593
205316.599164 0.000000 1220.338983
215302.292344 0.000000 1232.542373
225769.742244 0.000000 1244.745763
236734.237772 0.000000 1256.949153
248219.682011 0.000000 1269.152542
260241.491417 0.000000 1281.355932
272824.574792 0.000000 1293.559322
285984.151844 0.000000 1305.762712
299745.758842 0.000000 1317.966102
314123.929099 0.000000 1330.169492
329144.184088 0.000000 1342.372881
344819.611055 0.000000 1354.576271
361174.638161 0.000000 1366.779661
378219.666056 0.000000 1378.983051
395976.213982 0.000000 1391.186441
414449.907948 0.000000 1403.389831
433656.262064 0.000000 1415.593220
453592.480580 0.000000 1427.796610
474262.714478 0.000000 1440.000000
495649.233115 0.000000 1452.203390
517735.383350 0.000000 1464.406780
540476.640652 0.000000 1476.610169
563818.618799 0.000000 1488.813559
587668.070835 0.000000 1501.016949
611901.978094 0.000000 1513.220339
636337.402150 0.000000 1525.423729
660725.530715 0.000000 1537.627119
684716.795472 0.000000 1549.830508
707830.379666 0.000000 1562.033898
729406.854426 0.000000 1574.237288
748539.609743 0.000000 1586.440678
764004.118128 0.000000 1598.644068
774141.081481 0.000000 1610.847458
776769.220106 0.000000 1623.050847
769065.289046 0.000000 1635.254237
747595.980212 0.000000 1647.457627
708498.057952 0.000000 1659.661017
648174.312721 0.000000 1671.864407
564522.631374 0.000000 1684.067797
458887.598507 0.000000 1696.271186
337955.760850 0.000000 1708.474576
214596.163202 0.000000 1720.677966
105981.306736 0.000000 1732.881356
24910763.257209 0.000000 1745.084746
3522341.711916 0.000000 1757.288136
2763434.351858 0.000000 1769.491525
-2273262.514033 -0.000000 1781.694915
-4280823.039268 -0.000000 1793.898305
-2974776.122964 -0.000000 1806.101695
508563.194659 0.000000 1818.305085
4756651.851789 0.000000 1830.508475
8569562.646627 0.000000 1842.711864
11787978.316816 0.000000 1854.915254
8822789.355086 0.000000 1867.118644
-6881283.003122 -0.000000 1879.322034
-19732605.178170 -0.000000 1891.525424
-38668835.862959 -0.000000 1903.728814
-39459237.159396 -0.000000 1915.932203
-19944022.805094 -0.000000 1928.135593
-14961011.034948 -0.000000 1940.338983
-13422177.596516 -0.000000 1952.542373
-13691064.708066 -0.000000 1964.745763
-15413954.780544 -0.000000 1976.949153
-17475939.607881 -0.000000 1989.152542
-19455820.821577 -0.000000 2001.355932
-21372813.642409 -0.000000 2013.559322
-23170710.200847 -0.000000 2025.762712
-24932493.655571 -0.000000 2037.966102
-26701973.419948 -0.000000 2050.169492
-28726792.258259 -0.000000 2062.372881
-30619976.424915 -0.000000 2074.576271
-24717108.664440 -0.000000 2086.779661
-21237949.936787 -0.000000 2098.983051
-8206478.946179 -0.000000 2111.186441
-10072440.142692 -0.000000 2123.389831
-3812863.736762 -0.000000 2135.593220
3338154.388124 0.000000 2147.796610
5309923.009559 0.000000 2160.000000
5575971.064469 0.000000 2172.203390
8672914.158712 0.000000 2184.406780
54397373.185517 0.000000 2196.610169
130795351.708429 0.000000 2208.813559
11440497.427886 0.000000 2221.016949
11513991.135646 0.000000 2233.220339
10347886.334649 0.000000 2245.423729
7970780.857722 0.000000 2257.627119
5208601.108427 0.000000 2269.830508
3336777.329255 0.000000 2282.033898
2652132.082113 0.000000 2294.237288
2845543.761836 0.000000 2306.440678
3557179.926473 0.000000 2318.644068
4486032.507576 0.000000 2330.847458
5444979.988172 0.000000 2343.050847
6345081.770067 0.000000 2355.254237
7171667.738209 0.000000 2367.457627
7917257.426877 0.000000 2379.661017
8566746.683452 0.000000 2391.864407
9111891.771849 0.000000 2404.067797
9564345.007023 0.000000 2416.271186
9945772.026607 0.000000 2428.474576
10273109.203400 0.000000 2440.677966
10560000.047812 0.000000 2452.881356
10812645.568474 0.000000 2465.084746
11037837.791495 0.000000 2477.288136
11238169.107857 0.000000 2489.491525
11418013.104724 0.000000 2501.694915
11578279.443584 0.000000 2513.898305
11719202.882478 0.000000 2526.101695
11834202.742789 0.000000 2538.305085
11912744.826446 0.000000 2550.508475
11949030.730715 0.000000 2562.711864
11965027.944710 0.000000 2574.915254
12008072.910109 0.000000 2587.118644
12106291.299023 0.000000 2599.322034
12234470.917888 0.000000 2611.525424
12348320.254029 0.000000 2623.728814
12428734.338622 0.000000 2635.932203
12481034.283979 0.000000 2648.135593
12512971.962199 0.000000 2660.338983
12524266.922053 0.000000 2672.542373
12517803.219707 0.000000 2684.745763
12512861.831761 0.000000 2696.949153
12538264.420641 0.000000 2709.152542
12588233.220723 0.000000 2721.355932
12613493.730216 0.000000 2733.559322
12561666.954300 0.000000 2745.762712
12438710.429966 0.000000 2757.966102
12313350.485850 0.000000 2770.169492
12245079.514905 0.000000 2782.372881
12182482.151809 0.000000 2794.576271
11966615.301509 0.000000 2806.779661
11418953.888652 0.000000 2818.983051
10377959.062176 0.000000 2831.186441
8663985.262893 0.000000 2843.389831
6070222.967573 0.000000 2855.593220
2699343.616852 0.000000 2867.796610
-267187.321158 -0.000000 2880.000000
-106159.256225 -0.000000 2892.203390
7741916.695064 0.000000 2904.406780
22376875.554343 0.000000 2916.610169
29925251.987769 0.000000 2928.813559
29842619.887417 0.000000 2941.016949
29957485.758241 0.000000 2953.220339
30403886.569769 0.000000 2965.423729
30625090.478202 0.000000 2977.627119
30650371.084901 0.000000 2989.830508
30148236.088353 0.000000 3002.033898
29809964.171070 0.000000 3014.237288
29698456.806224 0.000000 3026.440678
29331397.868556 0.000000 3038.644068
29036554.734300 0.000000 3050.847458
28763129.017939 0.000000 3063.050847
28526696.207155 0.000000 3075.254237
28355150.988634 0.000000 3087.457627
28220088.224667 0.000000 3099.661017
28108183.308643 0.000000 3111.864407
28005494.223071 0.000000 3124.067797
27909458.337515 0.000000 3136.271186
27819977.444518 0.000000 3148.474576
27756223.382208 0.000000 3160.677966
27733076.697638 0.000000 3172.881356
27790233.246775 0.000000 3185.084746
27955782.668329 0.000000 3197.288136
28364833.226742 0.000000 3209.491525
28684944.883073 0.000000 3221.694915
28505046.358973 0.000000 3233.898305
29899964.524785 0.000000 3246.101695
32847731.657864 0.000000 3258.305085
33817331.346619 0.000000 3270.508475
32542215.191049 0.000000 3282.711864
30341962.247902 0.000000 3294.915254
28528896.481735 0.000000 3307.118644
27625583.107553 0.000000 3319.322034
20552740.775764 0.000000 3331.525424
-618040.269265 -0.000000 3343.728814
1328148.709247 0.000000 3355.932203
9845.317597 0.000000 3368.135593
17762.445246 0.000000 3380.338983
25733.388983 0.000000 3392.542373
33207.950140 0.000000 3404.745763
40236.063804 0.000000 3416.949153
46569.292569 0.000000 3429.152542
52170.157977 0.000000 3441.355932
56987.968324 0.000000 3453.559322
61057.865172 0.000000 3465.762712
64427.601894 0.000000 3477.966102
67176.909968 0.000000 3490.169492
69384.781512 0.000000 3502.372881
71135.508037 0.000000 3514.576271
72502.999845 0.000000 3526.779661
73555.770931 0.000000 3538.983051
74349.398052 0.000000 3551.186441
74931.212020 0.000000 3563.389831
75336.634158 0.000000 3575.593220
75592.623286 0.000000 3587.796610
75716.299328 0.000000 3600.000000
