21239.925812 0.000000 0.000000
21341.420368 0.000000 12.203390
21544.712817 0.000000 24.406780
21850.536276 0.000000 36.610169
22259.983806 0.000000 48.813559
22774.228057 0.000000 61.016949
23395.228029 0.000000 73.220339
24124.726950 0.000000 85.423729
24965.489845 0.000000 97.627119
25919.846065 0.000000 109.830508
26991.374509 0.000000 122.033898
28182.999985 0.000000 134.237288
29499.132976 0.000000 146.440678
30943.303602 0.000000 158.644068
32520.776252 0.000000 170.847458
34235.699082 0.000000 183.050847
36094.218592 0.000000 195.254237
38101.116594 0.000000 207.457627
40263.455597 0.000000 219.661017
42586.669615 0.000000 231.864407
45078.777242 0.000000 244.067797
47745.886841 0.000000 256.271186
50597.019709 0.000000 268.474576
53638.984291 0.000000 280.677966
56881.858575 0.000000 292.881356
60333.180714 0.000000 305.084746
64004.146061 0.000000 317.288136
67903.056444 0.000000 329.491525
72042.292501 0.000000 341.694915
76430.957964 0.000000 353.898305
81082.694553 0.000000 366.101695
86007.449209 0.000000 378.305085
91220.204645 0.000000 390.508475
96731.796385 0.000000 402.711864
102558.630329 0.000000 414.915254
108712.474744 0.000000 427.118644
115211.238174 0.000000 439.322034
122067.660715 0.000000 451.525424
129301.216516 0.000000 463.728814
136925.642342 0.000000 475.932203
144962.005767 0.000000 488.135593
153425.027842 0.000000 500.338983
162337.329511 0.000000 512.542373
171714.533271 0.000000 524.745763
181580.643395 0.000000 536.949153
191951.966094 0.000000 549.152542
202853.486227 0.000000 561.355932
214301.717404 0.000000 573.559322
226321.810238 0.000000 585.762712
238929.541938 0.000000 597.966102
252148.682397 0.000000 610.169492
265992.456553 0.000000 622.372881
280480.413591 0.000000 634.576271
295619.813962 0.000000 646.779661
311420.823388 0.000000 658.983051
327878.369719 0.000000 671.186441
344983.875346 0.000000 683.389831
362708.069623 0.000000 695.593220
381006.571733 0.000000 707.796610
399803.762217 0.000000 720.000000
418988.142196 0.000000 732.203390
438396.315840 0.000000 744.406780
457791.920939 0.000000 756.610169
476846.657345 0.000000 768.813559
495093.609362 0.000000 781.016949
511899.381714 0.000000 793.220339
526380.816869 0.000000 805.423729
537364.085065 0.000000 817.627119
543266.485325 0.000000 829.830508
542073.902931 0.000000 842.033898
531274.677702 0.000000 854.237288
508052.737121 0.000000 866.440678
469629.215273 0.000000 878.644068
414170.996177 0.000000 890.847458
341983.620600 0.000000 903.050847
257021.088677 0.000000 915.254237
167602.421131 0.000000 927.457627
85729.004935 0.000000 939.661017
12864474.449995 0.000000 951.864407
-1943301.033596 -0.000000 964.067797
-9538222.672643 -0.000000 976.271186
-13813835.258703 -0.000000 988.474576
-13201159.311668 -0.000000 1000.677966
-12966478.431149 -0.000000 1012.881356
-12875698.155198 -0.000000 1025.084746
-12879019.180365 -0.000000 1037.288136
-12885602.899447 -0.000000 1049.491525
-12837104.108816 -0.000000 1061.694915
-12728733.408733 -0.000000 1073.898305
-12625377.558243 -0.000000 1086.101695
-12611488.242663 -0.000000 1098.305085
-12683532.463553 -0.000000 1110.508475
-12754557.255417 -0.000000 1122.711864
-12782229.139676 -0.000000 1134.915254
-12790316.544672 -0.000000 1147.118644
-12793357.053297 -0.000000 1159.322034
-12788077.504202 -0.000000 1171.525424
-12781547.375694 -0.000000 1183.728814
-12782058.883793 -0.000000 1195.932203
-12778093.865254 -0.000000 1208.135593
-12772067.390148 -0.000000 1220.338983
-12772156.450945 -0.000000 1232.542373
-12773067.660413 -0.000000 1244.745763
-12772440.323585 -0.000000 1256.949153
-12772295.063110 -0.000000 1269.152542
-12768465.435104 -0.000000 1281.355932
-12763252.548838 -0.000000 1293.559322
-12756907.290286 -0.000000 1305.762712
-12742030.499776 -0.000000 1317.966102
-12721111.849114 -0.000000 1330.169492
-12697716.353711 -0.000000 1342.372881
-12669421.689594 -0.000000 1354.576271
-12639075.184686 -0.000000 1366.779661
-12606055.027662 -0.000000 1378.983051
-12567325.427359 -0.000000 1391.186441
-12517039.179459 -0.000000 1403.389831
-12454094.313049 -0.000000 1415.593220
-12373627.123292 -0.000000 1427.796610
-12278841.718744 -0.000000 1440.000000
-12179069.644479 -0.000000 1452.203390
-12077580.907572 -0.000000 1464.406780
-11974420.406053 -0.000000 1476.610169
-11870444.794515 -0.000000 1488.813559
-11765599.883448 -0.000000 1501.016949
-11660479.417362 -0.000000 1513.220339
-11555023.908869 -0.000000 1525.423729
-11449486.744759 -0.000000 1537.627119
-11343841.747735 -0.000000 1549.830508
-11237819.845870 -0.000000 1562.033898
-11131463.244971 -0.000000 1574.237288
-11023850.582877 -0.000000 1586.440678
-10915657.941808 -0.000000 1598.644068
-10807490.195076 -0.000000 1610.847458
-10704886.016157 -0.000000 1623.050847
-10611535.957098 -0.000000 1635.254237
-10526037.902697 -0.000000 1647.457627
-10432159.259842 -0.000000 1659.661017
-10317074.658286 -0.000000 1671.864407
-10182253.687936 -0.000000 1684.067797
-10040678.795483 -0.000000 1696.271186
-9896006.350296 -0.000000 1708.474576
-9740879.904679 -0.000000 1720.677966
-9562834.313358 -0.000000 1732.881356
-9345350.900330 -0.000000 1745.084746
-9070180.962330 -0.000000 1757.288136
-8707378.028411 -0.000000 1769.491525
-8218636.040213 -0.000000 1781.694915
-7541791.454032 -0.000000 1793.898305
-6594868.278980 -0.000000 1806.101695
-5259989.565020 -0.000000 1818.305085
-3392954.946838 -0.000000 1830.508475
-823662.466616 -0.000000 1842.711864
2587255.101759 0.000000 1854.915254
6871765.184385 0.000000 1867.118644
11278616.191963 0.000000 1879.322034
13454101.616894 0.000000 1891.525424
13479619.858466 0.000000 1903.728814
14818099.431457 0.000000 1915.932203
12056698.320540 0.000000 1928.135593
-9400867.826539 -0.000000 1940.338983
-19335094.591971 -0.000000 1952.542373
-20979857.201092 -0.000000 1964.745763
-53677174.422712 -0.000000 1976.949153
-22200247.797825 -0.000000 1989.152542
-15492639.908145 -0.000000 2001.355932
-13552241.218182 -0.000000 2013.559322
-13615987.128926 -0.000000 2025.762712
-15176350.780327 -0.000000 2037.966102
-16875493.511832 -0.000000 2050.169492
-18226043.499229 -0.000000 2062.372881
-19353914.612090 -0.000000 2074.576271
-20188531.784502 -0.000000 2086.779661
-20740291.260306 -0.000000 2098.983051
-20856945.128586 -0.000000 2111.186441
-20895483.210039 -0.000000 2123.389831
-17407569.553983 -0.000000 2135.593220
-214883398.449386 -0.000000 2147.796610
-166735436.684093 -0.000000 2160.000000
326786.291945 0.000000 2172.203390
5419432.187541 0.000000 2184.406780
9261759.685889 0.000000 2196.610169
9752309.835226 0.000000 2208.813559
8707813.280576 0.000000 2221.016949
6883196.134748 0.000000 2233.220339
5161418.496785 0.000000 2245.423729
4278157.903998 0.000000 2257.627119
4331590.846070 0.000000 2269.830508
5052114.691681 0.000000 2282.033898
6108735.413132 0.000000 2294.237288
7234291.633711 0.000000 2306.440678
8308308.682261 0.000000 2318.644068
9265221.826764 0.000000 2330.847458
10117150.862837 0.000000 2343.050847
10863765.291931 0.000000 2355.254237
11534452.547810 0.000000 2367.457627
12132385.845231 0.000000 2379.661017
12675594.723702 0.000000 2391.864407
13163941.460805 0.000000 2404.067797
13606794.733650 0.000000 2416.271186
14003700.429420 0.000000 2428.474576
14360047.599689 0.000000 2440.677966
14674652.821677 0.000000 2452.881356
14949920.730365 0.000000 2465.084746
15169454.354420 0.000000 2477.288136
15321012.876247 0.000000 2489.491525
15410285.269102 0.000000 2501.694915
15443424.328969 0.000000 2513.898305
15473012.472864 0.000000 2526.101695
15519973.721767 0.000000 2538.305085
15546530.985721 0.000000 2550.508475
15554907.952793 0.000000 2562.711864
15543136.282186 0.000000 2574.915254
15533024.570636 0.000000 2587.118644
15532971.593614 0.000000 2599.322034
15542608.819755 0.000000 2611.525424
15542943.696396 0.000000 2623.728814
15539685.382703 0.000000 2635.932203
15528047.317393 0.000000 2648.135593
15516236.989625 0.000000 2660.338983
15511755.049625 0.000000 2672.542373
15520685.153187 0.000000 2684.745763
15530872.597015 0.000000 2696.949153
15531028.220887 0.000000 2709.152542
15532549.922102 0.000000 2721.355932
15548619.349031 0.000000 2733.559322
15586573.967399 0.000000 2745.762712
15632581.977621 0.000000 2757.966102
15581912.374018 0.000000 2770.169492
15252400.608709 0.000000 2782.372881
14678633.983799 0.000000 2794.576271
13615039.818585 0.000000 2806.779661
11362845.474094 0.000000 2818.983051
7165355.960546 0.000000 2831.186441
2199310.374247 0.000000 2843.389831
-171288.733490 -0.000000 2855.593220
7634770.628273 0.000000 2867.796610
24307289.143573 0.000000 2880.000000
30181569.841257 0.000000 2892.203390
29803121.902092 0.000000 2904.406780
30191268.858018 0.000000 2916.610169
30874893.831461 0.000000 2928.813559
31273849.596267 0.000000 2941.016949
31311659.615942 0.000000 2953.220339
31026676.151448 0.000000 2965.423729
30564489.919702 0.000000 2977.627119
30389026.780623 0.000000 2989.830508
30139059.006525 0.000000 3002.033898
29758940.497546 0.000000 3014.237288
29455954.322670 0.000000 3026.440678
29186667.939952 0.000000 3038.644068
29005266.899814 0.000000 3050.847458
28885445.342087 0.000000 3063.050847
28796176.712951 0.000000 3075.254237
28715170.513360 0.000000 3087.457627
28635544.274180 0.000000 3099.661017
28558020.243637 0.000000 3111.864407
28494255.138960 0.000000 3124.067797
28456914.170252 0.000000 3136.271186
28482958.117648 0.000000 3148.474576
28611117.233384 0.000000 3160.677966
28933028.637095 0.000000 3172.881356
29174060.959530 0.000000 3185.084746
29044800.057056 0.000000 3197.288136
30240718.573858 0.000000 3209.491525
32946911.676300 0.000000 3221.694915
34142331.025018 0.000000 3233.898305
33409836.312571 0.000000 3246.101695
31667797.962271 0.000000 3258.305085
30129170.608988 0.000000 3270.508475
29920258.180976 0.000000 3282.711864
21004604.343300 0.000000 3294.915254
-704338.043274 -0.000000 3307.118644
4172032.461486 0.000000 3319.322034
43125.802578 0.000000 3331.525424
75722.832090 0.000000 3343.728814
109658.307686 0.000000 3355.932203
143101.894714 0.000000 3368.135593
174977.456875 0.000000 3380.338983
204189.783744 0.000000 3392.542373
230136.640253 0.000000 3404.745763
252494.612773 0.000000 3416.949153
271270.651510 0.000000 3429.152542
286651.815496 0.000000 3441.355932
298979.029764 0.000000 3453.559322
308638.496985 0.000000 3465.762712
316050.865660 0.000000 3477.966102
321605.323274 0.000000 3490.169492
325671.723370 0.000000 3502.372881
328563.267486 0.000000 3514.576271
330559.292157 0.000000 3526.779661
331883.306519 0.000000 3538.983051
332726.213982 0.000000 3551.186441
333232.488654 0.000000 3563.389831
333518.572041 0.000000 3575.593220
333664.393559 0.000000 3587.796610
333724.545507 0.000000 3600.000000
