10072.485613 0.000000 0.000000
10127.720584 0.000000 12.203390
10238.239638 0.000000 24.406780
10404.879492 0.000000 36.610169
10627.951227 0.000000 48.813559
10908.872043 0.000000 61.016949
11248.281661 0.000000 73.220339
11648.309522 0.000000 85.423729
12109.867084 0.000000 97.627119
12635.830976 0.000000 109.830508
13227.385902 0.000000 122.033898
13888.191747 0.000000 134.237288
14619.714089 0.000000 146.440678
15426.438710 0.000000 158.644068
16310.120080 0.000000 170.847458
17276.121489 0.000000 183.050847
18326.494890 0.000000 195.254237
19467.541470 0.000000 207.457627
20701.619231 0.000000 219.661017
22036.036679 0.000000 231.864407
23473.465744 0.000000 244.067797
25022.302054 0.000000 256.271186
26685.538392 0.000000 268.474576
28472.747885 0.000000 280.677966
30387.250785 0.000000 292.881356
32439.899944 0.000000 305.084746
34634.347212 0.000000 317.288136
36982.841201 0.000000 329.491525
39489.368524 0.000000 341.694915
42167.703150 0.000000 353.898305
45022.168349 0.000000 366.101695
48068.209091 0.000000 378.305085
51310.483496 0.000000 390.508475
54766.270861 0.000000 402.711864
58440.560412 0.000000 414.915254
62352.645504 0.000000 427.118644
66507.839582 0.000000 439.322034
70927.650799 0.000000 451.525424
75617.703673 0.000000 463.728814
80601.941725 0.000000 475.932203
85886.284062 0.000000 488.135593
91497.348779 0.000000 500.338983
97441.327471 0.000000 512.542373
103747.774765 0.000000 524.745763
110423.125062 0.000000 536.949153
117500.150988 0.000000 549.152542
124985.496189 0.000000 561.355932
132915.449685 0.000000 573.559322
141296.825611 0.000000 585.762712
150169.745732 0.000000 597.966102
159541.152330 0.000000 610.169492
169455.324578 0.000000 622.372881
179919.291919 0.000000 634.576271
190981.817804 0.000000 646.779661
202649.979563 0.000000 658.983051
214977.339025 0.000000 671.186441
227970.987260 0.000000 683.389831
241689.559611 0.000000 695.593220
256140.132900 0.000000 707.796610
271386.617958 0.000000 720.000000
287436.045241 0.000000 732.203390
304357.661366 0.000000 744.406780
322158.388861 0.000000 756.610169
340912.635476 0.000000 768.813559
360627.068558 0.000000 781.016949
381380.679345 0.000000 793.220339
403179.518627 0.000000 805.423729
426105.913836 0.000000 817.627119
450164.482094 0.000000 829.830508
475438.512281 0.000000 842.033898
501929.437838 0.000000 854.237288
529717.239937 0.000000 866.440678
558796.586686 0.000000 878.644068
589236.627511 0.000000 890.847458
621018.162496 0.000000 903.050847
654186.304255 0.000000 915.254237
688694.188269 0.000000 927.457627
724539.579304 0.000000 939.661017
761621.472247 0.000000 951.864407
799848.666977 0.000000 964.067797
839015.608202 0.000000 976.271186
878866.910026 0.000000 988.474576
918997.116093 0.000000 1000.677966
958849.764882 0.000000 1012.881356
997641.540366 0.000000 1025.084746
1034268.173648 0.000000 1037.288136
1067248.286705 0.000000 1049.491525
1094508.153353 0.000000 1061.694915
1113350.679498 0.000000 1073.898305
1120135.226920 0.000000 1086.101695
1110381.566291 0.000000 1098.305085
1078596.606508 0.000000 1110.508475
1019040.716759 0.000000 1122.711864
926566.731552 0.000000 1134.915254
799102.548173 0.000000 1147.118644
640102.150702 0.000000 1159.322034
461591.011509 0.000000 1171.525424
284127.120521 0.000000 1183.728814
133792.944741 0.000000 1195.932203
350055362.529730 0.000000 1208.135593
-1954790.038646 -0.000000 1220.338983
-8018693.967109 -0.000000 1232.542373
-12533742.033066 -0.000000 1244.745763
-13433755.181592 -0.000000 1256.949153
-13112488.674653 -0.000000 1269.152542
-13022735.920580 -0.000000 1281.355932
-13030954.949687 -0.000000 1293.559322
-12950272.887936 -0.000000 1305.762712
-12496621.584450 -0.000000 1317.966102
-11975723.276347 -0.000000 1330.169492
-11725385.409694 -0.000000 1342.372881
-11449645.609562 -0.000000 1354.576271
-11167257.235994 -0.000000 1366.779661
-10951903.360214 -0.000000 1378.983051
-10762003.852429 -0.000000 1391.186441
-10579467.680813 -0.000000 1403.389831
-10375531.652649 -0.000000 1415.593220
-10145799.741600 -0.000000 1427.796610
-9898747.693586 -0.000000 1440.000000
-9656144.123578 -0.000000 1452.203390
-9429388.523812 -0.000000 1464.406780
-9213703.502728 -0.000000 1476.610169
-8990484.612601 -0.000000 1488.813559
-8747648.280995 -0.000000 1501.016949
-8488714.924370 -0.000000 1513.220339
-8219354.963313 -0.000000 1525.423729
-7946432.747473 -0.000000 1537.627119
-7674184.842016 -0.000000 1549.830508
-7414860.713286 -0.000000 1562.033898
-7178636.018631 -0.000000 1574.237288
-6973482.868131 -0.000000 1586.440678
-6789793.935479 -0.000000 1598.644068
-6608686.077458 -0.000000 1610.847458
-6408538.694275 -0.000000 1623.050847
-6181593.632359 -0.000000 1635.254237
-5930240.905441 -0.000000 1647.457627
-5665683.290627 -0.000000 1659.661017
-5398325.708705 -0.000000 1671.864407
-5133760.690655 -0.000000 1684.067797
-4860086.738547 -0.000000 1696.271186
-4558714.247531 -0.000000 1708.474576
-4215783.122849 -0.000000 1720.677966
-3829918.265684 -0.000000 1732.881356
-3376938.503763 -0.000000 1745.084746
-2808278.523046 -0.000000 1757.288136
-2045408.760204 -0.000000 1769.491525
-1010290.778135 -0.000000 1781.694915
403830.628230 0.000000 1793.898305
2305547.959720 0.000000 1806.101695
4775394.243851 0.000000 1818.305085
7836073.361425 0.000000 1830.508475
11479095.800177 0.000000 1842.711864
13580788.316452 0.000000 1854.915254
13604554.125641 0.000000 1867.118644
13671736.205692 0.000000 1879.322034
7997707.537937 0.000000 1891.525424
-6280207.308282 -0.000000 1903.728814
-16480315.934816 -0.000000 1915.932203
-31687139.606514 -0.000000 1928.135593
-42342732.617370 -0.000000 1940.338983
-21531895.677519 -0.000000 1952.542373
-15724410.880647 -0.000000 1964.745763
-13770739.866966 -0.000000 1976.949153
-14035873.009705 -0.000000 1989.152542
-16486441.546976 -0.000000 2001.355932
-19894045.861071 -0.000000 2013.559322
-23444202.732680 -0.000000 2025.762712
-27017250.139437 -0.000000 2037.966102
-30658331.200547 -0.000000 2050.169492
-34596599.082043 -0.000000 2062.372881
-39568364.553939 -0.000000 2074.576271
-35791545.425280 -0.000000 2086.779661
-32155110.700252 -0.000000 2098.983051
-6220395999.671865 -0.000000 2111.186441
-547246.135290 -0.000000 2123.389831
10556397.996591 0.000000 2135.593220
-4018604.084490 -0.000000 2147.796610
3664112745.883923 0.000000 2160.000000
10390949.190907 0.000000 2172.203390
18607954.929105 0.000000 2184.406780
33722646.908193 0.000000 2196.610169
40317778.629599 0.000000 2208.813559
15665863.164528 0.000000 2221.016949
10768265.357699 0.000000 2233.220339
6797270.285382 0.000000 2245.423729
1579473.611635 0.000000 2257.627119
-2212340.750865 -0.000000 2269.830508
-4317009.246492 -0.000000 2282.033898
-5026425.319482 -0.000000 2294.237288
-4687667.866973 -0.000000 2306.440678
-3766207.979479 -0.000000 2318.644068
-2590271.522386 -0.000000 2330.847458
-1392716.686117 -0.000000 2343.050847
-279232.150779 -0.000000 2355.254237
701723.668843 0.000000 2367.457627
1550498.972799 0.000000 2379.661017
2280799.598060 0.000000 2391.864407
2912465.264807 0.000000 2404.067797
3465340.242632 0.000000 2416.271186
3948846.562269 0.000000 2428.474576
4372938.262604 0.000000 2440.677966
4736505.931597 0.000000 2452.881356
5056476.486907 0.000000 2465.084746
5351992.828885 0.000000 2477.288136
5651900.105527 0.000000 2489.491525
5948459.410507 0.000000 2501.694915
6226162.805396 0.000000 2513.898305
6462422.920043 0.000000 2526.101695
6652645.702803 0.000000 2538.305085
6789709.476827 0.000000 2550.508475
6887037.050165 0.000000 2562.711864
6984041.575295 0.000000 2574.915254
7121480.335039 0.000000 2587.118644
7292070.225671 0.000000 2599.322034
7441701.610519 0.000000 2611.525424
7555974.585275 0.000000 2623.728814
7662473.356700 0.000000 2635.932203
7801523.177597 0.000000 2648.135593
7955311.323386 0.000000 2660.338983
8098838.342504 0.000000 2672.542373
8207271.218770 0.000000 2684.745763
8286089.068999 0.000000 2696.949153
8331294.794635 0.000000 2709.152542
8352105.536230 0.000000 2721.355932
8356436.488996 0.000000 2733.559322
8357631.529877 0.000000 2745.762712
8351061.325484 0.000000 2757.966102
8320470.725793 0.000000 2770.169492
8226605.651229 0.000000 2782.372881
7986210.953944 0.000000 2794.576271
7502805.348818 0.000000 2806.779661
6658623.900611 0.000000 2818.983051
5327237.040769 0.000000 2831.186441
3362835.063627 0.000000 2843.389831
847287.513927 0.000000 2855.593220
-1646744.920614 -0.000000 2867.796610
-2404918.618122 -0.000000 2880.000000
1354601.475727 0.000000 2892.203390
12925756.090830 0.000000 2904.406780
25843808.374817 0.000000 2916.610169
29757298.952216 0.000000 2928.813559
29828997.170668 0.000000 2941.016949
29922579.990195 0.000000 2953.220339
30393476.863305 0.000000 2965.423729
30527417.634899 0.000000 2977.627119
30033744.379497 0.000000 2989.830508
29724292.744955 0.000000 3002.033898
29461241.178486 0.000000 3014.237288
29044486.742627 0.000000 3026.440678
28714904.980405 0.000000 3038.644068
28414486.356692 0.000000 3050.847458
28169831.693124 0.000000 3063.050847
27997245.644738 0.000000 3075.254237
27857305.224198 0.000000 3087.457627
27741268.609221 0.000000 3099.661017
27635437.896782 0.000000 3111.864407
27544400.293516 0.000000 3124.067797
27469018.235527 0.000000 3136.271186
27425383.421035 0.000000 3148.474576
27428723.872205 0.000000 3160.677966
27498988.218077 0.000000 3172.881356
27670227.537885 0.000000 3185.084746
28024630.219817 0.000000 3197.288136
28515620.603768 0.000000 3209.491525
28576745.998874 0.000000 3221.694915
29038563.935389 0.000000 3233.898305
31084393.662929 0.000000 3246.101695
33001413.361324 0.000000 3258.305085
32857248.833765 0.000000 3270.508475
31670071.429630 0.000000 3282.711864
29724260.023807 0.000000 3294.915254
26485043.169492 0.000000 3307.118644
27913741.932582 0.000000 3319.322034
11211503.483291 0.000000 3331.525424
-25472293.872869 -0.000000 3343.728814
-23428.392948 -0.000000 3355.932203
-39102.179540 -0.000000 3368.135593
-55932.210849 -0.000000 3380.338983
-72767.365738 -0.000000 3392.542373
-88866.662105 -0.000000 3404.745763
-103713.455546 -0.000000 3416.949153
-116918.840840 -0.000000 3429.152542
-128325.884987 -0.000000 3441.355932
-137904.680485 -0.000000 3453.559322
-145754.947624 -0.000000 3465.762712
-152040.129229 -0.000000 3477.966102
-156964.055581 -0.000000 3490.169492
-160740.492667 -0.000000 3502.372881
-163574.581766 -0.000000 3514.576271
-165655.680280 -0.000000 3526.779661
-167146.701573 -0.000000 3538.983051
-168187.708295 -0.000000 3551.186441
-168890.101628 -0.000000 3563.389831
-169342.897572 -0.000000 3575.593220
-169609.431086 -0.000000 3587.796610
-169732.511773 -0.000000 3600.000000
