718123.500612 0.000000 0.000000
696862.527449 0.000000 12.203390
653340.627190 0.000000 24.406780
586053.200914 0.000000 36.610169
493893.573402 0.000000 48.813559
377250.133739 0.000000 61.016949
238629.482890 0.000000 73.220339
191407218.240571 0.000000 85.423729
-2576398.629297 -0.000000 97.627119
-11045088.173818 -0.000000 109.830508
-13805730.687662 -0.000000 122.033898
-13213249.738378 -0.000000 134.237288
-12926414.023008 -0.000000 146.440678
-12821642.336487 -0.000000 158.644068
-12874309.706447 -0.000000 170.847458
-12912237.542001 -0.000000 183.050847
-12873104.717980 -0.000000 195.254237
-12761246.164765 -0.000000 207.457627
-12658231.382884 -0.000000 219.661017
-12643664.615518 -0.000000 231.864407
-12699115.266239 -0.000000 244.067797
-12763461.472331 -0.000000 256.271186
-12807625.091821 -0.000000 268.474576
-12825889.131242 -0.000000 280.677966
-12824431.575156 -0.000000 292.881356
-12827028.403047 -0.000000 305.084746
-12831986.632088 -0.000000 317.288136
-12829164.843593 -0.000000 329.491525
-12817682.202772 -0.000000 341.694915
-12811585.593295 -0.000000 353.898305
-12803137.636257 -0.000000 366.101695
-12791806.035460 -0.000000 378.305085
-12782597.112822 -0.000000 390.508475
-12784331.179279 -0.000000 402.711864
-12790146.447418 -0.000000 414.915254
-12796232.164650 -0.000000 427.118644
-12799933.833403 -0.000000 439.322034
-12803398.788780 -0.000000 451.525424
-12804681.876603 -0.000000 463.728814
-12805338.131371 -0.000000 475.932203
-12804622.112110 -0.000000 488.135593
-12803954.296788 -0.000000 500.338983
-12802784.307090 -0.000000 512.542373
-12802011.144135 -0.000000 524.745763
-12801253.813992 -0.000000 536.949153
-12801036.617517 -0.000000 549.152542
-12800867.490763 -0.000000 561.355932
-12801442.868476 -0.000000 573.559322
-12801575.854163 -0.000000 585.762712
-12801883.473586 -0.000000 597.966102
-12802109.733262 -0.000000 610.169492
-12802488.403907 -0.000000 622.372881
-12802788.302423 -0.000000 634.576271
-12803129.469131 -0.000000 646.779661
-12803464.884494 -0.000000 658.983051
-12803776.892712 -0.000000 671.186441
-12804083.748702 -0.000000 683.389831
-12804072.532255 -0.000000 695.593220
-12804126.954389 -0.000000 707.796610
-12802676.897906 -0.000000 720.000000
-12799910.349811 -0.000000 732.203390
-12795914.227461 -0.000000 744.406780
-12796357.556054 -0.000000 756.610169
-12801797.271647 -0.000000 768.813559
-12810274.821934 -0.000000 781.016949
-12814843.995695 -0.000000 793.220339
-12813479.085950 -0.000000 805.423729
-12803996.625100 -0.000000 817.627119
-12796452.462706 -0.000000 829.830508
-12795856.431202 -0.000000 842.033898
-12800523.166823 -0.000000 854.237288
-12803433.039038 -0.000000 866.440678
-12804916.135036 -0.000000 878.644068
-12805086.878406 -0.000000 890.847458
-12805463.009103 -0.000000 903.050847
-12805347.065295 -0.000000 915.254237
-12805048.873752 -0.000000 927.457627
-12804712.985495 -0.000000 939.661017
-12804496.620618 -0.000000 951.864407
-12804434.051096 -0.000000 964.067797
-12804153.560325 -0.000000 976.271186
-12804202.432244 -0.000000 988.474576
-12804338.989939 -0.000000 1000.677966
-12804467.420064 -0.000000 1012.881356
-12804702.598213 -0.000000 1025.084746
-12804668.053953 -0.000000 1037.288136
-12804653.377373 -0.000000 1049.491525
-12804584.654283 -0.000000 1061.694915
-12804583.017355 -0.000000 1073.898305
-12804650.043115 -0.000000 1086.101695
-12804721.932546 -0.000000 1098.305085
-12804930.375997 -0.000000 1110.508475
-12804888.632006 -0.000000 1122.711864
-12804721.395153 -0.000000 1134.915254
-12805408.588208 -0.000000 1147.118644
-12805481.912878 -0.000000 1159.322034
-12804250.209002 -0.000000 1171.525424
-12802141.927436 -0.000000 1183.728814
-12797903.985564 -0.000000 1195.932203
-12796408.517385 -0.000000 1208.135593
-12800366.741056 -0.000000 1220.338983
-12811374.959286 -0.000000 1232.542373
-12817326.546967 -0.000000 1244.745763
-12813019.053322 -0.000000 1256.949153
-12801370.472016 -0.000000 1269.152542
-12796371.657494 -0.000000 1281.355932
-12797449.630195 -0.000000 1293.559322
-12801578.246648 -0.000000 1305.762712
-12803454.022079 -0.000000 1317.966102
-12804174.153292 -0.000000 1330.169492
-12803852.545269 -0.000000 1342.372881
-12803825.774858 -0.000000 1354.576271
-12803545.402320 -0.000000 1366.779661
-12803163.339752 -0.000000 1378.983051
-12803089.403054 -0.000000 1391.186441
-12802684.572145 -0.000000 1403.389831
-12802514.384516 -0.000000 1415.593220
-12802091.215001 -0.000000 1427.796610
-12802024.806679 -0.000000 1440.000000
-12801806.817108 -0.000000 1452.203390
-12801694.836935 -0.000000 1464.406780
-12801653.484267 -0.000000 1476.610169
-12801339.126717 -0.000000 1488.813559
-12801146.723878 -0.000000 1501.016949
-12800897.608501 -0.000000 1513.220339
-12800708.926288 -0.000000 1525.423729
-12800437.429842 -0.000000 1537.627119
-12800348.142082 -0.000000 1549.830508
-12800109.648486 -0.000000 1562.033898
-12800106.214035 -0.000000 1574.237288
-12797713.378523 -0.000000 1586.440678
-12789539.249234 -0.000000 1598.644068
-12779664.984768 -0.000000 1610.847458
-12768772.961105 -0.000000 1623.050847
-12758830.775668 -0.000000 1635.254237
-12747501.900233 -0.000000 1647.457627
-12740203.502221 -0.000000 1659.661017
-12740950.286465 -0.000000 1671.864407
-12749149.594349 -0.000000 1684.067797
-12749836.497737 -0.000000 1696.271186
-12735300.985223 -0.000000 1708.474576
-12711574.125623 -0.000000 1720.677966
-12694774.396953 -0.000000 1732.881356
-12685919.095795 -0.000000 1745.084746
-12681251.230590 -0.000000 1757.288136
-12675687.662422 -0.000000 1769.491525
-12669769.512788 -0.000000 1781.694915
-12662597.837480 -0.000000 1793.898305
-12655588.280735 -0.000000 1806.101695
-12647732.808942 -0.000000 1818.305085
-12639978.733439 -0.000000 1830.508475
-12631332.954027 -0.000000 1842.711864
-12622816.852654 -0.000000 1854.915254
-12612985.539482 -0.000000 1867.118644
-12604283.251648 -0.000000 1879.322034
-12593928.539576 -0.000000 1891.525424
-12586542.766633 -0.000000 1903.728814
-12561093.821924 -0.000000 1915.932203
-12486822.528740 -0.000000 1928.135593
-12372459.051803 -0.000000 1940.338983
-12216682.680314 -0.000000 1952.542373
-11972359.888730 -0.000000 1964.745763
-11605578.739779 -0.000000 1976.949153
-11055584.216422 -0.000000 1989.152542
-10245723.879917 -0.000000 2001.355932
-9077809.878766 -0.000000 2013.559322
-7443596.522813 -0.000000 2025.762712
-5258057.127778 -0.000000 2037.966102
-2481251.859450 -0.000000 2050.169492
793733.638477 0.000000 2062.372881
4362363.492577 0.000000 2074.576271
7773259.612363 0.000000 2086.779661
9758997.786606 0.000000 2098.983051
6736429.426274 0.000000 2111.186441
-6165168.799481 -0.000000 2123.389831
-18426877.846405 -0.000000 2135.593220
-16415563.607853 -0.000000 2147.796610
-15865912.431793 -0.000000 2160.000000
-17931957.577870 -0.000000 2172.203390
-20151915.634558 -0.000000 2184.406780
-18378205.469869 -0.000000 2196.610169
-15302404.703764 -0.000000 2208.813559
-15010086.848120 -0.000000 2221.016949
-14414448.459821 -0.000000 2233.220339
-14600874.248576 -0.000000 2245.423729
-14898145.637063 -0.000000 2257.627119
-15286689.817302 -0.000000 2269.830508
-15427913.797054 -0.000000 2282.033898
-15405563.752286 -0.000000 2294.237288
-15427655.959247 -0.000000 2306.440678
-15647495.033481 -0.000000 2318.644068
-15934145.319684 -0.000000 2330.847458
-16243121.015242 -0.000000 2343.050847
-16888136.519294 -0.000000 2355.254237
-18004796.088253 -0.000000 2367.457627
-19961952.348514 -0.000000 2379.661017
-23753728.529924 -0.000000 2391.864407
-31667158.002484 -0.000000 2404.067797
-32200431.717618 -0.000000 2416.271186
-10370824.812694 -0.000000 2428.474576
-3052552.953593 -0.000000 2440.677966
775696.977378 0.000000 2452.881356
3003580.115690 0.000000 2465.084746
4834898.711800 0.000000 2477.288136
6234074.697300 0.000000 2489.491525
7341741.823664 0.000000 2501.694915
8244801.245673 0.000000 2513.898305
9022999.116009 0.000000 2526.101695
9716901.809340 0.000000 2538.305085
10353220.008827 0.000000 2550.508475
10936519.473624 0.000000 2562.711864
11472344.864257 0.000000 2574.915254
11957538.545492 0.000000 2587.118644
12395373.885853 0.000000 2599.322034
12785084.992721 0.000000 2611.525424
13131496.446030 0.000000 2623.728814
13436334.284753 0.000000 2635.932203
13704803.822022 0.000000 2648.135593
13939451.042188 0.000000 2660.338983
14144888.485990 0.000000 2672.542373
14323609.642833 0.000000 2684.745763
14479382.538252 0.000000 2696.949153
14614307.573401 0.000000 2709.152542
14731351.423435 0.000000 2721.355932
14832157.302980 0.000000 2733.559322
14919070.516208 0.000000 2745.762712
14993331.199967 0.000000 2757.966102
15056851.636666 0.000000 2770.169492
15110527.352056 0.000000 2782.372881
15156005.453304 0.000000 2794.576271
15193886.940623 0.000000 2806.779661
15225738.783628 0.000000 2818.983051
15251923.090743 0.000000 2831.186441
15274144.449655 0.000000 2843.389831
15292543.935898 0.000000 2855.593220
15309074.963574 0.000000 2867.796610
15323337.827871 0.000000 2880.000000
15336885.534837 0.000000 2892.203390
15347033.364375 0.000000 2904.406780
15351599.967769 0.000000 2916.610169
15339679.706301 0.000000 2928.813559
15295409.920390 0.000000 2941.016949
15185506.687528 0.000000 2953.220339
14961267.605378 0.000000 2965.423729
14552090.127326 0.000000 2977.627119
13879650.896088 0.000000 2989.830508
12842164.832995 0.000000 3002.033898
11144864.577042 0.000000 3014.237288
8235830.263947 0.000000 3026.440678
4021919.817521 0.000000 3038.644068
1015847.365840 0.000000 3050.847458
4202082.496136 0.000000 3063.050847
18195775.662462 0.000000 3075.254237
29906025.048788 0.000000 3087.457627
30117534.341153 0.000000 3099.661017
30241050.857697 0.000000 3111.864407
31010583.964201 0.000000 3124.067797
31355638.189012 0.000000 3136.271186
31494770.060890 0.000000 3148.474576
31387920.982780 0.000000 3160.677966
30858177.151200 0.000000 3172.881356
30612375.398593 0.000000 3185.084746
30383216.897215 0.000000 3197.288136
29992738.228501 0.000000 3209.491525
29667771.644271 0.000000 3221.694915
29380520.620064 0.000000 3233.898305
29170908.669490 0.000000 3246.101695
29029567.106299 0.000000 3258.305085
28926237.375737 0.000000 3270.508475
28837630.983749 0.000000 3282.711864
28755871.722443 0.000000 3294.915254
28675757.957296 0.000000 3307.118644
28608404.586459 0.000000 3319.322034
28563152.859858 0.000000 3331.525424
28570176.490590 0.000000 3343.728814
28660530.813828 0.000000 3355.932203
28945339.578606 0.000000 3368.135593
29325129.535662 0.000000 3380.338983
29288027.910379 0.000000 3392.542373
29832207.351676 0.000000 3404.745763
32174405.295811 0.000000 3416.949153
34096423.823404 0.000000 3429.152542
34128351.675617 0.000000 3441.355932
33001398.629653 0.000000 3453.559322
31627657.928405 0.000000 3465.762712
28804735.663823 0.000000 3477.966102
30089553.130833 0.000000 3490.169492
6156445.152529 0.000000 3502.372881
76506971.822096 0.000000 3514.576271
118542.878147 0.000000 3526.779661
186214.900191 0.000000 3538.983051
243230.310551 0.000000 3551.186441
289143.920548 0.000000 3563.389831
323877.501083 0.000000 3575.593220
347135.420487 0.000000 3587.796610
358807.327408 0.000000 3600.000000
