1342713.888069 0.000000 0.000000
1344966.945310 0.000000 12.203390
1349391.323236 0.000000 24.406780
1355731.147574 0.000000 36.610169
1363698.400121 0.000000 48.813559
1372688.702760 0.000000 61.016949
1382060.805742 0.000000 73.220339
1390644.171303 0.000000 85.423729
1397138.438567 0.000000 97.627119
1399401.377156 0.000000 109.830508
1394937.627412 0.000000 122.033898
1380010.243759 0.000000 134.237288
1350235.165858 0.000000 146.440678
1299778.339349 0.000000 158.644068
1222364.481536 0.000000 170.847458
1111300.243721 0.000000 183.050847
961585.891947 0.000000 195.254237
772183.221262 0.000000 207.457627
551861.306775 0.000000 219.661017
326415.942928 0.000000 231.864407
139561.476276 0.000000 244.067797
766772518.418919 0.000000 256.271186
-4145718.221242 -0.000000 268.474576
-10046763.979037 -0.000000 280.677966
-13155257.329735 -0.000000 292.881356
-13392631.564542 -0.000000 305.084746
-13092801.106017 -0.000000 317.288136
-13040512.289535 -0.000000 329.491525
-13045396.963153 -0.000000 341.694915
-12967364.885287 -0.000000 353.898305
-12666391.056918 -0.000000 366.101695
-12356075.465914 -0.000000 378.305085
-12277487.652458 -0.000000 390.508475
-12158420.446063 -0.000000 402.711864
-11985118.544928 -0.000000 414.915254
-11837325.101254 -0.000000 427.118644
-11689001.684184 -0.000000 439.322034
-11536194.435159 -0.000000 451.525424
-11373864.883775 -0.000000 463.728814
-11203336.315090 -0.000000 475.932203
-11031619.031416 -0.000000 488.135593
-10866494.490010 -0.000000 500.338983
-10710555.494296 -0.000000 512.542373
-10549656.616554 -0.000000 524.745763
-10369550.235499 -0.000000 536.949153
-10169760.577855 -0.000000 549.152542
-9966646.568786 -0.000000 561.355932
-9767874.056805 -0.000000 573.559322
-9575244.382737 -0.000000 585.762712
-9384466.402961 -0.000000 597.966102
-9199449.192171 -0.000000 610.169492
-9022941.013911 -0.000000 622.372881
-8859355.991617 -0.000000 634.576271
-8700766.461497 -0.000000 646.779661
-8536656.790795 -0.000000 658.983051
-8349575.829330 -0.000000 671.186441
-8132214.981612 -0.000000 683.389831
-7901633.035762 -0.000000 695.593220
-7710759.839567 -0.000000 707.796610
-7558837.451345 -0.000000 720.000000
-7405740.802520 -0.000000 732.203390
-7234949.831371 -0.000000 744.406780
-7050436.295644 -0.000000 756.610169
-6856695.482136 -0.000000 768.813559
-6662399.479839 -0.000000 781.016949
-6472121.366893 -0.000000 793.220339
-6285546.244729 -0.000000 805.423729
-6101495.089448 -0.000000 817.627119
-5917435.982923 -0.000000 829.830508
-5734074.291046 -0.000000 842.033898
-5549668.383656 -0.000000 854.237288
-5365709.523376 -0.000000 866.440678
-5180689.748215 -0.000000 878.644068
-4996095.484480 -0.000000 890.847458
-4810676.142963 -0.000000 903.050847
-4625659.427974 -0.000000 915.254237
-4440097.372111 -0.000000 927.457627
-4254918.271675 -0.000000 939.661017
-4069474.733304 -0.000000 951.864407
-3884460.208803 -0.000000 964.067797
-3699468.961547 -0.000000 976.271186
-3515040.592882 -0.000000 988.474576
-3330846.927059 -0.000000 1000.677966
-3147232.120350 -0.000000 1012.881356
-2963510.140475 -0.000000 1025.084746
-2779326.538132 -0.000000 1037.288136
-2593382.673086 -0.000000 1049.491525
-2401014.718487 -0.000000 1061.694915
-2188557.312922 -0.000000 1073.898305
-1953193.247356 -0.000000 1086.101695
-1738222.876712 -0.000000 1098.305085
-1580732.477492 -0.000000 1110.508475
-1443631.841547 -0.000000 1122.711864
-1283627.714559 -0.000000 1134.915254
-1103524.394075 -0.000000 1147.118644
-916999.864385 -0.000000 1159.322034
-728706.387993 -0.000000 1171.525424
-539945.992044 -0.000000 1183.728814
-351084.477834 -0.000000 1195.932203
-162774.600244 -0.000000 1208.135593
25256.317737 0.000000 1220.338983
212793.689382 0.000000 1232.542373
400189.065417 0.000000 1244.745763
587290.840114 0.000000 1256.949153
774413.763255 0.000000 1269.152542
961373.661089 0.000000 1281.355932
1148451.832277 0.000000 1293.559322
1335428.402573 0.000000 1305.762712
1522569.757694 0.000000 1317.966102
1709632.157986 0.000000 1330.169492
1896878.983903 0.000000 1342.372881
2084051.754720 0.000000 1354.576271
2271415.759954 0.000000 1366.779661
2458703.428522 0.000000 1378.983051
2646182.409844 0.000000 1391.186441
2833580.138478 0.000000 1403.389831
3021162.530530 0.000000 1415.593220
3208654.343345 0.000000 1427.796610
3396304.104964 0.000000 1440.000000
3583825.990804 0.000000 1452.203390
3771399.026652 0.000000 1464.406780
3958675.494108 0.000000 1476.610169
4145606.058123 0.000000 1488.813559
4331589.104260 0.000000 1501.016949
4515909.618318 0.000000 1513.220339
4697144.139220 0.000000 1525.423729
4872845.259632 0.000000 1537.627119
5039374.017282 0.000000 1549.830508
5190341.827884 0.000000 1562.033898
5317170.856815 0.000000 1574.237288
5406154.019593 0.000000 1586.440678
5440485.282002 0.000000 1598.644068
5397999.392741 0.000000 1610.847458
5256336.440754 0.000000 1623.050847
4999000.992088 0.000000 1635.254237
4617397.077314 0.000000 1647.457627
4131303.703193 0.000000 1659.661017
3512169.341580 0.000000 1671.864407
2869499.880235 0.000000 1684.067797
3521313.272906 0.000000 1696.271186
10202691.152175 0.000000 1708.474576
14330632.451682 0.000000 1720.677966
13347790.888315 0.000000 1732.881356
13016406.970513 0.000000 1745.084746
13003680.763410 0.000000 1757.288136
12939715.690981 0.000000 1769.491525
12808465.708666 0.000000 1781.694915
12765170.502061 0.000000 1793.898305
12691461.111047 0.000000 1806.101695
12635974.804886 0.000000 1818.305085
12793797.744873 0.000000 1830.508475
13029481.186477 0.000000 1842.711864
13084899.042287 0.000000 1854.915254
12997439.198467 0.000000 1867.118644
13053940.444621 0.000000 1879.322034
13378456.147761 0.000000 1891.525424
14627934.808983 0.000000 1903.728814
11968437.981770 0.000000 1915.932203
5308072.892342 0.000000 1928.135593
5138900.526996 0.000000 1940.338983
6555020.834004 0.000000 1952.542373
7879150.863003 0.000000 1964.745763
9207249.191506 0.000000 1976.949153
10404609.596124 0.000000 1989.152542
11546475.462096 0.000000 2001.355932
12705366.657104 0.000000 2013.559322
13115125.260494 0.000000 2025.762712
13238452.589866 0.000000 2037.966102
13090139.311124 0.000000 2050.169492
10365955.176909 0.000000 2062.372881
4395045.506523 0.000000 2074.576271
-4576769.991704 -0.000000 2086.779661
-15020856.877259 -0.000000 2098.983051
-25434343.737864 -0.000000 2111.186441
-96862522.959908 -0.000000 2123.389831
-23283388.051251 -0.000000 2135.593220
-15657451.166593 -0.000000 2147.796610
-15885417.272604 -0.000000 2160.000000
-19270540.076261 -0.000000 2172.203390
-23475025.527975 -0.000000 2184.406780
-27390806.386376 -0.000000 2196.610169
-30870945.453635 -0.000000 2208.813559
-33680540.210181 -0.000000 2221.016949
-35732117.774353 -0.000000 2233.220339
-35496047.758730 -0.000000 2245.423729
-29289735.853414 -0.000000 2257.627119
-21541930.358587 -0.000000 2269.830508
-18438526.133336 -0.000000 2282.033898
-51786541.186118 -0.000000 2294.237288
-242852357.591747 -0.000000 2306.440678
-13046131.918114 -0.000000 2318.644068
-6091213.823027 -0.000000 2330.847458
-7164972.560130 -0.000000 2343.050847
-6739387.560705 -0.000000 2355.254237
-6711033.592805 -0.000000 2367.457627
-7042772.101576 -0.000000 2379.661017
-7520496.363172 -0.000000 2391.864407
-7473591.276829 -0.000000 2404.067797
-6489836.724589 -0.000000 2416.271186
-4640967.640645 -0.000000 2428.474576
-2355017.731953 -0.000000 2440.677966
-8890.228248 0.000000 2452.881356
2169443.812354 0.000000 2465.084746
4095159.758777 0.000000 2477.288136
5773326.579994 0.000000 2489.491525
7225675.876913 0.000000 2501.694915
8501834.141133 0.000000 2513.898305
9623062.535955 0.000000 2526.101695
10626902.545023 0.000000 2538.305085
11520614.922235 0.000000 2550.508475
12327412.235220 0.000000 2562.711864
13047513.099480 0.000000 2574.915254
13694417.032997 0.000000 2587.118644
14263324.263376 0.000000 2599.322034
14756049.811257 0.000000 2611.525424
15133305.164277 0.000000 2623.728814
15391806.172126 0.000000 2635.932203
15550353.836147 0.000000 2648.135593
15604739.639160 0.000000 2660.338983
15559246.791799 0.000000 2672.542373
15442832.375065 0.000000 2684.745763
15201058.187254 0.000000 2696.949153
15147416.358696 0.000000 2709.152542
15568610.812171 0.000000 2721.355932
15756288.084509 0.000000 2733.559322
15261592.059546 0.000000 2745.762712
14834028.010344 0.000000 2757.966102
15740249.046531 0.000000 2770.169492
16812897.291439 0.000000 2782.372881
16813389.014148 0.000000 2794.576271
16379068.898789 0.000000 2806.779661
16058998.095694 0.000000 2818.983051
15906712.703268 0.000000 2831.186441
15829747.710448 0.000000 2843.389831
15765457.507695 0.000000 2855.593220
15707238.614800 0.000000 2867.796610
15670404.264675 0.000000 2880.000000
15693474.372848 0.000000 2892.203390
15787403.688136 0.000000 2904.406780
15998300.684077 0.000000 2916.610169
16566047.185421 0.000000 2928.813559
17828467.521114 0.000000 2941.016949
19925522.651123 0.000000 2953.220339
16041546.356934 0.000000 2965.423729
7663257.567586 0.000000 2977.627119
1207976.338595 0.000000 2989.830508
-1593794.604560 -0.000000 3002.033898
7491711.068047 0.000000 3014.237288
26146772.532614 0.000000 3026.440678
31336148.890629 0.000000 3038.644068
30562949.213346 0.000000 3050.847458
30896181.364637 0.000000 3063.050847
31653148.330379 0.000000 3075.254237
32067360.733125 0.000000 3087.457627
31928209.924063 0.000000 3099.661017
31567021.607703 0.000000 3111.864407
30978549.275842 0.000000 3124.067797
30747427.188219 0.000000 3136.271186
30623072.512867 0.000000 3148.474576
30279460.773870 0.000000 3160.677966
30009948.219084 0.000000 3172.881356
29769426.453441 0.000000 3185.084746
29572870.660110 0.000000 3197.288136
29420131.302277 0.000000 3209.491525
29283238.888230 0.000000 3221.694915
29148437.350969 0.000000 3233.898305
29006212.813502 0.000000 3246.101695
28858470.447527 0.000000 3258.305085
28715280.614857 0.000000 3270.508475
28600750.386069 0.000000 3282.711864
28548635.369353 0.000000 3294.915254
28599535.399458 0.000000 3307.118644
28904172.951430 0.000000 3319.322034
29353296.933608 0.000000 3331.525424
28920962.510345 0.000000 3343.728814
29944461.791460 0.000000 3355.932203
33942946.430028 0.000000 3368.135593
35715112.400907 0.000000 3380.338983
34450980.842989 0.000000 3392.542373
32337700.470146 0.000000 3404.745763
30616698.233003 0.000000 3416.949153
29379806.065700 0.000000 3429.152542
23222520.421321 0.000000 3441.355932
1094636.702733 0.000000 3453.559322
47716540.021351 0.000000 3465.762712
170916.752565 0.000000 3477.966102
277893.568855 0.000000 3490.169492
377034.196354 0.000000 3502.372881
466143.531767 0.000000 3514.576271
544814.082495 0.000000 3526.779661
612032.481143 0.000000 3538.983051
667606.485591 0.000000 3551.186441
711491.083326 0.000000 3563.389831
743967.794944 0.000000 3575.593220
765356.351295 0.000000 3587.796610
775965.671242 0.000000 3600.000000
