7697.169310 0.000000 0.000000
7732.524340 0.000000 12.203390
7803.218821 0.000000 24.406780
7909.856803 0.000000 36.610169
8052.554927 0.000000 48.813559
8232.265539 0.000000 61.016949
8449.304913 0.000000 73.220339
8705.103464 0.000000 85.423729
9000.122090 0.000000 97.627119
9336.301764 0.000000 109.830508
9714.251611 0.000000 122.033898
10136.455682 0.000000 134.237288
10603.681377 0.000000 146.440678
11118.993544 0.000000 158.644068
11683.328524 0.000000 170.847458
12300.377076 0.000000 183.050847
12971.255903 0.000000 195.254237
13700.333810 0.000000 207.457627
14488.919409 0.000000 219.661017
15342.118848 0.000000 231.864407
16261.443721 0.000000 244.067797
17252.805142 0.000000 256.271186
18317.928165 0.000000 268.474576
19463.604943 0.000000 280.677966
20691.784593 0.000000 292.881356
22010.225974 0.000000 305.084746
23421.110926 0.000000 317.288136
24933.262024 0.000000 329.491525
26549.102032 0.000000 341.694915
28278.625100 0.000000 353.898305
30124.502288 0.000000 366.101695
32098.020021 0.000000 378.305085
34202.101520 0.000000 390.508475
36449.460216 0.000000 402.711864
38843.273160 0.000000 414.915254
41397.827822 0.000000 427.118644
44116.552756 0.000000 439.322034
47015.472553 0.000000 451.525424
50098.257269 0.000000 463.728814
53382.846377 0.000000 475.932203
56873.135731 0.000000 488.135593
60589.170834 0.000000 500.338983
64535.048959 0.000000 512.542373
68733.130221 0.000000 524.745763
73187.677425 0.000000 536.949153
77923.589411 0.000000 549.152542
82945.249934 0.000000 561.355932
88280.335517 0.000000 573.559322
93933.295545 0.000000 585.762712
99934.842083 0.000000 597.966102
106289.424975 0.000000 610.169492
113031.064369 0.000000 622.372881
120164.139915 0.000000 634.576271
127726.268598 0.000000 646.779661
135721.684811 0.000000 658.983051
144191.904502 0.000000 671.186441
153140.943113 0.000000 683.389831
162614.523452 0.000000 695.593220
172616.377077 0.000000 707.796610
183196.740956 0.000000 720.000000
194359.011768 0.000000 732.203390
206158.226475 0.000000 744.406780
218597.416659 0.000000 756.610169
231736.660886 0.000000 768.813559
245578.622167 0.000000 781.016949
260188.572823 0.000000 793.220339
275568.823523 0.000000 805.423729
291789.837620 0.000000 817.627119
308853.592557 0.000000 829.830508
326835.475300 0.000000 842.033898
345737.094937 0.000000 854.237288
365638.066963 0.000000 866.440678
386539.421529 0.000000 878.644068
408523.603596 0.000000 890.847458
431590.432331 0.000000 903.050847
455822.626573 0.000000 915.254237
481217.264168 0.000000 927.457627
507852.860544 0.000000 939.661017
535720.410130 0.000000 951.864407
564886.494137 0.000000 964.067797
595329.165507 0.000000 976.271186
627089.697635 0.000000 988.474576
660119.623220 0.000000 1000.677966
694411.535244 0.000000 1012.881356
729864.156539 0.000000 1025.084746
766379.933304 0.000000 1037.288136
803754.548045 0.000000 1049.491525
841725.662141 0.000000 1061.694915
879890.957700 0.000000 1073.898305
917687.948388 0.000000 1086.101695
954339.766116 0.000000 1098.305085
988741.040841 0.000000 1110.508475
1019425.349282 0.000000 1122.711864
1044334.229738 0.000000 1134.915254
1060812.190980 0.000000 1147.118644
1065284.918775 0.000000 1159.322034
1053398.093242 0.000000 1171.525424
1019872.710771 0.000000 1183.728814
959319.973620 0.000000 1195.932203
867125.103916 0.000000 1208.135593
741913.628886 0.000000 1220.338983
587896.530709 0.000000 1232.542373
417602.903403 0.000000 1244.745763
251450.589001 0.000000 1256.949153
114375.319465 0.000000 1269.152542
559544157.772496 0.000000 1281.355932
-3971965.743839 -0.000000 1293.559322
-10206033.866518 -0.000000 1305.762712
-13204281.199209 -0.000000 1317.966102
-13307151.179310 -0.000000 1330.169492
-13010349.767657 -0.000000 1342.372881
-12972176.208182 -0.000000 1354.576271
-12999561.841609 -0.000000 1366.779661
-12877552.231030 -0.000000 1378.983051
-12451496.451556 -0.000000 1391.186441
-12100146.408292 -0.000000 1403.389831
-11955991.815328 -0.000000 1415.593220
-11736900.547340 -0.000000 1427.796610
-11496777.331919 -0.000000 1440.000000
-11265311.395566 -0.000000 1452.203390
-11034312.193728 -0.000000 1464.406780
-10844966.497738 -0.000000 1476.610169
-10690354.903749 -0.000000 1488.813559
-10520111.264565 -0.000000 1501.016949
-10320583.911898 -0.000000 1513.220339
-10103738.094644 -0.000000 1525.423729
-9880413.713292 -0.000000 1537.627119
-9658576.372228 -0.000000 1549.830508
-9438456.574439 -0.000000 1562.033898
-9221082.575670 -0.000000 1574.237288
-8998732.850595 -0.000000 1586.440678
-8771080.678942 -0.000000 1598.644068
-8539639.811521 -0.000000 1610.847458
-8313610.521061 -0.000000 1623.050847
-8095416.715223 -0.000000 1635.254237
-7885594.755499 -0.000000 1647.457627
-7682510.499307 -0.000000 1659.661017
-7477822.073379 -0.000000 1671.864407
-7257859.514754 -0.000000 1684.067797
-7000463.714234 -0.000000 1696.271186
-6690085.214931 -0.000000 1708.474576
-6319476.184097 -0.000000 1720.677966
-5913813.224284 -0.000000 1732.881356
-5437242.360961 -0.000000 1745.084746
-4816938.430177 -0.000000 1757.288136
-3973886.548292 -0.000000 1769.491525
-2829118.668292 -0.000000 1781.694915
-1265971.347579 -0.000000 1793.898305
820658.342048 0.000000 1806.101695
3525299.505429 0.000000 1818.305085
6808812.418509 0.000000 1830.508475
10687055.346725 0.000000 1842.711864
13352203.488096 0.000000 1854.915254
13594018.902577 0.000000 1867.118644
13706538.912338 0.000000 1879.322034
8266670.401160 0.000000 1891.525424
-6351598.313443 -0.000000 1903.728814
-16127095.853117 -0.000000 1915.932203
-27171206.849696 -0.000000 1928.135593
-49616286.457867 -0.000000 1940.338983
-22312306.366943 -0.000000 1952.542373
-15799997.151712 -0.000000 1964.745763
-13737726.469143 -0.000000 1976.949153
-13861861.901504 -0.000000 1989.152542
-16137739.328950 -0.000000 2001.355932
-19379018.850352 -0.000000 2013.559322
-22690448.683126 -0.000000 2025.762712
-25930220.591496 -0.000000 2037.966102
-29067238.546231 -0.000000 2050.169492
-32152285.663737 -0.000000 2062.372881
-35652484.199343 -0.000000 2074.576271
-39253487.299098 -0.000000 2086.779661
-28508499.517223 -0.000000 2098.983051
-8220468742.465178 -0.000000 2111.186441
-8503667.917913 -0.000000 2123.389831
9540431.804396 0.000000 2135.593220
10018313.313472 0.000000 2147.796610
10027771.839265 0.000000 2160.000000
5893503846.063486 0.000000 2172.203390
9996250.396988 0.000000 2184.406780
22567364.699050 0.000000 2196.610169
38074536.840884 0.000000 2208.813559
64015886.362247 0.000000 2221.016949
18806561.963684 0.000000 2233.220339
10525259.346230 0.000000 2245.423729
6380970.417820 0.000000 2257.627119
1153755.771406 0.000000 2269.830508
-2352096.611390 -0.000000 2282.033898
-4047748.042291 -0.000000 2294.237288
-4312220.570744 -0.000000 2306.440678
-3654213.253512 -0.000000 2318.644068
-2555715.074866 -0.000000 2330.847458
-1337171.790738 -0.000000 2343.050847
-162934.733882 -0.000000 2355.254237
911342.290107 0.000000 2367.457627
1877957.572762 0.000000 2379.661017
2722072.297261 0.000000 2391.864407
3440848.511469 0.000000 2404.067797
4041610.516339 0.000000 2416.271186
4551008.189741 0.000000 2428.474576
4988733.729185 0.000000 2440.677966
5374863.490705 0.000000 2452.881356
5717894.130283 0.000000 2465.084746
6027525.686677 0.000000 2477.288136
6306236.368192 0.000000 2489.491525
6559800.719577 0.000000 2501.694915
6788274.987375 0.000000 2513.898305
6995495.194150 0.000000 2526.101695
7177622.593680 0.000000 2538.305085
7333701.311852 0.000000 2550.508475
7457100.270467 0.000000 2562.711864
7558681.289048 0.000000 2574.915254
7659014.735352 0.000000 2587.118644
7784536.986588 0.000000 2599.322034
7927838.768759 0.000000 2611.525424
8067645.781719 0.000000 2623.728814
8185639.342644 0.000000 2635.932203
8284668.780599 0.000000 2648.135593
8370360.885128 0.000000 2660.338983
8449320.576547 0.000000 2672.542373
8524227.853930 0.000000 2684.745763
8595277.893075 0.000000 2696.949153
8662152.803291 0.000000 2709.152542
8716474.293652 0.000000 2721.355932
8750446.058828 0.000000 2733.559322
8752652.782201 0.000000 2745.762712
8738835.390722 0.000000 2757.966102
8727374.997435 0.000000 2770.169492
8714742.870945 0.000000 2782.372881
8614890.810198 0.000000 2794.576271
8305488.404323 0.000000 2806.779661
7660865.416055 0.000000 2818.983051
6605456.971717 0.000000 2831.186441
5093749.993610 0.000000 2843.389831
3066610.634101 0.000000 2855.593220
622457.047857 0.000000 2867.796610
-1571396.990144 -0.000000 2880.000000
-1617126.352582 -0.000000 2892.203390
4116092.048356 0.000000 2904.406780
16937709.585297 0.000000 2916.610169
27932566.288587 0.000000 2928.813559
29899295.422236 0.000000 2941.016949
29851790.762488 0.000000 2953.220339
30111672.301409 0.000000 2965.423729
30551280.018404 0.000000 2977.627119
30526581.095213 0.000000 2989.830508
30026679.826695 0.000000 3002.033898
29751722.016270 0.000000 3014.237288
29458691.336215 0.000000 3026.440678
29051252.828927 0.000000 3038.644068
28729141.144591 0.000000 3050.847458
28422473.445416 0.000000 3063.050847
28181696.881154 0.000000 3075.254237
28005935.277798 0.000000 3087.457627
27865727.540691 0.000000 3099.661017
27745181.089784 0.000000 3111.864407
27630501.889585 0.000000 3124.067797
27528020.031114 0.000000 3136.271186
27445911.147309 0.000000 3148.474576
27407175.295959 0.000000 3160.677966
27419250.560928 0.000000 3172.881356
27494241.942451 0.000000 3185.084746
27651461.485056 0.000000 3197.288136
28002294.081793 0.000000 3209.491525
28478882.789027 0.000000 3221.694915
28408732.175867 0.000000 3233.898305
29006366.421649 0.000000 3246.101695
31660639.571113 0.000000 3258.305085
33467784.059718 0.000000 3270.508475
32945798.706651 0.000000 3282.711864
31294648.294687 0.000000 3294.915254
29672545.965579 0.000000 3307.118644
26228574.567888 0.000000 3319.322034
27444062.255127 0.000000 3331.525424
5821711.855775 0.000000 3343.728814
-18573420.956985 -0.000000 3355.932203
-22717.766794 -0.000000 3368.135593
-38100.840855 -0.000000 3380.338983
-54036.029121 -0.000000 3392.542373
-70007.182003 -0.000000 3404.745763
-85180.349688 -0.000000 3416.949153
-99153.187506 -0.000000 3429.152542
-111562.638473 -0.000000 3441.355932
-122283.260496 -0.000000 3453.559322
-131295.641762 -0.000000 3465.762712
-138698.809378 -0.000000 3477.966102
-144648.948233 -0.000000 3490.169492
-149335.602633 -0.000000 3502.372881
-152957.318838 -0.000000 3514.576271
-155701.277905 -0.000000 3526.779661
-157739.799798 -0.000000 3538.983051
-159218.085661 -0.000000 3551.186441
-160259.281344 -0.000000 3563.389831
-160957.726359 -0.000000 3575.593220
-161385.066844 -0.000000 3587.796610
-161587.093922 -0.000000 3600.000000
