1346518.161863 0.000000 0.000000
1348778.097745 0.000000 12.203390
1353219.334464 0.000000 24.406780
1359578.840185 0.000000 36.610169
1367578.562565 0.000000 48.813559
1376598.135631 0.000000 61.016949
1386015.369338 0.000000 73.220339
1394631.051514 0.000000 85.423729
1401177.608285 0.000000 97.627119
1403464.489729 0.000000 109.830508
1399051.651609 0.000000 122.033898
1384124.011750 0.000000 134.237288
1354391.025286 0.000000 146.440678
1303907.597211 0.000000 158.644068
1226547.321169 0.000000 170.847458
1115574.163414 0.000000 183.050847
966057.517740 0.000000 195.254237
778230.739036 0.000000 207.457627
557834.101811 0.000000 219.661017
352089.430377 0.000000 231.864407
131899.742360 0.000000 244.067797
1446982.827933 0.000000 256.271186
-4057057.602850 -0.000000 268.474576
-9979183.735933 -0.000000 280.677966
-13151000.174989 -0.000000 292.881356
-13384051.204847 -0.000000 305.084746
-13090026.428545 -0.000000 317.288136
-13036472.771449 -0.000000 329.491525
-13042914.955199 -0.000000 341.694915
-12961872.270580 -0.000000 353.898305
-12655060.833540 -0.000000 366.101695
-12345306.678173 -0.000000 378.305085
-12266991.240642 -0.000000 390.508475
-12144211.933995 -0.000000 402.711864
-11968532.136249 -0.000000 414.915254
-11820194.139265 -0.000000 427.118644
-11670295.558340 -0.000000 439.322034
-11517082.489401 -0.000000 451.525424
-11353472.003768 -0.000000 463.728814
-11182565.006047 -0.000000 475.932203
-11009830.500304 -0.000000 488.135593
-10844300.356955 -0.000000 500.338983
-10687550.220812 -0.000000 512.542373
-10526263.746950 -0.000000 524.745763
-10345540.824408 -0.000000 536.949153
-10145354.934239 -0.000000 549.152542
-9941659.419225 -0.000000 561.355932
-9742409.254680 -0.000000 573.559322
-9549204.501169 -0.000000 585.762712
-9357924.424119 -0.000000 597.966102
-9172358.773541 -0.000000 610.169492
-8995351.286796 -0.000000 622.372881
-8831249.378594 -0.000000 634.576271
-8672179.759848 -0.000000 646.779661
-8507576.100057 -0.000000 658.983051
-8320012.605735 -0.000000 671.186441
-8102144.295078 -0.000000 683.389831
-7871052.808896 -0.000000 695.593220
-7679642.888657 -0.000000 707.796610
-7527182.209130 -0.000000 720.000000
-7373544.178983 -0.000000 732.203390
-7202250.521517 -0.000000 744.406780
-7017248.825906 -0.000000 756.610169
-6823025.095903 -0.000000 768.813559
-6628215.273705 -0.000000 781.016949
-6437417.681832 -0.000000 793.220339
-6250309.974687 -0.000000 805.423729
-6065739.499181 -0.000000 817.627119
-5881154.644252 -0.000000 829.830508
-5697280.142096 -0.000000 842.033898
-5512351.896016 -0.000000 854.237288
-5327882.060470 -0.000000 866.440678
-5142340.104832 -0.000000 878.644068
-4957234.924522 -0.000000 890.847458
-4771292.664257 -0.000000 903.050847
-4585764.725268 -0.000000 915.254237
-4399678.907058 -0.000000 927.457627
-4213988.303527 -0.000000 939.661017
-4028020.239282 -0.000000 951.864407
-3842494.029693 -0.000000 964.067797
-3656977.574158 -0.000000 976.271186
-3472037.410867 -0.000000 988.474576
-3287317.909822 -0.000000 1000.677966
-3103191.246965 -0.000000 1012.881356
-2918942.829601 -0.000000 1025.084746
-2734247.332368 -0.000000 1037.288136
-2547776.429093 -0.000000 1049.491525
-2354896.549813 -0.000000 1061.694915
-2141911.494741 -0.000000 1073.898305
-1906035.478788 -0.000000 1086.101695
-1690536.827365 -0.000000 1098.305085
-1532534.438372 -0.000000 1110.508475
-1394904.856490 -0.000000 1122.711864
-1234388.682240 -0.000000 1134.915254
-1053755.713953 -0.000000 1147.118644
-866719.061441 -0.000000 1159.322034
-677895.188678 -0.000000 1171.525424
-488622.568533 -0.000000 1183.728814
-299229.857861 -0.000000 1195.932203
-110407.640795 -0.000000 1208.135593
78155.324422 0.000000 1220.338983
266205.147175 0.000000 1232.542373
454133.480715 0.000000 1244.745763
641747.770265 0.000000 1256.949153
829404.625628 0.000000 1269.152542
1016876.963213 0.000000 1281.355932
1204490.150855 0.000000 1293.559322
1391978.812155 0.000000 1305.762712
1579656.539295 0.000000 1317.966102
1767230.214357 0.000000 1330.169492
1955015.522687 0.000000 1342.372881
2142698.117746 0.000000 1354.576271
2330604.745161 0.000000 1366.779661
2518400.166964 0.000000 1378.983051
2706430.712198 0.000000 1391.186441
2894333.585893 0.000000 1403.389831
3082485.760752 0.000000 1415.593220
3270477.315640 0.000000 1427.796610
3458726.178155 0.000000 1440.000000
3646722.449101 0.000000 1452.203390
3834910.706591 0.000000 1464.406780
4022536.643594 0.000000 1476.610169
4209949.504432 0.000000 1488.813559
4395765.684868 0.000000 1501.016949
4579784.292109 0.000000 1513.220339
4759034.112276 0.000000 1525.423729
4931483.545783 0.000000 1537.627119
5090441.434784 0.000000 1549.830508
5229160.186314 0.000000 1562.033898
5333316.634978 0.000000 1574.237288
5386711.173785 0.000000 1586.440678
5362967.160281 0.000000 1598.644068
5234105.542695 0.000000 1610.847458
4966239.674413 0.000000 1623.050847
4536925.585651 0.000000 1635.254237
3934915.733959 0.000000 1647.457627
3179163.718617 0.000000 1659.661017
2251705.039424 0.000000 1671.864407
1223714.943125 0.000000 1684.067797
1822859.063078 0.000000 1696.271186
10627006.400097 0.000000 1708.474576
15007402.958861 0.000000 1720.677966
13499842.671285 0.000000 1732.881356
13129576.745588 0.000000 1745.084746
13108233.563730 0.000000 1757.288136
13181094.366701 0.000000 1769.491525
13021785.743674 0.000000 1781.694915
12546446.778547 0.000000 1793.898305
12377432.616943 0.000000 1806.101695
12834924.134496 0.000000 1818.305085
13183485.628034 0.000000 1830.508475
13225201.283555 0.000000 1842.711864
13140906.745752 0.000000 1854.915254
13024605.776371 0.000000 1867.118644
13137328.244244 0.000000 1879.322034
13525183.244437 0.000000 1891.525424
15078204.727788 0.000000 1903.728814
12366039.707927 0.000000 1915.932203
3488571.633095 0.000000 1928.135593
2965761.215735 0.000000 1940.338983
4823951.871028 0.000000 1952.542373
6582014.098636 0.000000 1964.745763
8274837.356968 0.000000 1976.949153
9809551.967150 0.000000 1989.152542
11185352.952489 0.000000 2001.355932
12516420.138419 0.000000 2013.559322
13105637.458690 0.000000 2025.762712
13251041.698895 0.000000 2037.966102
13084545.961734 0.000000 2050.169492
10420265.815946 0.000000 2062.372881
4536602.359942 0.000000 2074.576271
-4399547.073724 -0.000000 2086.779661
-14763114.954772 -0.000000 2098.983051
-25567805.870042 -0.000000 2111.186441
-99525340.938573 -0.000000 2123.389831
-23261824.806999 -0.000000 2135.593220
-15659975.806715 -0.000000 2147.796610
-15932564.342342 -0.000000 2160.000000
-19340195.207907 -0.000000 2172.203390
-23534989.996292 -0.000000 2184.406780
-27438395.412040 -0.000000 2196.610169
-30906802.338053 -0.000000 2208.813559
-33708636.220743 -0.000000 2221.016949
-35768498.917514 -0.000000 2233.220339
-35563863.324689 -0.000000 2245.423729
-29395308.773932 -0.000000 2257.627119
-21704185.436246 -0.000000 2269.830508
-18341010.192204 -0.000000 2282.033898
-47777301.308376 -0.000000 2294.237288
-212608089.242616 -0.000000 2306.440678
-15277548.196167 -0.000000 2318.644068
-6140589.171623 -0.000000 2330.847458
-7210803.039034 -0.000000 2343.050847
-6891877.468864 -0.000000 2355.254237
-6872536.867415 -0.000000 2367.457627
-7120411.256811 -0.000000 2379.661017
-7546001.578593 -0.000000 2391.864407
-7538950.545915 -0.000000 2404.067797
-6614820.178639 -0.000000 2416.271186
-4777781.283781 -0.000000 2428.474576
-2452777.449580 -0.000000 2440.677966
-54369.062639 -0.000000 2452.881356
2167320.378781 0.000000 2465.084746
4121622.268386 0.000000 2477.288136
5815934.178060 0.000000 2489.491525
7277122.898828 0.000000 2501.694915
8557246.844610 0.000000 2513.898305
9681354.125623 0.000000 2526.101695
10686704.335269 0.000000 2538.305085
11582411.977358 0.000000 2550.508475
12390149.051528 0.000000 2562.711864
13111343.343341 0.000000 2574.915254
13757399.809165 0.000000 2587.118644
14325471.788257 0.000000 2599.322034
14808944.085668 0.000000 2611.525424
15172588.912136 0.000000 2623.728814
15422000.871225 0.000000 2635.932203
15564364.778131 0.000000 2648.135593
15602827.020123 0.000000 2660.338983
15554700.488518 0.000000 2672.542373
15412601.072910 0.000000 2684.745763
15193031.463070 0.000000 2696.949153
15243550.041945 0.000000 2709.152542
15612340.598925 0.000000 2721.355932
15653712.261138 0.000000 2733.559322
15136335.794216 0.000000 2745.762712
14948943.034326 0.000000 2757.966102
15992608.121413 0.000000 2770.169492
16882499.260304 0.000000 2782.372881
16797676.425604 0.000000 2794.576271
16363696.561809 0.000000 2806.779661
16050688.450078 0.000000 2818.983051
15896816.550590 0.000000 2831.186441
15813907.746145 0.000000 2843.389831
15750945.031042 0.000000 2855.593220
15699922.781723 0.000000 2867.796610
15666849.382198 0.000000 2880.000000
15688715.708424 0.000000 2892.203390
15783357.994922 0.000000 2904.406780
15998270.563408 0.000000 2916.610169
16567070.900325 0.000000 2928.813559
17832497.111507 0.000000 2941.016949
20026981.272701 0.000000 2953.220339
16514275.390301 0.000000 2965.423729
7775102.338895 0.000000 2977.627119
1174246.302627 0.000000 2989.830508
-1658006.613217 -0.000000 3002.033898
7467316.179515 0.000000 3014.237288
26190780.606972 0.000000 3026.440678
31290452.465843 0.000000 3038.644068
30511127.773995 0.000000 3050.847458
30843560.345313 0.000000 3063.050847
31613487.292185 0.000000 3075.254237
32035235.401954 0.000000 3087.457627
31886889.868854 0.000000 3099.661017
31525138.743912 0.000000 3111.864407
30935520.064336 0.000000 3124.067797
30701759.509006 0.000000 3136.271186
30587893.847504 0.000000 3148.474576
30246672.600499 0.000000 3160.677966
29977758.999723 0.000000 3172.881356
29738474.624652 0.000000 3185.084746
29541214.939209 0.000000 3197.288136
29388614.549802 0.000000 3209.491525
29251613.628315 0.000000 3221.694915
29116270.238616 0.000000 3233.898305
28973039.319532 0.000000 3246.101695
28823645.061490 0.000000 3258.305085
28677991.250699 0.000000 3270.508475
28560959.452660 0.000000 3282.711864
28505994.062735 0.000000 3294.915254
28554242.759929 0.000000 3307.118644
28855493.860822 0.000000 3319.322034
29299190.302938 0.000000 3331.525424
28859222.238388 0.000000 3343.728814
29898207.282349 0.000000 3355.932203
33921677.093972 0.000000 3368.135593
35694967.154713 0.000000 3380.338983
34430535.992350 0.000000 3392.542373
32308403.591709 0.000000 3404.745763
30571653.888773 0.000000 3416.949153
29328852.616252 0.000000 3429.152542
22945284.523450 0.000000 3441.355932
1074575.181368 0.000000 3453.559322
44001799.776097 0.000000 3465.762712
172843.705684 0.000000 3477.966102
281027.002584 0.000000 3490.169492
381283.165774 0.000000 3502.372881
471394.627535 0.000000 3514.576271
550949.451234 0.000000 3526.779661
618922.912696 0.000000 3538.983051
675121.010735 0.000000 3551.186441
719498.185837 0.000000 3563.389831
752339.379427 0.000000 3575.593220
773967.894558 0.000000 3587.796610
784696.242972 0.000000 3600.000000
