14686.382440 0.000000 0.000000
14697.363095 0.000000 12.203390
14719.274823 0.000000 24.406780
14752.283624 0.000000 36.610169
14796.393125 0.000000 48.813559
14851.684717 0.000000 61.016949
14918.272973 0.000000 73.220339
14996.259809 0.000000 85.423729
15085.809366 0.000000 97.627119
15187.049171 0.000000 109.830508
15300.184319 0.000000 122.033898
15425.365526 0.000000 134.237288
15562.834662 0.000000 146.440678
15712.761345 0.000000 158.644068
15875.419868 0.000000 170.847458
16050.995093 0.000000 183.050847
16239.790473 0.000000 195.254237
16442.003223 0.000000 207.457627
16657.963784 0.000000 219.661017
16887.879752 0.000000 231.864407
17132.107639 0.000000 244.067797
17390.865144 0.000000 256.271186
17664.535493 0.000000 268.474576
17953.347602 0.000000 280.677966
18257.714275 0.000000 292.881356
18577.878371 0.000000 305.084746
18914.285912 0.000000 317.288136
19267.198344 0.000000 329.491525
19637.100357 0.000000 341.694915
20024.277621 0.000000 353.898305
20429.261022 0.000000 366.101695
20852.366900 0.000000 378.305085
21294.179558 0.000000 390.508475
21755.054186 0.000000 402.711864
22235.637101 0.000000 414.915254
22736.329584 0.000000 427.118644
23257.849584 0.000000 439.322034
23800.652768 0.000000 451.525424
24365.536998 0.000000 463.728814
24953.021148 0.000000 475.932203
25563.992185 0.000000 488.135593
26199.039364 0.000000 500.338983
26859.148600 0.000000 512.542373
27544.987688 0.000000 524.745763
28257.650075 0.000000 536.949153
28997.890839 0.000000 549.152542
29766.921022 0.000000 561.355932
30565.590227 0.000000 573.559322
31395.237861 0.000000 585.762712
32256.818782 0.000000 597.966102
33151.811885 0.000000 610.169492
34081.287062 0.000000 622.372881
35046.877112 0.000000 634.576271
36049.779368 0.000000 646.779661
37091.795840 0.000000 658.983051
38174.266344 0.000000 671.186441
39299.180525 0.000000 683.389831
40468.037073 0.000000 695.593220
41683.034770 0.000000 707.796610
42945.850798 0.000000 720.000000
44258.917069 0.000000 732.203390
45624.111528 0.000000 744.406780
47044.125917 0.000000 756.610169
48521.062427 0.000000 768.813559
50057.902949 0.000000 781.016949
51656.999966 0.000000 793.220339
53321.656635 0.000000 805.423729
55054.504535 0.000000 817.627119
56859.202437 0.000000 829.830508
58738.688132 0.000000 842.033898
60697.012062 0.000000 854.237288
62737.448919 0.000000 866.440678
64864.477928 0.000000 878.644068
67081.740579 0.000000 890.847458
69394.183138 0.000000 903.050847
71805.844849 0.000000 915.254237
74322.178731 0.000000 927.457627
76947.650358 0.000000 939.661017
79688.259943 0.000000 951.864407
82548.928124 0.000000 964.067797
85536.241860 0.000000 976.271186
88655.603117 0.000000 988.474576
91914.222344 0.000000 1000.677966
95318.004641 0.000000 1012.881356
98874.820300 0.000000 1025.084746
102591.093568 0.000000 1037.288136
106475.382460 0.000000 1049.491525
110534.637286 0.000000 1061.694915
114778.126331 0.000000 1073.898305
119213.322889 0.000000 1086.101695
123850.215120 0.000000 1098.305085
128696.780796 0.000000 1110.508475
133763.725581 0.000000 1122.711864
139059.496622 0.000000 1134.915254
144595.495567 0.000000 1147.118644
150380.581728 0.000000 1159.322034
156426.811063 0.000000 1171.525424
162743.375367 0.000000 1183.728814
169342.917414 0.000000 1195.932203
176234.855628 0.000000 1208.135593
183432.324451 0.000000 1220.338983
190944.832697 0.000000 1232.542373
198785.878511 0.000000 1244.745763
206964.899131 0.000000 1256.949153
215495.591607 0.000000 1269.152542
224387.125512 0.000000 1281.355932
233653.191170 0.000000 1293.559322
243302.464736 0.000000 1305.762712
253348.371425 0.000000 1317.966102
263798.830197 0.000000 1330.169492
274666.676036 0.000000 1342.372881
285958.754093 0.000000 1354.576271
297686.886305 0.000000 1366.779661
309856.439291 0.000000 1378.983051
322477.636842 0.000000 1391.186441
335553.809420 0.000000 1403.389831
349092.715260 0.000000 1415.593220
363094.773965 0.000000 1427.796610
377563.916801 0.000000 1440.000000
392496.170825 0.000000 1452.203390
407889.354068 0.000000 1464.406780
423732.446203 0.000000 1476.610169
440013.169952 0.000000 1488.813559
456708.541836 0.000000 1501.016949
473789.039684 0.000000 1513.220339
491210.506274 0.000000 1525.423729
508913.091053 0.000000 1537.627119
526814.077367 0.000000 1549.830508
544798.986216 0.000000 1562.033898
562713.643602 0.000000 1574.237288
580343.418034 0.000000 1586.440678
597400.462062 0.000000 1598.644068
613484.646488 0.000000 1610.847458
628058.218135 0.000000 1623.050847
640378.905505 0.000000 1635.254237
649451.467004 0.000000 1647.457627
653926.216669 0.000000 1659.661017
652031.808315 0.000000 1671.864407
641478.178717 0.000000 1684.067797
619485.006356 0.000000 1696.271186
582950.495110 0.000000 1708.474576
529053.908574 0.000000 1720.677966
456342.324355 0.000000 1732.881356
366405.640896 0.000000 1745.084746
265425.453460 0.000000 1757.288136
164718.471808 0.000000 1769.491525
78743.587166 0.000000 1781.694915
6020362.674106 0.000000 1793.898305
8447903.397923 0.000000 1806.101695
21773803.630907 0.000000 1818.305085
2655638.691582 0.000000 1830.508475
-11901282.110970 -0.000000 1842.711864
-6127573.381209 -0.000000 1854.915254
1338666.860721 0.000000 1867.118644
10759198.930027 0.000000 1879.322034
10232435.268142 0.000000 1891.525424
-11493178.159907 -0.000000 1903.728814
-23508096.626434 -0.000000 1915.932203
-25488887.573986 -0.000000 1928.135593
-33474346.554570 -0.000000 1940.338983
-19589105.602127 -0.000000 1952.542373
-14911142.318396 -0.000000 1964.745763
-13497335.540276 -0.000000 1976.949153
-13878666.308794 -0.000000 1989.152542
-15578158.663772 -0.000000 2001.355932
-17541992.159047 -0.000000 2013.559322
-19415930.141522 -0.000000 2025.762712
-21161372.835370 -0.000000 2037.966102
-22643002.282460 -0.000000 2050.169492
-23866645.222088 -0.000000 2062.372881
-24963550.207631 -0.000000 2074.576271
-25875285.138822 -0.000000 2086.779661
-26761416.007002 -0.000000 2098.983051
-25445115.488983 -0.000000 2111.186441
-29699326.253400 -0.000000 2123.389831
-165453196.187772 -0.000000 2135.593220
-93010935.612169 -0.000000 2147.796610
-5102444.654860 -0.000000 2160.000000
-3732086.931913 -0.000000 2172.203390
-3525003.266550 -0.000000 2184.406780
-4571771.830751 -0.000000 2196.610169
-5011651.944697 -0.000000 2208.813559
-4764766.745367 -0.000000 2221.016949
-3995137.096927 -0.000000 2233.220339
-2735083.702199 -0.000000 2245.423729
-1178980.715048 -0.000000 2257.627119
500272.232516 0.000000 2269.830508
2102522.894975 0.000000 2282.033898
3552303.379514 0.000000 2294.237288
4803899.376403 0.000000 2306.440678
5892434.256918 0.000000 2318.644068
6828789.248057 0.000000 2330.847458
7643116.948652 0.000000 2343.050847
8341645.653103 0.000000 2355.254237
8965718.110643 0.000000 2367.457627
9561054.973699 0.000000 2379.661017
10159006.522868 0.000000 2391.864407
10733235.392054 0.000000 2404.067797
11248892.442226 0.000000 2416.271186
11690676.583892 0.000000 2428.474576
12070837.414981 0.000000 2440.677966
12401780.322432 0.000000 2452.881356
12693255.608116 0.000000 2465.084746
12943101.121147 0.000000 2477.288136
13147897.489116 0.000000 2489.491525
13306310.853781 0.000000 2501.694915
13443060.324020 0.000000 2513.898305
13590555.710554 0.000000 2526.101695
13761289.539431 0.000000 2538.305085
13927096.827633 0.000000 2550.508475
14065565.064068 0.000000 2562.711864
14171114.602577 0.000000 2574.915254
14256469.752354 0.000000 2587.118644
14329437.192563 0.000000 2599.322034
14395535.615115 0.000000 2611.525424
14452292.648202 0.000000 2623.728814
14489328.221890 0.000000 2635.932203
14486888.364713 0.000000 2648.135593
14420343.598898 0.000000 2660.338983
14284788.387411 0.000000 2672.542373
14077774.368311 0.000000 2684.745763
13758028.384082 0.000000 2696.949153
13190163.309483 0.000000 2709.152542
12200320.854031 0.000000 2721.355932
10502458.429464 0.000000 2733.559322
7735891.744538 0.000000 2745.762712
3816328.105707 0.000000 2757.966102
754890.305651 0.000000 2770.169492
1457653.348566 0.000000 2782.372881
11971485.731319 0.000000 2794.576271
26554524.502967 0.000000 2806.779661
29686205.743538 0.000000 2818.983051
29658895.584380 0.000000 2831.186441
30225105.367121 0.000000 2843.389831
30654668.120990 0.000000 2855.593220
30865934.238532 0.000000 2867.796610
30952431.605766 0.000000 2880.000000
30464344.029514 0.000000 2892.203390
30058421.237130 0.000000 2904.406780
29859748.060891 0.000000 2916.610169
29463367.134309 0.000000 2928.813559
29157155.788770 0.000000 2941.016949
28890637.368146 0.000000 2953.220339
28676251.112945 0.000000 2965.423729
28539304.314873 0.000000 2977.627119
28448499.465252 0.000000 2989.830508
28382075.392964 0.000000 3002.033898
28316690.212364 0.000000 3014.237288
28241779.863340 0.000000 3026.440678
28158101.080519 0.000000 3038.644068
28086134.256608 0.000000 3050.847458
28051971.713944 0.000000 3063.050847
28098196.339420 0.000000 3075.254237
28272429.639201 0.000000 3087.457627
28637273.225278 0.000000 3099.661017
28899549.451082 0.000000 3111.864407
28871910.121508 0.000000 3124.067797
30119568.777562 0.000000 3136.271186
32659155.433411 0.000000 3148.474576
33742225.232173 0.000000 3160.677966
32949923.730929 0.000000 3172.881356
31157713.028807 0.000000 3185.084746
29635432.472515 0.000000 3197.288136
29454944.953846 0.000000 3209.491525
21389588.686621 0.000000 3221.694915
-966169.940744 -0.000000 3233.898305
2195392.784922 0.000000 3246.101695
18068.693524 0.000000 3258.305085
33109.316330 0.000000 3270.508475
49316.780440 0.000000 3282.711864
65540.216739 0.000000 3294.915254
81214.227259 0.000000 3307.118644
95664.673196 0.000000 3319.322034
108524.963048 0.000000 3331.525424
119569.307770 0.000000 3343.728814
128764.717289 0.000000 3355.932203
136180.097379 0.000000 3368.135593
141975.652374 0.000000 3380.338983
146341.711121 0.000000 3392.542373
149492.649012 0.000000 3404.745763
151630.092061 0.000000 3416.949153
152949.202666 0.000000 3429.152542
153617.331413 0.000000 3441.355932
153787.030023 0.000000 3453.559322
153582.531346 0.000000 3465.762712
153114.266409 0.000000 3477.966102
152469.027128 0.000000 3490.169492
151723.283992 0.000000 3502.372881
150935.345791 0.000000 3514.576271
150156.434801 0.000000 3526.779661
149424.353941 0.000000 3538.983051
148772.036833 0.000000 3551.186441
148222.691179 0.000000 3563.389831
147795.805955 0.000000 3575.593220
147503.935739 0.000000 3587.796610
147355.997889 0.000000 3600.000000
