333126.840584 0.000000 0.000000
334087.723087 0.000000 12.203390
336008.396505 0.000000 24.406780
338894.287745 0.000000 36.610169
342742.074777 0.000000 48.813559
347561.456044 0.000000 61.016949
353346.187770 0.000000 73.220339
360108.343778 0.000000 85.423729
367837.033740 0.000000 97.627119
376542.954118 0.000000 109.830508
386207.230013 0.000000 122.033898
396832.487183 0.000000 134.237288
408385.366960 0.000000 146.440678
420848.578050 0.000000 158.644068
434161.749804 0.000000 170.847458
448266.550944 0.000000 183.050847
463051.585873 0.000000 195.254237
478379.421682 0.000000 207.457627
494041.848611 0.000000 219.661017
509753.351146 0.000000 231.864407
525122.666999 0.000000 244.067797
539592.479777 0.000000 256.271186
552431.769085 0.000000 268.474576
562600.948350 0.000000 280.677966
568772.458598 0.000000 292.881356
569126.338671 0.000000 305.084746
561443.362256 0.000000 317.288136
542967.757461 0.000000 329.491525
510757.290553 0.000000 341.694915
462113.970104 0.000000 353.898305
395442.055158 0.000000 366.101695
312131.154348 0.000000 378.305085
216745.354019 0.000000 390.508475
120403.262491 0.000000 402.711864
2568204.440400 0.000000 414.915254
336940.813007 0.000000 427.118644
-8116251.757884 -0.000000 439.322034
-14151198.257531 -0.000000 451.525424
-13257092.440963 -0.000000 463.728814
-12981350.972660 -0.000000 475.932203
-12858983.774997 -0.000000 488.135593
-12868407.148675 -0.000000 500.338983
-12897219.171562 -0.000000 512.542373
-12865010.590058 -0.000000 524.745763
-12775581.075859 -0.000000 536.949153
-12669230.420151 -0.000000 549.152542
-12622547.821404 -0.000000 561.355932
-12674782.844229 -0.000000 573.559322
-12753857.830431 -0.000000 585.762712
-12794410.783485 -0.000000 597.966102
-12804797.930245 -0.000000 610.169492
-12808193.544205 -0.000000 622.372881
-12802797.856422 -0.000000 634.576271
-12792418.582787 -0.000000 646.779661
-12786309.487136 -0.000000 658.983051
-12789388.804159 -0.000000 671.186441
-12795111.205672 -0.000000 683.389831
-12796339.755082 -0.000000 695.593220
-12792594.844901 -0.000000 707.796610
-12782032.905332 -0.000000 720.000000
-12776195.968632 -0.000000 732.203390
-12782044.938451 -0.000000 744.406780
-12787169.258378 -0.000000 756.610169
-12782864.539918 -0.000000 768.813559
-12768416.258667 -0.000000 781.016949
-12745689.703236 -0.000000 793.220339
-12726290.621028 -0.000000 805.423729
-12712010.946065 -0.000000 817.627119
-12690371.050326 -0.000000 829.830508
-12661916.572130 -0.000000 842.033898
-12625972.921445 -0.000000 854.237288
-12583002.596948 -0.000000 866.440678
-12530522.944184 -0.000000 878.644068
-12471427.376596 -0.000000 890.847458
-12401661.645399 -0.000000 903.050847
-12311974.254849 -0.000000 915.254237
-12204432.508540 -0.000000 927.457627
-12087945.122089 -0.000000 939.661017
-11972558.774222 -0.000000 951.864407
-11862652.100498 -0.000000 964.067797
-11755515.918936 -0.000000 976.271186
-11649456.261657 -0.000000 988.474576
-11542047.553397 -0.000000 1000.677966
-11434379.947156 -0.000000 1012.881356
-11325244.720479 -0.000000 1025.084746
-11216189.524288 -0.000000 1037.288136
-11106083.729003 -0.000000 1049.491525
-10996262.318695 -0.000000 1061.694915
-10885760.742654 -0.000000 1073.898305
-10775575.715214 -0.000000 1086.101695
-10664990.024125 -0.000000 1098.305085
-10554665.283220 -0.000000 1110.508475
-10444135.310403 -0.000000 1122.711864
-10333789.592262 -0.000000 1134.915254
-10223359.998368 -0.000000 1147.118644
-10113040.396810 -0.000000 1159.322034
-10002686.003524 -0.000000 1171.525424
-9892357.999274 -0.000000 1183.728814
-9781962.425525 -0.000000 1195.932203
-9671468.655926 -0.000000 1208.135593
-9560777.114674 -0.000000 1220.338983
-9449791.053907 -0.000000 1232.542373
-9338379.064223 -0.000000 1244.745763
-9226434.817394 -0.000000 1256.949153
-9113916.863976 -0.000000 1269.152542
-9001054.142451 -0.000000 1281.355932
-8888464.795426 -0.000000 1293.559322
-8777295.702805 -0.000000 1305.762712
-8668737.179987 -0.000000 1317.966102
-8563340.942523 -0.000000 1330.169492
-8460116.369590 -0.000000 1342.372881
-8356865.390012 -0.000000 1354.576271
-8251209.527833 -0.000000 1366.779661
-8142106.852082 -0.000000 1378.983051
-8029993.005245 -0.000000 1391.186441
-7916299.280163 -0.000000 1403.389831
-7802344.853823 -0.000000 1415.593220
-7689037.041359 -0.000000 1427.796610
-7576683.519407 -0.000000 1440.000000
-7465347.252535 -0.000000 1452.203390
-7354887.016093 -0.000000 1464.406780
-7245180.416970 -0.000000 1476.610169
-7136067.657459 -0.000000 1488.813559
-7027441.091872 -0.000000 1501.016949
-6919197.651941 -0.000000 1513.220339
-6811267.780292 -0.000000 1525.423729
-6703605.756274 -0.000000 1537.627119
-6596173.495002 -0.000000 1549.830508
-6488964.583360 -0.000000 1562.033898
-6381960.121071 -0.000000 1574.237288
-6275171.927019 -0.000000 1586.440678
-6168597.490640 -0.000000 1598.644068
-6062253.512898 -0.000000 1610.847458
-5956177.180954 -0.000000 1623.050847
-5850403.575958 -0.000000 1635.254237
-5745102.274086 -0.000000 1647.457627
-5640429.263274 -0.000000 1659.661017
-5536967.836274 -0.000000 1671.864407
-5435355.920571 -0.000000 1684.067797
-5337339.781836 -0.000000 1696.271186
-5245031.209359 -0.000000 1708.474576
-5163080.078318 -0.000000 1720.677966
-5097285.439698 -0.000000 1732.881356
-5058516.518827 -0.000000 1745.084746
-5059883.825044 -0.000000 1757.288136
-5122522.904967 -0.000000 1769.491525
-5268659.599262 -0.000000 1781.694915
-5527118.867086 -0.000000 1793.898305
-5916364.839968 -0.000000 1806.101695
-6450364.755926 -0.000000 1818.305085
-7119300.322292 -0.000000 1830.508475
-7931625.709446 -0.000000 1842.711864
-8830508.035317 -0.000000 1854.915254
-7510358.713940 -0.000000 1867.118644
530067.710457 0.000000 1879.322034
6459373.116063 0.000000 1891.525424
5735448.187462 0.000000 1903.728814
5153082.633426 0.000000 1915.932203
5091234.795165 0.000000 1928.135593
7208066.116434 0.000000 1940.338983
12395899.815921 0.000000 1952.542373
14711717.156129 0.000000 1964.745763
13784478.238515 0.000000 1976.949153
13343166.026433 0.000000 1989.152542
13280080.043499 0.000000 2001.355932
13542316.128112 0.000000 2013.559322
14733890.349956 0.000000 2025.762712
15359862.647977 0.000000 2037.966102
-1526381.418972 -0.000000 2050.169492
-13070271.831806 -0.000000 2062.372881
-13441468.193088 -0.000000 2074.576271
-431323712.618124 -0.000000 2086.779661
-22194264.858399 -0.000000 2098.983051
-14814733.423429 -0.000000 2111.186441
-14275229.689342 -0.000000 2123.389831
-15588410.015936 -0.000000 2135.593220
-17166618.700875 -0.000000 2147.796610
-18323918.758338 -0.000000 2160.000000
-19153728.085953 -0.000000 2172.203390
-19638851.394085 -0.000000 2184.406780
-19609115.005207 -0.000000 2196.610169
-19102053.315888 -0.000000 2208.813559
-13549407.929277 -0.000000 2221.016949
-6024100057.718950 -0.000000 2233.220339
-5054967.298438 -0.000000 2245.423729
11980833.212404 0.000000 2257.627119
37041871.148779 0.000000 2269.830508
18640156.347590 0.000000 2282.033898
18839051.263630 0.000000 2294.237288
22949667.616266 0.000000 2306.440678
20558838.714895 0.000000 2318.644068
14417473.935098 0.000000 2330.847458
8598068.691049 0.000000 2343.050847
2835798.170745 0.000000 2355.254237
1177830.059300 0.000000 2367.457627
1669293.781476 0.000000 2379.661017
3124095.174530 0.000000 2391.864407
4793581.984935 0.000000 2404.067797
6316101.868852 0.000000 2416.271186
7593075.918193 0.000000 2428.474576
8647452.616759 0.000000 2440.677966
9527052.250911 0.000000 2452.881356
10255929.869236 0.000000 2465.084746
10854668.655159 0.000000 2477.288136
11350845.793043 0.000000 2489.491525
11773944.480332 0.000000 2501.694915
12144708.746846 0.000000 2513.898305
12475800.086013 0.000000 2526.101695
12774561.997438 0.000000 2538.305085
13045064.367402 0.000000 2550.508475
13291313.327082 0.000000 2562.711864
13514480.205528 0.000000 2574.915254
13718192.500026 0.000000 2587.118644
13902186.208885 0.000000 2599.322034
14070691.493199 0.000000 2611.525424
14222830.293171 0.000000 2623.728814
14363541.255367 0.000000 2635.932203
14491625.222244 0.000000 2648.135593
14610897.672229 0.000000 2660.338983
14716558.612031 0.000000 2672.542373
14803394.133366 0.000000 2684.745763
14860809.358416 0.000000 2696.949153
14889774.255622 0.000000 2709.152542
14910988.372122 0.000000 2721.355932
14944843.654813 0.000000 2733.559322
14997466.990676 0.000000 2745.762712
15049517.970171 0.000000 2757.966102
15086214.870721 0.000000 2770.169492
15085831.766936 0.000000 2782.372881
15067811.194576 0.000000 2794.576271
15066646.528076 0.000000 2806.779661
15126213.720052 0.000000 2818.983051
15221320.404288 0.000000 2831.186441
15283315.206685 0.000000 2843.389831
15238834.586347 0.000000 2855.593220
15044694.618388 0.000000 2867.796610
14653268.187786 0.000000 2880.000000
14004725.833847 0.000000 2892.203390
13010398.529757 0.000000 2904.406780
11369042.318364 0.000000 2916.610169
8478025.068983 0.000000 2928.813559
4171105.497312 0.000000 2941.016949
954681.324336 0.000000 2953.220339
4055457.929092 0.000000 2965.423729
17733486.107402 0.000000 2977.627119
29898727.993626 0.000000 2989.830508
30322314.188905 0.000000 3002.033898
30290251.637365 0.000000 3014.237288
30973043.336804 0.000000 3026.440678
31250215.298016 0.000000 3038.644068
31310626.911830 0.000000 3050.847458
31162467.384324 0.000000 3063.050847
30560004.587147 0.000000 3075.254237
30261116.961062 0.000000 3087.457627
30062691.812504 0.000000 3099.661017
29705635.548971 0.000000 3111.864407
29433291.031885 0.000000 3124.067797
29187286.296277 0.000000 3136.271186
28990694.174173 0.000000 3148.474576
28842957.630462 0.000000 3160.677966
28720315.484608 0.000000 3172.881356
28608075.381149 0.000000 3185.084746
28503401.582063 0.000000 3197.288136
28401943.712578 0.000000 3209.491525
28309206.169152 0.000000 3221.694915
28238909.207281 0.000000 3233.898305
28213078.261374 0.000000 3246.101695
28274952.037499 0.000000 3258.305085
28529602.037889 0.000000 3270.508475
28985359.330238 0.000000 3282.711864
28913243.885662 0.000000 3294.915254
29245816.806305 0.000000 3307.118644
32026420.436031 0.000000 3319.322034
34401885.543174 0.000000 3331.525424
34082186.318462 0.000000 3343.728814
32394028.489053 0.000000 3355.932203
30771760.288026 0.000000 3368.135593
27412010.503956 0.000000 3380.338983
28039015.513009 0.000000 3392.542373
6347193.834916 0.000000 3404.745763
30437323.063055 0.000000 3416.949153
55163.072136 0.000000 3429.152542
92952.756069 0.000000 3441.355932
129574.173825 0.000000 3453.559322
163957.259722 0.000000 3465.762712
195622.402340 0.000000 3477.966102
223916.739628 0.000000 3490.169492
248620.792426 0.000000 3502.372881
269641.403911 0.000000 3514.576271
287129.369615 0.000000 3526.779661
301315.094492 0.000000 3538.983051
312512.828457 0.000000 3551.186441
321026.246265 0.000000 3563.389831
327142.597296 0.000000 3575.593220
331086.171472 0.000000 3587.796610
333017.892669 0.000000 3600.000000
