23015.732385 0.000000 0.000000
23027.561451 0.000000 12.203390
23051.133732 0.000000 24.406780
23086.573533 0.000000 36.610169
23133.804713 0.000000 48.813559
23192.785086 0.000000 61.016949
23263.522267 0.000000 73.220339
23345.938980 0.000000 85.423729
23440.063689 0.000000 97.627119
23545.800295 0.000000 109.830508
23663.199513 0.000000 122.033898
23792.155124 0.000000 134.237288
23932.747241 0.000000 146.440678
24084.865914 0.000000 158.644068
24248.626967 0.000000 170.847458
24423.922252 0.000000 183.050847
24610.908541 0.000000 195.254237
24809.482975 0.000000 207.457627
25019.846528 0.000000 219.661017
25241.902242 0.000000 231.864407
25475.896022 0.000000 244.067797
25721.735244 0.000000 256.271186
25979.708870 0.000000 268.474576
26249.724201 0.000000 280.677966
26532.110114 0.000000 292.881356
26826.767453 0.000000 305.084746
27134.059286 0.000000 317.288136
27453.873157 0.000000 329.491525
27786.600791 0.000000 341.694915
28132.108501 0.000000 353.898305
28490.812165 0.000000 366.101695
28862.549970 0.000000 378.305085
29247.757415 0.000000 390.508475
29646.239805 0.000000 402.711864
30058.450663 0.000000 414.915254
30484.157810 0.000000 427.118644
30923.834069 0.000000 439.322034
31377.209123 0.000000 451.525424
31844.776735 0.000000 463.728814
32326.229663 0.000000 475.932203
32822.088303 0.000000 488.135593
33332.009726 0.000000 500.338983
33856.548659 0.000000 512.542373
34395.331133 0.000000 524.745763
34948.953636 0.000000 536.949153
35517.016491 0.000000 549.152542
36100.168599 0.000000 561.355932
36697.989309 0.000000 573.559322
37311.191202 0.000000 585.762712
37939.340538 0.000000 597.966102
38583.225582 0.000000 610.169492
39242.406772 0.000000 622.372881
39917.763111 0.000000 634.576271
40608.858684 0.000000 646.779661
41316.679578 0.000000 658.983051
42040.805720 0.000000 671.186441
42782.349198 0.000000 683.389831
43540.919053 0.000000 695.593220
44317.776465 0.000000 707.796610
45112.576994 0.000000 720.000000
45926.756666 0.000000 732.203390
46760.036944 0.000000 744.406780
47614.057673 0.000000 756.610169
48488.628791 0.000000 768.813559
49385.626911 0.000000 781.016949
50304.975189 0.000000 793.220339
51248.821098 0.000000 805.423729
52217.228140 0.000000 817.627119
53212.651878 0.000000 829.830508
54235.322421 0.000000 842.033898
55288.040900 0.000000 854.237288
56371.232046 0.000000 866.440678
57488.079338 0.000000 878.644068
58639.228854 0.000000 890.847458
59828.282161 0.000000 903.050847
61056.130505 0.000000 915.254237
62326.826895 0.000000 927.457627
63641.528188 0.000000 939.661017
65004.768402 0.000000 951.864407
66417.986997 0.000000 964.067797
67886.222618 0.000000 976.271186
69411.207670 0.000000 988.474576
70998.500517 0.000000 1000.677966
72650.130065 0.000000 1012.881356
74372.181660 0.000000 1025.084746
76166.974116 0.000000 1037.288136
78041.113361 0.000000 1049.491525
79997.190541 0.000000 1061.694915
82042.310582 0.000000 1073.898305
84179.305932 0.000000 1086.101695
86415.741083 0.000000 1098.305085
88754.642918 0.000000 1110.508475
91203.972930 0.000000 1122.711864
93766.887657 0.000000 1134.915254
96451.659136 0.000000 1147.118644
99261.488887 0.000000 1159.322034
102204.842774 0.000000 1171.525424
105284.864347 0.000000 1183.728814
108510.065549 0.000000 1195.932203
111883.408993 0.000000 1208.135593
115413.272881 0.000000 1220.338983
119102.297918 0.000000 1232.542373
122958.515543 0.000000 1244.745763
126984.093375 0.000000 1256.949153
131186.469912 0.000000 1269.152542
135567.180339 0.000000 1281.355932
140132.791894 0.000000 1293.559322
144884.049772 0.000000 1305.762712
149826.341354 0.000000 1317.966102
154959.467649 0.000000 1330.169492
160287.291155 0.000000 1342.372881
165808.524182 0.000000 1354.576271
171525.111450 0.000000 1366.779661
177434.525970 0.000000 1378.983051
183536.328207 0.000000 1391.186441
189826.575792 0.000000 1403.389831
196301.853175 0.000000 1415.593220
202956.537765 0.000000 1427.796610
209783.435717 0.000000 1440.000000
216774.797282 0.000000 1452.203390
223918.498362 0.000000 1464.406780
231203.875212 0.000000 1476.610169
238612.172005 0.000000 1488.813559
246128.439700 0.000000 1501.016949
253724.739552 0.000000 1513.220339
261379.544086 0.000000 1525.423729
269051.923144 0.000000 1537.627119
276710.065353 0.000000 1549.830508
284294.420856 0.000000 1562.033898
291757.108663 0.000000 1574.237288
299011.749214 0.000000 1586.440678
305985.612491 0.000000 1598.644068
312553.654035 0.000000 1610.847458
318605.246783 0.000000 1623.050847
323959.786944 0.000000 1635.254237
328449.665175 0.000000 1647.457627
331814.713992 0.000000 1659.661017
333802.730624 0.000000 1671.864407
334039.945603 0.000000 1684.067797
332149.925188 0.000000 1696.271186
327596.976132 0.000000 1708.474576
319824.001731 0.000000 1720.677966
308064.815090 0.000000 1732.881356
291502.460166 0.000000 1745.084746
269043.509108 0.000000 1757.288136
239503.327178 0.000000 1769.491525
201327.447024 0.000000 1781.694915
152826.284771 0.000000 1793.898305
91808.110002 0.000000 1806.101695
15930.553710 0.000000 1818.305085
-77842.431297 -0.000000 1830.508475
-192586.668143 -0.000000 1842.711864
-332357.661043 -0.000000 1854.915254
-500741.864984 -0.000000 1867.118644
-702763.504022 -0.000000 1879.322034
-941340.674468 -0.000000 1891.525424
-1221655.297517 -0.000000 1903.728814
-1542000.036918 -0.000000 1915.932203
-1904336.279515 -0.000000 1928.135593
-2289812.764576 -0.000000 1940.338983
-2679194.881576 -0.000000 1952.542373
-2994756.242837 -0.000000 1964.745763
-2909991.782564 -0.000000 1976.949153
-4802162.527033 -0.000000 1989.152542
-11383503.960433 -0.000000 2001.355932
-17001735.866239 -0.000000 2013.559322
-5346935318.770557 -0.000000 2025.762712
125376.079452 0.000000 2037.966102
-732039.953754 -0.000000 2050.169492
-58613063.187309 -0.000000 2062.372881
53505846.081926 0.000000 2074.576271
8626825.411193 0.000000 2086.779661
9271704.347834 0.000000 2098.983051
8112843.490202 0.000000 2111.186441
646264356.112638 0.000000 2123.389831
-3867030.393974 -0.000000 2135.593220
-2960205.259529 -0.000000 2147.796610
2522241.733544 0.000000 2160.000000
5409480.101449 0.000000 2172.203390
6679948.624593 0.000000 2184.406780
5929288.607742 0.000000 2196.610169
3877005.316765 0.000000 2208.813559
2186633.539674 0.000000 2221.016949
1420684.362557 0.000000 2233.220339
1673767.047661 0.000000 2245.423729
2586358.906712 0.000000 2257.627119
3809512.911856 0.000000 2269.830508
5066539.594185 0.000000 2282.033898
6232332.210089 0.000000 2294.237288
7264395.718010 0.000000 2306.440678
8188320.662474 0.000000 2318.644068
9026727.816577 0.000000 2330.847458
9775289.090849 0.000000 2343.050847
10435526.779556 0.000000 2355.254237
11011245.125968 0.000000 2367.457627
11523693.434158 0.000000 2379.661017
11979094.922761 0.000000 2391.864407
12391285.826691 0.000000 2404.067797
12760750.662767 0.000000 2416.271186
13096645.678394 0.000000 2428.474576
13398635.186763 0.000000 2440.677966
13673560.935873 0.000000 2452.881356
13920140.237167 0.000000 2465.084746
14141359.705519 0.000000 2477.288136
14327804.077233 0.000000 2489.491525
14470785.337022 0.000000 2501.694915
14559953.469643 0.000000 2513.898305
14622496.861214 0.000000 2526.101695
14706623.308004 0.000000 2538.305085
14847689.312760 0.000000 2550.508475
15012788.600767 0.000000 2562.711864
15157294.900718 0.000000 2574.915254
15251289.402643 0.000000 2587.118644
15310601.205574 0.000000 2599.322034
15344703.876290 0.000000 2611.525424
15354869.629997 0.000000 2623.728814
15343381.064236 0.000000 2635.932203
15327826.365307 0.000000 2648.135593
15334517.549461 0.000000 2660.338983
15370812.351213 0.000000 2672.542373
15401577.834658 0.000000 2684.745763
15388863.073959 0.000000 2696.949153
15343498.395060 0.000000 2709.152542
15322979.390759 0.000000 2721.355932
15355232.254740 0.000000 2733.559322
15330037.663578 0.000000 2745.762712
15127477.208322 0.000000 2757.966102
14640643.453178 0.000000 2770.169492
13786768.496712 0.000000 2782.372881
12377929.889828 0.000000 2794.576271
9942828.396106 0.000000 2806.779661
5904606.286772 0.000000 2818.983051
1390966.506218 0.000000 2831.186441
-332151.532437 -0.000000 2843.389831
7287393.627014 0.000000 2855.593220
23499607.183303 0.000000 2867.796610
29876270.983051 0.000000 2880.000000
29325459.948434 0.000000 2892.203390
29600323.432527 0.000000 2904.406780
30158954.332493 0.000000 2916.610169
30422129.436354 0.000000 2928.813559
30388477.275240 0.000000 2941.016949
30057524.029238 0.000000 2953.220339
29569582.388544 0.000000 2965.423729
29422201.393836 0.000000 2977.627119
29242790.140186 0.000000 2989.830508
28925806.082989 0.000000 3002.033898
28679864.768442 0.000000 3014.237288
28445060.727135 0.000000 3026.440678
28246787.289979 0.000000 3038.644068
28084423.913214 0.000000 3050.847458
27946678.017629 0.000000 3063.050847
27824769.627158 0.000000 3075.254237
27709166.039284 0.000000 3087.457627
27590185.475004 0.000000 3099.661017
27477637.401254 0.000000 3111.864407
27383801.466182 0.000000 3124.067797
27357749.940000 0.000000 3136.271186
27445842.431969 0.000000 3148.474576
27841142.967056 0.000000 3160.677966
28176801.361567 0.000000 3172.881356
27815090.814993 0.000000 3185.084746
29401280.138081 0.000000 3197.288136
32957998.943242 0.000000 3209.491525
34005184.540928 0.000000 3221.694915
32550414.972912 0.000000 3233.898305
30388660.313840 0.000000 3246.101695
28545876.995657 0.000000 3258.305085
27015148.884563 0.000000 3270.508475
20884351.236576 0.000000 3282.711864
632262.287605 0.000000 3294.915254
7526769.907490 0.000000 3307.118644
35336.647895 0.000000 3319.322034
63274.815530 0.000000 3331.525424
92377.770099 0.000000 3343.728814
120983.295927 0.000000 3355.932203
148327.259813 0.000000 3368.135593
173360.333483 0.000000 3380.338983
195593.306008 0.000000 3392.542373
214707.469218 0.000000 3404.745763
230715.969184 0.000000 3416.949153
243766.109663 0.000000 3429.152542
254158.089030 0.000000 3441.355932
262222.149988 0.000000 3453.559322
268328.485771 0.000000 3465.762712
272814.721753 0.000000 3477.966102
276007.891440 0.000000 3490.169492
278182.258162 0.000000 3502.372881
279587.212034 0.000000 3514.576271
280421.147095 0.000000 3526.779661
280858.029699 0.000000 3538.983051
281029.941942 0.000000 3551.186441
281048.437483 0.000000 3563.389831
280992.767094 0.000000 3575.593220
280924.576373 0.000000 3587.796610
280880.629599 0.000000 3600.000000
