797427.668753 0.000000 0.000000
799178.620903 0.000000 12.203390
802653.961829 0.000000 24.406780
807810.482589 0.000000 36.610169
814558.745118 0.000000 48.813559
822791.482958 0.000000 61.016949
832322.862260 0.000000 73.220339
842932.409539 0.000000 85.423729
854267.685843 0.000000 97.627119
865898.294427 0.000000 109.830508
877173.084912 0.000000 122.033898
887274.700938 0.000000 134.237288
895020.318897 0.000000 146.440678
898908.339214 0.000000 158.644068
896864.698766 0.000000 170.847458
886308.843490 0.000000 183.050847
863932.119034 0.000000 195.254237
825973.718039 0.000000 207.457627
768393.298065 0.000000 219.661017
687905.008262 0.000000 231.864407
583168.525420 0.000000 244.067797
456848.146849 0.000000 256.271186
316980.993870 0.000000 268.474576
177347.263532 0.000000 280.677966
451202202.658292 0.000000 292.881356
-3866289.217748 -0.000000 305.084746
-10822159.838743 -0.000000 317.288136
-13607709.849842 -0.000000 329.491525
-13333053.836939 -0.000000 341.694915
-13047909.093442 -0.000000 353.898305
-12951103.528219 -0.000000 366.101695
-12956015.632935 -0.000000 378.305085
-12940539.322439 -0.000000 390.508475
-12871538.339402 -0.000000 402.711864
-12743392.624330 -0.000000 414.915254
-12630450.409973 -0.000000 427.118644
-12671285.317259 -0.000000 439.322034
-12774258.691956 -0.000000 451.525424
-12813510.916625 -0.000000 463.728814
-12822444.915016 -0.000000 475.932203
-12821829.123270 -0.000000 488.135593
-12809277.463126 -0.000000 500.338983
-12786364.413126 -0.000000 512.542373
-12756450.933700 -0.000000 524.745763
-12722281.878371 -0.000000 536.949153
-12684365.086663 -0.000000 549.152542
-12639420.695726 -0.000000 561.355932
-12578464.294456 -0.000000 573.559322
-12499756.196815 -0.000000 585.762712
-12402264.048167 -0.000000 597.966102
-12284804.646699 -0.000000 610.169492
-12158021.600388 -0.000000 622.372881
-12029243.852004 -0.000000 634.576271
-11897505.868628 -0.000000 646.779661
-11763476.655211 -0.000000 658.983051
-11626117.087747 -0.000000 671.186441
-11485105.459851 -0.000000 683.389831
-11339430.300731 -0.000000 695.593220
-11190217.215170 -0.000000 707.796610
-11040378.124284 -0.000000 720.000000
-10896258.227997 -0.000000 732.203390
-10762661.547648 -0.000000 744.406780
-10639544.833728 -0.000000 756.610169
-10519232.038819 -0.000000 768.813559
-10394068.413858 -0.000000 781.016949
-10260804.354044 -0.000000 793.220339
-10122049.418200 -0.000000 805.423729
-9979982.788216 -0.000000 817.627119
-9835896.601288 -0.000000 829.830508
-9689456.037481 -0.000000 842.033898
-9541763.135777 -0.000000 854.237288
-9393734.559411 -0.000000 866.440678
-9246892.863668 -0.000000 878.644068
-9101470.490935 -0.000000 890.847458
-8957790.893027 -0.000000 903.050847
-8815310.922156 -0.000000 915.254237
-8673959.055104 -0.000000 927.457627
-8533219.107577 -0.000000 939.661017
-8393074.137657 -0.000000 951.864407
-8253174.857847 -0.000000 964.067797
-8113574.015028 -0.000000 976.271186
-7974054.220182 -0.000000 988.474576
-7834710.818399 -0.000000 1000.677966
-7695421.583931 -0.000000 1012.881356
-7556293.076368 -0.000000 1025.084746
-7417260.434618 -0.000000 1037.288136
-7278396.574352 -0.000000 1049.491525
-7139641.233987 -0.000000 1061.694915
-7000950.292058 -0.000000 1073.898305
-6862160.697390 -0.000000 1086.101695
-6722935.872741 -0.000000 1098.305085
-6582777.273399 -0.000000 1110.508475
-6440755.290010 -0.000000 1122.711864
-6295883.610500 -0.000000 1134.915254
-6147161.103213 -0.000000 1147.118644
-5995220.313522 -0.000000 1159.322034
-5843022.388347 -0.000000 1171.525424
-5696623.582819 -0.000000 1183.728814
-5561042.361349 -0.000000 1195.932203
-5436138.474583 -0.000000 1208.135593
-5314439.572956 -0.000000 1220.338983
-5188038.973607 -0.000000 1232.542373
-5053706.174302 -0.000000 1244.745763
-4913778.426861 -0.000000 1256.949153
-4770572.101552 -0.000000 1269.152542
-4625234.793574 -0.000000 1281.355932
-4477632.513211 -0.000000 1293.559322
-4328719.577027 -0.000000 1305.762712
-4179598.166437 -0.000000 1317.966102
-4031618.105979 -0.000000 1330.169492
-3885189.604738 -0.000000 1342.372881
-3740449.991406 -0.000000 1354.576271
-3597036.719084 -0.000000 1366.779661
-3454686.571364 -0.000000 1378.983051
-3313071.908665 -0.000000 1391.186441
-3171981.600593 -0.000000 1403.389831
-3031264.046033 -0.000000 1415.593220
-2890776.155811 -0.000000 1427.796610
-2750507.604215 -0.000000 1440.000000
-2610356.927579 -0.000000 1452.203390
-2470418.846040 -0.000000 1464.406780
-2330603.222818 -0.000000 1476.610169
-2191073.192628 -0.000000 1488.813559
-2051706.914261 -0.000000 1501.016949
-1912685.365548 -0.000000 1513.220339
-1773774.596800 -0.000000 1525.423729
-1635069.499500 -0.000000 1537.627119
-1496052.948793 -0.000000 1549.830508
-1356505.077965 -0.000000 1562.033898
-1215327.228801 -0.000000 1574.237288
-1071824.741656 -0.000000 1586.440678
-924811.837080 -0.000000 1598.644068
-775170.015726 -0.000000 1610.847458
-625603.880893 -0.000000 1623.050847
-482386.130476 -0.000000 1635.254237
-350364.519869 -0.000000 1647.457627
-229814.211763 -0.000000 1659.661017
-113244.144002 -0.000000 1671.864407
6925.870093 -0.000000 1684.067797
134149.881330 0.000000 1696.271186
265848.573289 0.000000 1708.474576
399726.193382 0.000000 1720.677966
534230.538521 0.000000 1732.881356
669481.960150 0.000000 1745.084746
804396.229140 0.000000 1757.288136
938026.562762 0.000000 1769.491525
1069180.349187 0.000000 1781.694915
1197631.666811 0.000000 1793.898305
1323784.835717 0.000000 1806.101695
1448416.685127 0.000000 1818.305085
1573234.700583 0.000000 1830.508475
1699861.892555 0.000000 1842.711864
1831930.945476 0.000000 1854.915254
1973353.997528 0.000000 1867.118644
2132089.635892 0.000000 1879.322034
2318187.332637 0.000000 1891.525424
2549482.146091 0.000000 1903.728814
2850664.099220 0.000000 1915.932203
3260908.390186 0.000000 1928.135593
3834706.604227 0.000000 1940.338983
4645809.547734 0.000000 1952.542373
5781288.644730 0.000000 1964.745763
7308241.124233 0.000000 1976.949153
9122653.998621 0.000000 1989.152542
11670510.488803 0.000000 2001.355932
13534072.481517 0.000000 2013.559322
13493877.391436 0.000000 2025.762712
13786453.864680 0.000000 2037.966102
11580437.267831 0.000000 2050.169492
2147079.484691 0.000000 2062.372881
-10196237.822391 -0.000000 2074.576271
-21934326.680237 -0.000000 2086.779661
-33343628.314120 -0.000000 2098.983051
-36705666.269715 -0.000000 2111.186441
-20343923.352511 -0.000000 2123.389831
-15252256.045213 -0.000000 2135.593220
-14116051.853149 -0.000000 2147.796610
-15609873.056531 -0.000000 2160.000000
-18615055.942761 -0.000000 2172.203390
-21631893.137027 -0.000000 2184.406780
-24150239.802409 -0.000000 2196.610169
-26035229.073419 -0.000000 2208.813559
-27210717.803658 -0.000000 2221.016949
-27372509.760885 -0.000000 2233.220339
-24850359.865803 -0.000000 2245.423729
-16754529.792598 -0.000000 2257.627119
-164774581.759416 -0.000000 2269.830508
-92403500.170490 -0.000000 2282.033898
1243783.706228 0.000000 2294.237288
5609497.676783 0.000000 2306.440678
9661067.590424 0.000000 2318.644068
11245895.754390 0.000000 2330.847458
10801212.845488 0.000000 2343.050847
8565381.236986 0.000000 2355.254237
5417813.907695 0.000000 2367.457627
2537546.910800 0.000000 2379.661017
770914.346466 0.000000 2391.864407
320018.033856 0.000000 2404.067797
909928.853889 0.000000 2416.271186
2123428.961918 0.000000 2428.474576
3591199.177303 0.000000 2440.677966
5080517.365617 0.000000 2452.881356
6463436.331869 0.000000 2465.084746
7697154.397344 0.000000 2477.288136
8776224.071086 0.000000 2489.491525
9718934.643384 0.000000 2501.694915
10544719.411139 0.000000 2513.898305
11274011.682365 0.000000 2526.101695
11921234.175956 0.000000 2538.305085
12498696.266311 0.000000 2550.508475
13014600.687485 0.000000 2562.711864
13475890.730377 0.000000 2574.915254
13887376.701582 0.000000 2587.118644
14253356.529685 0.000000 2599.322034
14576714.610942 0.000000 2611.525424
14860880.252923 0.000000 2623.728814
15101058.513788 0.000000 2635.932203
15286792.679523 0.000000 2648.135593
15420571.002371 0.000000 2660.338983
15505367.573584 0.000000 2672.542373
15550495.882732 0.000000 2684.745763
15566136.433882 0.000000 2696.949153
15571547.803490 0.000000 2709.152542
15575023.400466 0.000000 2721.355932
15568010.641256 0.000000 2733.559322
15566067.087036 0.000000 2745.762712
15566029.335887 0.000000 2757.966102
15561314.520715 0.000000 2770.169492
15562107.056225 0.000000 2782.372881
15571495.079123 0.000000 2794.576271
15585488.636880 0.000000 2806.779661
15596456.195955 0.000000 2818.983051
15591481.451278 0.000000 2831.186441
15557072.184516 0.000000 2843.389831
15520184.128998 0.000000 2855.593220
15515205.935242 0.000000 2867.796610
15550401.961758 0.000000 2880.000000
15607355.839530 0.000000 2892.203390
15669185.697668 0.000000 2904.406780
15648392.764955 0.000000 2916.610169
15423563.750626 0.000000 2928.813559
14945514.448639 0.000000 2941.016949
13851484.986640 0.000000 2953.220339
11037266.790526 0.000000 2965.423729
5917993.857011 0.000000 2977.627119
1327660.825689 0.000000 2989.830508
3493176.551389 0.000000 3002.033898
18902127.573363 0.000000 3014.237288
30839475.207380 0.000000 3026.440678
30393751.874848 0.000000 3038.644068
30417174.619217 0.000000 3050.847458
31178041.213851 0.000000 3063.050847
31783146.256783 0.000000 3075.254237
31938598.795697 0.000000 3087.457627
31768687.275764 0.000000 3099.661017
31197860.329187 0.000000 3111.864407
30889838.272502 0.000000 3124.067797
30724383.717497 0.000000 3136.271186
30335771.105028 0.000000 3148.474576
30003712.177708 0.000000 3160.677966
29719011.775919 0.000000 3172.881356
29500813.720239 0.000000 3185.084746
29356689.287346 0.000000 3197.288136
29248654.242739 0.000000 3209.491525
29155357.603973 0.000000 3221.694915
29065178.388445 0.000000 3233.898305
28975566.750665 0.000000 3246.101695
28894918.027988 0.000000 3258.305085
28834622.448984 0.000000 3270.508475
28821445.906606 0.000000 3282.711864
28890272.160560 0.000000 3294.915254
29147161.974095 0.000000 3307.118644
29530864.259313 0.000000 3319.322034
29481026.007883 0.000000 3331.525424
29930148.259140 0.000000 3343.728814
32316810.455741 0.000000 3355.932203
34443195.524041 0.000000 3368.135593
34517273.691947 0.000000 3380.338983
33343173.050794 0.000000 3392.542373
31996195.734926 0.000000 3404.745763
29185845.999873 0.000000 3416.949153
30356622.843106 0.000000 3429.152542
6333893.303418 0.000000 3441.355932
66537240.475872 0.000000 3453.559322
109181.440710 0.000000 3465.762712
178930.685616 0.000000 3477.966102
244299.615982 0.000000 3490.169492
304052.458404 0.000000 3502.372881
357524.235668 0.000000 3514.576271
404032.688384 0.000000 3526.779661
443349.019114 0.000000 3538.983051
475455.804204 0.000000 3551.186441
500577.609835 0.000000 3563.389831
519015.528158 0.000000 3575.593220
531094.161254 0.000000 3587.796610
537063.220111 0.000000 3600.000000
