6118.405420 0.000000 0.000000
6131.836265 0.000000 12.203390
6158.671188 0.000000 24.406780
6199.126051 0.000000 36.610169
6253.279476 0.000000 48.813559
6321.308467 0.000000 61.016949
6403.462201 0.000000 73.220339
6499.994167 0.000000 85.423729
6611.270252 0.000000 97.627119
6737.636035 0.000000 109.830508
6879.578168 0.000000 122.033898
7037.545425 0.000000 134.237288
7212.157232 0.000000 146.440678
7403.977610 0.000000 158.644068
7613.773720 0.000000 170.847458
7842.240209 0.000000 183.050847
8090.310672 0.000000 195.254237
8358.828643 0.000000 207.457627
8648.916330 0.000000 219.661017
8961.587013 0.000000 231.864407
9298.176652 0.000000 244.067797
9659.892021 0.000000 256.271186
10048.310685 0.000000 268.474576
10464.858476 0.000000 280.677966
10911.385520 0.000000 292.881356
11389.563777 0.000000 305.084746
11901.547536 0.000000 317.288136
12449.283662 0.000000 329.491525
13035.264081 0.000000 341.694915
13661.739044 0.000000 353.898305
14331.573109 0.000000 366.101695
15047.348748 0.000000 378.305085
15812.337454 0.000000 390.508475
16629.483375 0.000000 402.711864
17502.500829 0.000000 414.915254
18434.723512 0.000000 427.118644
19430.345647 0.000000 439.322034
20493.120152 0.000000 451.525424
21627.757822 0.000000 463.728814
22838.461245 0.000000 475.932203
24130.498007 0.000000 488.135593
25508.550918 0.000000 500.338983
26978.487519 0.000000 512.542373
28545.505517 0.000000 524.745763
30216.117631 0.000000 536.949153
31996.074293 0.000000 549.152542
33892.584819 0.000000 561.355932
35911.992942 0.000000 573.559322
38062.260646 0.000000 585.762712
40350.372508 0.000000 597.966102
42785.104158 0.000000 610.169492
45374.132165 0.000000 622.372881
48127.113761 0.000000 634.576271
51052.474905 0.000000 646.779661
54160.827114 0.000000 658.983051
57461.409599 0.000000 671.186441
60965.866149 0.000000 683.389831
64684.317707 0.000000 695.593220
68629.523986 0.000000 707.796610
72812.563426 0.000000 720.000000
77247.398877 0.000000 732.203390
81946.147808 0.000000 744.406780
86924.066770 0.000000 756.610169
92194.400803 0.000000 768.813559
97773.794327 0.000000 781.016949
103676.715970 0.000000 793.220339
109921.292335 0.000000 805.423729
116523.320161 0.000000 817.627119
123502.503448 0.000000 829.830508
130876.077608 0.000000 842.033898
138665.415442 0.000000 854.237288
146889.309907 0.000000 866.440678
155570.885340 0.000000 878.644068
164730.613569 0.000000 890.847458
174393.435898 0.000000 903.050847
184581.617021 0.000000 915.254237
195321.948548 0.000000 927.457627
206638.577134 0.000000 939.661017
218560.117371 0.000000 951.864407
231112.628906 0.000000 964.067797
244326.414309 0.000000 976.271186
258229.353379 0.000000 988.474576
272853.107019 0.000000 1000.677966
288227.044673 0.000000 1012.881356
304383.514005 0.000000 1025.084746
321352.597731 0.000000 1037.288136
339166.044531 0.000000 1049.491525
357853.058566 0.000000 1061.694915
377442.404135 0.000000 1073.898305
397959.332470 0.000000 1086.101695
419425.254330 0.000000 1098.305085
441855.694314 0.000000 1110.508475
465256.720131 0.000000 1122.711864
489623.416454 0.000000 1134.915254
514931.855595 0.000000 1147.118644
541136.846082 0.000000 1159.322034
568157.410490 0.000000 1171.525424
595871.253658 0.000000 1183.728814
624090.079721 0.000000 1195.932203
652545.888120 0.000000 1208.135593
680849.486517 0.000000 1220.338983
708459.909679 0.000000 1232.542373
734615.050891 0.000000 1244.745763
758271.347997 0.000000 1256.949153
777993.709315 0.000000 1269.152542
791859.356597 0.000000 1281.355932
797321.702430 0.000000 1293.559322
791146.702932 0.000000 1305.762712
769431.575609 0.000000 1317.966102
727955.736692 0.000000 1330.169492
662999.145769 0.000000 1342.372881
572904.999377 0.000000 1354.576271
460130.981902 0.000000 1366.779661
333114.767067 0.000000 1378.983051
206444.946018 0.000000 1391.186441
98334.768649 0.000000 1403.389831
176917842.734370 0.000000 1415.593220
-2966767.589493 -0.000000 1427.796610
-10414212.701086 -0.000000 1440.000000
-13637418.567933 -0.000000 1452.203390
-13219148.064651 -0.000000 1464.406780
-12942292.285451 -0.000000 1476.610169
-12872662.820146 -0.000000 1488.813559
-12879384.890594 -0.000000 1501.016949
-12858343.152938 -0.000000 1513.220339
-12772420.687045 -0.000000 1525.423729
-12608188.522161 -0.000000 1537.627119
-12478539.770594 -0.000000 1549.830508
-12532127.131260 -0.000000 1562.033898
-12610074.117799 -0.000000 1574.237288
-12622193.751450 -0.000000 1586.440678
-12619623.649452 -0.000000 1598.644068
-12615837.725522 -0.000000 1610.847458
-12597607.643225 -0.000000 1623.050847
-12560332.039973 -0.000000 1635.254237
-12480064.606181 -0.000000 1647.457627
-12359951.202374 -0.000000 1659.661017
-12212173.061385 -0.000000 1671.864407
-12013296.277221 -0.000000 1684.067797
-11752884.317206 -0.000000 1696.271186
-11418871.050256 -0.000000 1708.474576
-10982806.607621 -0.000000 1720.677966
-10402927.014827 -0.000000 1732.881356
-9621972.955830 -0.000000 1745.084746
-8557595.261102 -0.000000 1757.288136
-7113357.304248 -0.000000 1769.491525
-5167188.811839 -0.000000 1781.694915
-2620203.152653 -0.000000 1793.898305
603858.505509 0.000000 1806.101695
4371719.784113 0.000000 1818.305085
8498369.313494 0.000000 1830.508475
11984363.030873 0.000000 1842.711864
13477701.714501 0.000000 1854.915254
13479302.761847 0.000000 1867.118644
7742425.858140 0.000000 1879.322034
-7758090.300137 -0.000000 1891.525424
-17283243.238293 -0.000000 1903.728814
-25559407.484101 -0.000000 1915.932203
-52453489.788964 -0.000000 1928.135593
-22281257.208332 -0.000000 1940.338983
-15584228.479453 -0.000000 1952.542373
-13550468.415651 -0.000000 1964.745763
-13332677.931469 -0.000000 1976.949153
-14691303.140667 -0.000000 1989.152542
-16615704.002950 -0.000000 2001.355932
-18529437.275458 -0.000000 2013.559322
-20492308.133954 -0.000000 2025.762712
-22431227.770869 -0.000000 2037.966102
-24446025.627116 -0.000000 2050.169492
-26503333.295013 -0.000000 2062.372881
-29381498.352635 -0.000000 2074.576271
-27019003.967061 -0.000000 2086.779661
-116458004.303288 -0.000000 2098.983051
-547515419.389289 -0.000000 2111.186441
3660660.285001 0.000000 2123.389831
9587959.344099 0.000000 2135.593220
9959692.146473 0.000000 2147.796610
923864060.250601 0.000000 2160.000000
17770759.878128 0.000000 2172.203390
10246508.508329 0.000000 2184.406780
11631262.375633 0.000000 2196.610169
30487656.364247 0.000000 2208.813559
74736832.965379 0.000000 2221.016949
43640545.196700 0.000000 2233.220339
13143497.106333 0.000000 2245.423729
11741722.777871 0.000000 2257.627119
7708402.495862 0.000000 2269.830508
4170145.821246 0.000000 2282.033898
1866837.871456 0.000000 2294.237288
819726.332311 0.000000 2306.440678
795945.318744 0.000000 2318.644068
1449599.617904 0.000000 2330.847458
2428407.210397 0.000000 2343.050847
3478443.435420 0.000000 2355.254237
4474957.727630 0.000000 2367.457627
5374676.355206 0.000000 2379.661017
6168544.463411 0.000000 2391.864407
6839820.782728 0.000000 2404.067797
7390223.050625 0.000000 2416.271186
7834695.209141 0.000000 2428.474576
8200612.307132 0.000000 2440.677966
8507426.815694 0.000000 2452.881356
8771250.543444 0.000000 2465.084746
9000467.638706 0.000000 2477.288136
9202376.860809 0.000000 2489.491525
9380736.953053 0.000000 2501.694915
9539917.417597 0.000000 2513.898305
9680821.193276 0.000000 2526.101695
9804932.957393 0.000000 2538.305085
9904690.000043 0.000000 2550.508475
9973721.053109 0.000000 2562.711864
10003458.911687 0.000000 2574.915254
10018515.831215 0.000000 2587.118644
10053197.517862 0.000000 2599.322034
10132846.660864 0.000000 2611.525424
10220584.453871 0.000000 2623.728814
10288626.716015 0.000000 2635.932203
10335672.936190 0.000000 2648.135593
10398034.490749 0.000000 2660.338983
10470494.157351 0.000000 2672.542373
10531170.451460 0.000000 2684.745763
10553592.099959 0.000000 2696.949153
10549159.241811 0.000000 2709.152542
10547409.153900 0.000000 2721.355932
10576598.844264 0.000000 2733.559322
10625256.417438 0.000000 2745.762712
10654617.018327 0.000000 2757.966102
10645969.116890 0.000000 2770.169492
10604056.873373 0.000000 2782.372881
10530354.762228 0.000000 2794.576271
10361664.221971 0.000000 2806.779661
9985740.916163 0.000000 2818.983051
9265802.509175 0.000000 2831.186441
8075941.395858 0.000000 2843.389831
6287462.494576 0.000000 2855.593220
3804930.325454 0.000000 2867.796610
863488.134909 0.000000 2880.000000
-1417220.084062 -0.000000 2892.203390
-602842.040246 -0.000000 2904.406780
7553730.951866 0.000000 2916.610169
21678830.128940 0.000000 2928.813559
29702605.677043 0.000000 2941.016949
30046367.338571 0.000000 2953.220339
30006528.855916 0.000000 2965.423729
30425943.705694 0.000000 2977.627119
30729943.611565 0.000000 2989.830508
30618019.590887 0.000000 3002.033898
30152661.903569 0.000000 3014.237288
29891391.731514 0.000000 3026.440678
29628778.345600 0.000000 3038.644068
29226423.522393 0.000000 3050.847458
28908582.540173 0.000000 3063.050847
28602070.163544 0.000000 3075.254237
28362366.490357 0.000000 3087.457627
28183849.456381 0.000000 3099.661017
28052075.849186 0.000000 3111.864407
27954851.271729 0.000000 3124.067797
27876947.700007 0.000000 3136.271186
27808101.955871 0.000000 3148.474576
27738358.981193 0.000000 3160.677966
27684163.494220 0.000000 3172.881356
27661471.517563 0.000000 3185.084746
27722096.293679 0.000000 3197.288136
27916218.072960 0.000000 3209.491525
28357018.021617 0.000000 3221.694915
28718045.500306 0.000000 3233.898305
28648241.029462 0.000000 3246.101695
30014032.499755 0.000000 3258.305085
32739146.099164 0.000000 3270.508475
33627532.830736 0.000000 3282.711864
32466686.333915 0.000000 3294.915254
30318885.675604 0.000000 3307.118644
28452436.934220 0.000000 3319.322034
27713142.602473 0.000000 3331.525424
21404544.924934 0.000000 3343.728814
-943655.165359 -0.000000 3355.932203
-3677128.367711 -0.000000 3368.135593
-9347.199357 -0.000000 3380.338983
-15165.680175 -0.000000 3392.542373
-21202.618030 -0.000000 3404.745763
-27387.484249 -0.000000 3416.949153
-33269.718239 -0.000000 3429.152542
-38716.312350 -0.000000 3441.355932
-43557.812805 -0.000000 3453.559322
-47743.673295 -0.000000 3465.762712
-51258.903988 -0.000000 3477.966102
-54140.412131 -0.000000 3490.169492
-56448.822220 -0.000000 3502.372881
-58258.381023 -0.000000 3514.576271
-59648.315423 -0.000000 3526.779661
-60692.195951 -0.000000 3538.983051
-61458.248699 -0.000000 3551.186441
-62002.256124 -0.000000 3563.389831
-62370.880190 -0.000000 3575.593220
-62597.461999 -0.000000 3587.796610
-62705.286689 -0.000000 3600.000000
