206238.672603 0.000000 0.000000
199881.665859 0.000000 12.203390
186966.478571 0.000000 24.406780
167220.256196 0.000000 36.610169
140527.018401 0.000000 48.813559
107125.653663 0.000000 61.016949
67679.906523 0.000000 73.220339
95065868.814865 0.000000 85.423729
-5243589.087596 -0.000000 97.627119
-14088237.584701 -0.000000 109.830508
-14076750.304961 -0.000000 122.033898
-14066067.658514 -0.000000 134.237288
-13261818.062418 -0.000000 146.440678
-12204393.108157 -0.000000 158.644068
-12444282.931271 -0.000000 170.847458
-12874071.939468 -0.000000 183.050847
-12927900.903007 -0.000000 195.254237
-12791303.384630 -0.000000 207.457627
-12440785.883500 -0.000000 219.661017
-12342315.791524 -0.000000 231.864407
-12673004.439900 -0.000000 244.067797
-12872784.188675 -0.000000 256.271186
-12876773.285607 -0.000000 268.474576
-12861127.129954 -0.000000 280.677966
-12849658.371527 -0.000000 292.881356
-12838467.351439 -0.000000 305.084746
-12830935.190829 -0.000000 317.288136
-12824069.451586 -0.000000 329.491525
-12815214.443009 -0.000000 341.694915
-12803133.352124 -0.000000 353.898305
-12791145.808337 -0.000000 366.101695
-12778422.448351 -0.000000 378.305085
-12765001.010800 -0.000000 390.508475
-12754082.314347 -0.000000 402.711864
-12748648.357441 -0.000000 414.915254
-12746258.395929 -0.000000 427.118644
-12746222.356006 -0.000000 439.322034
-12748910.173569 -0.000000 451.525424
-12755077.808895 -0.000000 463.728814
-12763661.743107 -0.000000 475.932203
-12772093.879843 -0.000000 488.135593
-12777620.653974 -0.000000 500.338983
-12780268.100822 -0.000000 512.542373
-12781253.435957 -0.000000 524.745763
-12780917.834991 -0.000000 536.949153
-12779615.467563 -0.000000 549.152542
-12777758.434026 -0.000000 561.355932
-12775476.720932 -0.000000 573.559322
-12773139.800359 -0.000000 585.762712
-12771204.801266 -0.000000 597.966102
-12769967.600210 -0.000000 610.169492
-12769090.555116 -0.000000 622.372881
-12768686.448455 -0.000000 634.576271
-12768888.530105 -0.000000 646.779661
-12769384.781191 -0.000000 658.983051
-12769888.926440 -0.000000 671.186441
-12770627.675264 -0.000000 683.389831
-12771341.073595 -0.000000 695.593220
-12771659.190808 -0.000000 707.796610
-12772055.651135 -0.000000 720.000000
-12772234.716216 -0.000000 732.203390
-12772195.593343 -0.000000 744.406780
-12772270.214851 -0.000000 756.610169
-12772028.840664 -0.000000 768.813559
-12772033.560090 -0.000000 781.016949
-12771943.803549 -0.000000 793.220339
-12772064.038580 -0.000000 805.423729
-12772181.971152 -0.000000 817.627119
-12772357.057372 -0.000000 829.830508
-12772399.874250 -0.000000 842.033898
-12772800.934534 -0.000000 854.237288
-12772846.172761 -0.000000 866.440678
-12773200.747664 -0.000000 878.644068
-12773079.595968 -0.000000 890.847458
-12773254.430981 -0.000000 903.050847
-12772752.485339 -0.000000 915.254237
-12772675.669723 -0.000000 927.457627
-12772059.441966 -0.000000 939.661017
-12771848.839980 -0.000000 951.864407
-12771166.970028 -0.000000 964.067797
-12771057.724266 -0.000000 976.271186
-12770550.791331 -0.000000 988.474576
-12770617.832625 -0.000000 1000.677966
-12770649.143637 -0.000000 1012.881356
-12772341.962679 -0.000000 1025.084746
-12774108.546682 -0.000000 1037.288136
-12773117.092550 -0.000000 1049.491525
-12768631.282989 -0.000000 1061.694915
-12769361.847360 -0.000000 1073.898305
-12778472.210021 -0.000000 1086.101695
-12786151.686279 -0.000000 1098.305085
-12784451.987489 -0.000000 1110.508475
-12778496.967841 -0.000000 1122.711864
-12778651.931762 -0.000000 1134.915254
-12780833.656430 -0.000000 1147.118644
-12773768.053136 -0.000000 1159.322034
-12758248.622656 -0.000000 1171.525424
-12749577.952522 -0.000000 1183.728814
-12750937.957564 -0.000000 1195.932203
-12755324.514105 -0.000000 1208.135593
-12758363.797324 -0.000000 1220.338983
-12764879.292509 -0.000000 1232.542373
-12774434.530378 -0.000000 1244.745763
-12782633.488158 -0.000000 1256.949153
-12788897.208474 -0.000000 1269.152542
-12801150.635529 -0.000000 1281.355932
-12813513.995689 -0.000000 1293.559322
-12820226.530822 -0.000000 1305.762712
-12825584.675065 -0.000000 1317.966102
-12830223.922915 -0.000000 1330.169492
-12833786.147999 -0.000000 1342.372881
-12831391.364616 -0.000000 1354.576271
-12781531.438489 -0.000000 1366.779661
-12653097.589591 -0.000000 1378.983051
-12533579.854155 -0.000000 1391.186441
-12546906.170021 -0.000000 1403.389831
-12671778.994850 -0.000000 1415.593220
-12803207.559830 -0.000000 1427.796610
-12883590.658666 -0.000000 1440.000000
-12907572.403356 -0.000000 1452.203390
-12898137.524821 -0.000000 1464.406780
-12854750.890951 -0.000000 1476.610169
-12749569.166298 -0.000000 1488.813559
-12836513.146742 -0.000000 1501.016949
-13328938.846509 -0.000000 1513.220339
-15075624.911961 -0.000000 1525.423729
-12672358.363307 -0.000000 1537.627119
-2975379.032196 -0.000000 1549.830508
-2006202.037653 -0.000000 1562.033898
-3794856.437640 -0.000000 1574.237288
-5428699.630064 -0.000000 1586.440678
-6828189.697347 -0.000000 1598.644068
-7952698.583791 -0.000000 1610.847458
-8747049.598090 -0.000000 1623.050847
-9206429.512623 -0.000000 1635.254237
-9327196.808171 -0.000000 1647.457627
-9116104.290911 -0.000000 1659.661017
-8570088.118788 -0.000000 1671.864407
-7690447.321728 -0.000000 1684.067797
-6506237.592445 -0.000000 1696.271186
-5039932.409346 -0.000000 1708.474576
-3394288.638795 -0.000000 1720.677966
-1443708.911158 -0.000000 1732.881356
-5694423.775673 -0.000000 1745.084746
-14439602.270592 -0.000000 1757.288136
-14347494.310256 -0.000000 1769.491525
-13122946.261815 -0.000000 1781.694915
-12785261.645361 -0.000000 1793.898305
-12785435.815032 -0.000000 1806.101695
-12880774.320149 -0.000000 1818.305085
-12916406.351172 -0.000000 1830.508475
-12914732.997435 -0.000000 1842.711864
-12869769.545870 -0.000000 1854.915254
-12747515.690067 -0.000000 1867.118644
-12559051.272811 -0.000000 1879.322034
-12452484.109199 -0.000000 1891.525424
-12574451.032376 -0.000000 1903.728814
-12766464.055811 -0.000000 1915.932203
-12849183.948214 -0.000000 1928.135593
-12855493.886862 -0.000000 1940.338983
-12856793.447660 -0.000000 1952.542373
-12858454.313041 -0.000000 1964.745763
-12860158.846109 -0.000000 1976.949153
-12866125.960248 -0.000000 1989.152542
-12875445.455302 -0.000000 2001.355932
-12891605.184471 -0.000000 2013.559322
-12968459.650144 -0.000000 2025.762712
-12968243.706507 -0.000000 2037.966102
-12292001.165457 -0.000000 2050.169492
-11143546.911058 -0.000000 2062.372881
-9823704.167720 -0.000000 2074.576271
-8052730.470577 -0.000000 2086.779661
-5954039.087142 -0.000000 2098.983051
-3623578.347665 -0.000000 2111.186441
-514371.705232 -0.000000 2123.389831
1380608.568481 0.000000 2135.593220
-7529169.261086 -0.000000 2147.796610
-19522536.542027 -0.000000 2160.000000
-15538148.383380 -0.000000 2172.203390
-14764319.087771 -0.000000 2184.406780
-14518018.399072 -0.000000 2196.610169
-14363255.717212 -0.000000 2208.813559
-14425695.258388 -0.000000 2221.016949
-14417825.232298 -0.000000 2233.220339
-14521904.426285 -0.000000 2245.423729
-15147202.541501 -0.000000 2257.627119
-15714501.944511 -0.000000 2269.830508
-15589831.296895 -0.000000 2282.033898
-15801205.425929 -0.000000 2294.237288
-17325605.835005 -0.000000 2306.440678
-18038666.891332 -0.000000 2318.644068
-17307264.849327 -0.000000 2330.847458
-16602090.985205 -0.000000 2343.050847
-16481970.772709 -0.000000 2355.254237
-17078717.563867 -0.000000 2367.457627
-18815802.683568 -0.000000 2379.661017
-22983927.162881 -0.000000 2391.864407
-31977060.303159 -0.000000 2404.067797
-36778186.282285 -0.000000 2416.271186
-12519413.523027 -0.000000 2428.474576
-4455712.025928 -0.000000 2440.677966
223435.545160 0.000000 2452.881356
3116265.027870 0.000000 2465.084746
4994818.419438 0.000000 2477.288136
6198123.244009 0.000000 2489.491525
7010353.410318 0.000000 2501.694915
7611568.929194 0.000000 2513.898305
8114156.881052 0.000000 2526.101695
8571222.070932 0.000000 2538.305085
9004114.727782 0.000000 2550.508475
9414619.471157 0.000000 2562.711864
9799893.796128 0.000000 2574.915254
10154172.435948 0.000000 2587.118644
10475334.717855 0.000000 2599.322034
10761563.450443 0.000000 2611.525424
11014696.982495 0.000000 2623.728814
11236221.827100 0.000000 2635.932203
11429695.427172 0.000000 2648.135593
11597612.732141 0.000000 2660.338983
11743491.566780 0.000000 2672.542373
11869658.232285 0.000000 2684.745763
11979010.350645 0.000000 2696.949153
12073393.999371 0.000000 2709.152542
12155070.673071 0.000000 2721.355932
12225405.173686 0.000000 2733.559322
12286165.557884 0.000000 2745.762712
12338292.795586 0.000000 2757.966102
12383232.706346 0.000000 2770.169492
12421547.841072 0.000000 2782.372881
12454547.390001 0.000000 2794.576271
12482446.331600 0.000000 2806.779661
12506637.245055 0.000000 2818.983051
12527023.029891 0.000000 2831.186441
12545329.601790 0.000000 2843.389831
12561164.114572 0.000000 2855.593220
12576688.946928 0.000000 2867.796610
12590925.411206 0.000000 2880.000000
12605668.013095 0.000000 2892.203390
12617617.434511 0.000000 2904.406780
12624289.911816 0.000000 2916.610169
12613908.277250 0.000000 2928.813559
12568181.898458 0.000000 2941.016949
12451616.776406 0.000000 2953.220339
12206588.013510 0.000000 2965.423729
11750776.282701 0.000000 2977.627119
10964832.174253 0.000000 2989.830508
9706235.917577 0.000000 3002.033898
7741495.117192 0.000000 3014.237288
4913948.173102 0.000000 3026.440678
1553385.891316 0.000000 3038.644068
-283019.206570 -0.000000 3050.847458
3229410.069569 0.000000 3063.050847
15552776.382817 0.000000 3075.254237
28096195.933040 0.000000 3087.457627
30417995.994821 0.000000 3099.661017
30490249.512631 0.000000 3111.864407
30849834.815819 0.000000 3124.067797
31153532.291805 0.000000 3136.271186
31316803.681378 0.000000 3148.474576
30996259.344365 0.000000 3160.677966
30515828.415097 0.000000 3172.881356
30325157.994467 0.000000 3185.084746
29960326.361188 0.000000 3197.288136
29582418.162941 0.000000 3209.491525
29275129.133548 0.000000 3221.694915
28982110.748721 0.000000 3233.898305
28780869.224528 0.000000 3246.101695
28625355.443919 0.000000 3258.305085
28508640.713758 0.000000 3270.508475
28408317.200807 0.000000 3282.711864
28326333.863025 0.000000 3294.915254
28253054.259572 0.000000 3307.118644
28198183.100609 0.000000 3319.322034
28171314.907997 0.000000 3331.525424
28199430.324521 0.000000 3343.728814
28319056.820895 0.000000 3355.932203
28642636.950943 0.000000 3368.135593
29117644.865524 0.000000 3380.338983
29116385.182859 0.000000 3392.542373
29638144.928500 0.000000 3404.745763
32094097.904563 0.000000 3416.949153
34040539.670523 0.000000 3429.152542
33768569.792946 0.000000 3441.355932
32235881.225089 0.000000 3453.559322
30595287.571459 0.000000 3465.762712
27227934.233316 0.000000 3477.966102
28855517.218970 0.000000 3490.169492
6564431.742883 0.000000 3502.372881
7696722.176760 0.000000 3514.576271
11722.522947 0.000000 3526.779661
19327.651807 0.000000 3538.983051
25763.770942 0.000000 3551.186441
30840.167428 0.000000 3563.389831
34722.919345 0.000000 3575.593220
37304.144572 0.000000 3587.796610
38607.840063 0.000000 3600.000000
