107766.172864 0.000000 0.000000
108176.871038 0.000000 12.203390
108998.143825 0.000000 24.406780
110233.738200 0.000000 36.610169
111883.465682 0.000000 48.813559
113954.539784 0.000000 61.016949
116446.776376 0.000000 73.220339
119371.017823 0.000000 85.423729
122727.012930 0.000000 97.627119
126529.286688 0.000000 109.830508
130777.516233 0.000000 122.033898
135489.955285 0.000000 134.237288
140666.215884 0.000000 146.440678
146328.310203 0.000000 158.644068
152475.798356 0.000000 170.847458
159134.443331 0.000000 183.050847
166303.770767 0.000000 195.254237
174013.212521 0.000000 207.457627
182262.269542 0.000000 219.661017
191083.827128 0.000000 231.864407
200477.333676 0.000000 244.067797
210478.690177 0.000000 256.271186
221087.159539 0.000000 268.474576
232340.848314 0.000000 280.677966
244238.463934 0.000000 292.881356
256818.892255 0.000000 305.084746
270079.416524 0.000000 317.288136
284057.246060 0.000000 329.491525
298746.384410 0.000000 341.694915
314178.155720 0.000000 353.898305
330339.519357 0.000000 366.101695
347248.669544 0.000000 378.305085
364878.124231 0.000000 390.508475
383220.320164 0.000000 402.711864
402219.084292 0.000000 414.915254
421818.736832 0.000000 427.118644
441907.294632 0.000000 439.322034
462340.808615 0.000000 451.525424
482900.381966 0.000000 463.728814
503281.148944 0.000000 475.932203
523062.606863 0.000000 488.135593
541649.091976 0.000000 500.338983
558250.189383 0.000000 512.542373
571760.835409 0.000000 524.745763
580755.106480 0.000000 536.949153
583320.310930 0.000000 549.152542
577125.851700 0.000000 561.355932
559352.104010 0.000000 573.559322
527110.316150 0.000000 585.762712
477902.228072 0.000000 597.966102
410885.586007 0.000000 610.169492
328088.246112 0.000000 622.372881
235849.727932 0.000000 634.576271
144722.197823 0.000000 646.779661
67889.094592 0.000000 658.983051
240725193.843726 0.000000 671.186441
-4971241.367863 -0.000000 683.389831
-13203325.151132 -0.000000 695.593220
-13419569.878340 -0.000000 707.796610
-13002682.314686 -0.000000 720.000000
-12898392.420102 -0.000000 732.203390
-12862989.138680 -0.000000 744.406780
-12882645.202649 -0.000000 756.610169
-12873000.224920 -0.000000 768.813559
-12796555.186071 -0.000000 781.016949
-12673967.156257 -0.000000 793.220339
-12612604.711547 -0.000000 805.423729
-12640444.078751 -0.000000 817.627119
-12716831.469212 -0.000000 829.830508
-12771799.997477 -0.000000 842.033898
-12786630.061258 -0.000000 854.237288
-12796642.759913 -0.000000 866.440678
-12788796.307742 -0.000000 878.644068
-12768067.365588 -0.000000 890.847458
-12749441.358360 -0.000000 903.050847
-12766552.246204 -0.000000 915.254237
-12784755.072095 -0.000000 927.457627
-12784628.476492 -0.000000 939.661017
-12770011.612548 -0.000000 951.864407
-12758549.693061 -0.000000 964.067797
-12746835.384420 -0.000000 976.271186
-12728745.401003 -0.000000 988.474576
-12707263.318063 -0.000000 1000.677966
-12680696.793034 -0.000000 1012.881356
-12638695.052282 -0.000000 1025.084746
-12593584.452436 -0.000000 1037.288136
-12545835.270026 -0.000000 1049.491525
-12484081.462550 -0.000000 1061.694915
-12407842.754159 -0.000000 1073.898305
-12318370.321619 -0.000000 1086.101695
-12217572.508634 -0.000000 1098.305085
-12113020.423200 -0.000000 1110.508475
-12000913.646957 -0.000000 1122.711864
-11883519.566835 -0.000000 1134.915254
-11760879.587273 -0.000000 1147.118644
-11636440.055474 -0.000000 1159.322034
-11510761.100907 -0.000000 1171.525424
-11385660.450194 -0.000000 1183.728814
-11260741.719277 -0.000000 1195.932203
-11136464.130005 -0.000000 1208.135593
-11012289.074927 -0.000000 1220.338983
-10888161.993123 -0.000000 1232.542373
-10763780.529516 -0.000000 1244.745763
-10638949.773484 -0.000000 1256.949153
-10513812.319143 -0.000000 1269.152542
-10388576.922586 -0.000000 1281.355932
-10264349.433804 -0.000000 1293.559322
-10142131.790463 -0.000000 1305.762712
-10023242.951380 -0.000000 1317.966102
-9907313.286354 -0.000000 1330.169492
-9792960.153245 -0.000000 1342.372881
-9677255.150885 -0.000000 1354.576271
-9558403.531611 -0.000000 1366.779661
-9435705.722411 -0.000000 1378.983051
-9310555.537123 -0.000000 1391.186441
-9184388.379358 -0.000000 1403.389831
-9058771.924024 -0.000000 1415.593220
-8934175.205042 -0.000000 1427.796610
-8810895.852013 -0.000000 1440.000000
-8688585.287868 -0.000000 1452.203390
-8566954.890573 -0.000000 1464.406780
-8445353.247073 -0.000000 1476.610169
-8323021.955936 -0.000000 1488.813559
-8199011.431623 -0.000000 1501.016949
-8072572.492350 -0.000000 1513.220339
-7944284.470949 -0.000000 1525.423729
-7816915.361475 -0.000000 1537.627119
-7695762.246693 -0.000000 1549.830508
-7584988.004054 -0.000000 1562.033898
-7483429.869243 -0.000000 1574.237288
-7382857.235519 -0.000000 1586.440678
-7274442.534292 -0.000000 1598.644068
-7155004.416336 -0.000000 1610.847458
-7028216.575464 -0.000000 1623.050847
-6899824.216817 -0.000000 1635.254237
-6773624.598378 -0.000000 1647.457627
-6650988.170980 -0.000000 1659.661017
-6530875.728728 -0.000000 1671.864407
-6412614.371169 -0.000000 1684.067797
-6293977.668436 -0.000000 1696.271186
-6174686.535095 -0.000000 1708.474576
-6051679.766745 -0.000000 1720.677966
-5924476.843957 -0.000000 1732.881356
-5787823.540729 -0.000000 1745.084746
-5638918.124465 -0.000000 1757.288136
-5467709.121006 -0.000000 1769.491525
-5264133.867888 -0.000000 1781.694915
-5007812.470331 -0.000000 1793.898305
-4670494.757100 -0.000000 1806.101695
-4209864.757517 -0.000000 1818.305085
-3558473.458558 -0.000000 1830.508475
-2632333.586086 -0.000000 1842.711864
-1298559.849116 -0.000000 1854.915254
576217.554724 0.000000 1867.118644
3154390.958652 0.000000 1879.322034
6520277.812530 0.000000 1891.525424
10776240.522828 0.000000 1903.728814
13541986.297106 0.000000 1915.932203
13607291.078204 0.000000 1928.135593
14199533.264086 0.000000 1940.338983
8367260.850610 0.000000 1952.542373
-9108253.352060 -0.000000 1964.745763
-19020036.672960 -0.000000 1976.949153
-18643803.255856 -0.000000 1989.152542
-48929736.680643 -0.000000 2001.355932
-23757990.926397 -0.000000 2013.559322
-16170995.841851 -0.000000 2025.762712
-13775554.189341 -0.000000 2037.966102
-13526910.931977 -0.000000 2050.169492
-15940467.862763 -0.000000 2062.372881
-21891859.243508 -0.000000 2074.576271
-29565187.960239 -0.000000 2086.779661
-22155290.459330 -0.000000 2098.983051
-14581302.274348 -0.000000 2111.186441
-11629367.660341 -0.000000 2123.389831
-15742037.417231 -0.000000 2135.593220
-26448824.992060 -0.000000 2147.796610
-323598267.107876 -0.000000 2160.000000
-3878382.243337 -0.000000 2172.203390
-85514796.129341 -0.000000 2184.406780
-73127896.516047 -0.000000 2196.610169
-35867445.796409 -0.000000 2208.813559
-17235886.904244 -0.000000 2221.016949
-81953909.796736 -0.000000 2233.220339
-480208130.739331 -0.000000 2245.423729
4643954.869679 0.000000 2257.627119
9182072.378268 0.000000 2269.830508
9085974.095323 0.000000 2282.033898
6723560.782786 0.000000 2294.237288
3344123.755332 0.000000 2306.440678
643848.505987 0.000000 2318.644068
-652790.795745 -0.000000 2330.847458
-644310.028336 -0.000000 2343.050847
173536.719042 0.000000 2355.254237
1388411.360062 0.000000 2367.457627
2686119.655238 0.000000 2379.661017
3926311.186639 0.000000 2391.864407
5026157.705780 0.000000 2404.067797
5987218.150030 0.000000 2416.271186
6810730.733033 0.000000 2428.474576
7528393.174129 0.000000 2440.677966
8152158.419291 0.000000 2452.881356
8706907.410052 0.000000 2465.084746
9198328.306651 0.000000 2477.288136
9642289.417779 0.000000 2489.491525
10039442.569072 0.000000 2501.694915
10401188.182925 0.000000 2513.898305
10725898.141955 0.000000 2526.101695
11023502.110016 0.000000 2538.305085
11290864.599780 0.000000 2550.508475
11536237.112911 0.000000 2562.711864
11751684.771112 0.000000 2574.915254
11938444.257104 0.000000 2587.118644
12083983.168697 0.000000 2599.322034
12202550.845740 0.000000 2611.525424
12315614.301281 0.000000 2623.728814
12456709.527880 0.000000 2635.932203
12613499.895069 0.000000 2648.135593
12761660.657059 0.000000 2660.338983
12878798.595056 0.000000 2672.542373
12971889.008437 0.000000 2684.745763
13047820.384595 0.000000 2696.949153
13116571.084839 0.000000 2709.152542
13181020.594314 0.000000 2721.355932
13243077.102784 0.000000 2733.559322
13301761.177145 0.000000 2745.762712
13347890.637148 0.000000 2757.966102
13369774.536802 0.000000 2770.169492
13354036.528164 0.000000 2782.372881
13319000.620271 0.000000 2794.576271
13297303.409534 0.000000 2806.779661
13300158.033687 0.000000 2818.983051
13261604.898943 0.000000 2831.186441
13080781.165135 0.000000 2843.389831
12655690.625298 0.000000 2855.593220
11889601.757357 0.000000 2867.796610
10666049.683562 0.000000 2880.000000
8752437.361922 0.000000 2892.203390
5883278.558567 0.000000 2904.406780
2314447.053338 0.000000 2916.610169
325374.557456 0.000000 2928.813559
4367670.302698 0.000000 2941.016949
17728789.404217 0.000000 2953.220339
29408320.749307 0.000000 2965.423729
30191365.737729 0.000000 2977.627119
30216538.997923 0.000000 2989.830508
30792338.511787 0.000000 3002.033898
30990761.132966 0.000000 3014.237288
31086102.353377 0.000000 3026.440678
30858130.712355 0.000000 3038.644068
30326108.536315 0.000000 3050.847458
30112753.525147 0.000000 3063.050847
29802346.283554 0.000000 3075.254237
29429504.057462 0.000000 3087.457627
29135271.823683 0.000000 3099.661017
28852374.375716 0.000000 3111.864407
28645182.719742 0.000000 3124.067797
28481827.112483 0.000000 3136.271186
28358529.260324 0.000000 3148.474576
28264285.867594 0.000000 3160.677966
28194005.140996 0.000000 3172.881356
28130466.522704 0.000000 3185.084746
28074245.730161 0.000000 3197.288136
28033468.513727 0.000000 3209.491525
28035293.164033 0.000000 3221.694915
28123286.976382 0.000000 3233.898305
28410148.062581 0.000000 3246.101695
28875204.131458 0.000000 3258.305085
28807000.941168 0.000000 3270.508475
29239199.025207 0.000000 3282.711864
31956314.750271 0.000000 3294.915254
34122419.169872 0.000000 3307.118644
33739004.376498 0.000000 3319.322034
32061615.851919 0.000000 3331.525424
30431219.834603 0.000000 3343.728814
27004029.529697 0.000000 3355.932203
27610452.864203 0.000000 3368.135593
5882540.409888 0.000000 3380.338983
11985535.820751 0.000000 3392.542373
24815.293383 0.000000 3404.745763
42888.681580 0.000000 3416.949153
60663.445073 0.000000 3429.152542
77453.274152 0.000000 3441.355932
93082.759694 0.000000 3453.559322
107138.578448 0.000000 3465.762712
119508.566841 0.000000 3477.966102
130113.775553 0.000000 3490.169492
139029.659468 0.000000 3502.372881
146368.620394 0.000000 3514.576271
152301.633350 0.000000 3526.779661
156998.084395 0.000000 3538.983051
160630.801653 0.000000 3551.186441
163347.202664 0.000000 3563.389831
165273.970585 0.000000 3575.593220
166504.844725 0.000000 3587.796610
167104.451552 0.000000 3600.000000
