11935.407196 0.000000 0.000000
11945.086607 0.000000 12.203390
11964.596058 0.000000 24.406780
11993.672042 0.000000 36.610169
12032.457604 0.000000 48.813559
12080.933256 0.000000 61.016949
12139.115768 0.000000 73.220339
12207.014572 0.000000 85.423729
12284.645102 0.000000 97.627119
12372.033149 0.000000 109.830508
12469.205784 0.000000 122.033898
12576.209591 0.000000 134.237288
12693.091307 0.000000 146.440678
12819.923807 0.000000 158.644068
12956.779475 0.000000 170.847458
13103.763455 0.000000 183.050847
13260.978937 0.000000 195.254237
13428.568443 0.000000 207.457627
13606.669949 0.000000 219.661017
13795.466936 0.000000 231.864407
13995.134536 0.000000 244.067797
14205.899819 0.000000 256.271186
14427.975916 0.000000 268.474576
14661.634598 0.000000 280.677966
14907.127432 0.000000 292.881356
15164.771126 0.000000 305.084746
15434.854264 0.000000 317.288136
15717.739124 0.000000 329.491525
16013.750396 0.000000 341.694915
16323.296141 0.000000 353.898305
16646.737484 0.000000 366.101695
16984.529851 0.000000 378.305085
17337.071095 0.000000 390.508475
17704.868079 0.000000 402.711864
18088.358608 0.000000 414.915254
18488.105787 0.000000 427.118644
18904.593404 0.000000 439.322034
19338.449942 0.000000 451.525424
19790.212089 0.000000 463.728814
20260.585651 0.000000 475.932203
20750.171453 0.000000 488.135593
21259.765832 0.000000 500.338983
21790.047627 0.000000 512.542373
22341.921174 0.000000 524.745763
22916.157553 0.000000 536.949153
23513.788377 0.000000 549.152542
24135.694482 0.000000 561.355932
24783.054074 0.000000 573.559322
25456.875660 0.000000 585.762712
26158.506432 0.000000 597.966102
26889.100206 0.000000 610.169492
27650.194338 0.000000 622.372881
28443.106875 0.000000 634.576271
29269.587379 0.000000 646.779661
30131.136041 0.000000 658.983051
31029.737579 0.000000 671.186441
31967.092172 0.000000 683.389831
32945.441780 0.000000 695.593220
33966.705540 0.000000 707.796610
35033.406586 0.000000 720.000000
36147.701978 0.000000 732.203390
37312.420866 0.000000 744.406780
38529.978310 0.000000 756.610169
39803.535925 0.000000 768.813559
41135.789260 0.000000 781.016949
42530.261102 0.000000 793.220339
43989.950755 0.000000 805.423729
45518.773796 0.000000 817.627119
47120.059884 0.000000 829.830508
48798.149932 0.000000 842.033898
50556.732271 0.000000 854.237288
52400.609570 0.000000 866.440678
54333.859057 0.000000 878.644068
56361.783611 0.000000 890.847458
58488.881840 0.000000 903.050847
60720.996331 0.000000 915.254237
63063.081630 0.000000 927.457627
65521.560656 0.000000 939.661017
68101.880257 0.000000 951.864407
70811.085703 0.000000 964.067797
73655.153378 0.000000 976.271186
76641.791881 0.000000 988.474576
79777.543912 0.000000 1000.677966
83070.821046 0.000000 1012.881356
86528.770480 0.000000 1025.084746
90160.542048 0.000000 1037.288136
93973.922780 0.000000 1049.491525
97978.830257 0.000000 1061.694915
102183.723891 0.000000 1073.898305
106599.309325 0.000000 1086.101695
111234.746599 0.000000 1098.305085
116101.536754 0.000000 1110.508475
121209.561055 0.000000 1122.711864
126571.105760 0.000000 1134.915254
132196.786315 0.000000 1147.118644
138099.641210 0.000000 1159.322034
144291.020809 0.000000 1171.525424
150784.656105 0.000000 1183.728814
157592.620520 0.000000 1195.932203
164729.243154 0.000000 1208.135593
172207.294999 0.000000 1220.338983
180041.566530 0.000000 1232.542373
188245.485674 0.000000 1244.745763
196834.120900 0.000000 1256.949153
205821.499142 0.000000 1269.152542
215222.723902 0.000000 1281.355932
225052.343474 0.000000 1293.559322
235325.184448 0.000000 1305.762712
246056.215766 0.000000 1317.966102
257259.584746 0.000000 1330.169492
268950.542250 0.000000 1342.372881
281142.040607 0.000000 1354.576271
293849.409483 0.000000 1366.779661
307083.722693 0.000000 1378.983051
320860.068378 0.000000 1391.186441
335186.714627 0.000000 1403.389831
350077.961659 0.000000 1415.593220
365537.938472 0.000000 1427.796610
381579.182324 0.000000 1440.000000
398199.667123 0.000000 1452.203390
415408.376271 0.000000 1464.406780
433193.905588 0.000000 1476.610169
451558.365838 0.000000 1488.813559
470475.555424 0.000000 1501.016949
489934.517231 0.000000 1513.220339
509884.799968 0.000000 1525.423729
530290.791722 0.000000 1537.627119
551060.809970 0.000000 1549.830508
572112.864743 0.000000 1562.033898
593282.950601 0.000000 1574.237288
614401.951018 0.000000 1586.440678
635176.135198 0.000000 1598.644068
655273.307103 0.000000 1610.847458
674164.923334 0.000000 1623.050847
691218.000710 0.000000 1635.254237
705485.645898 0.000000 1647.457627
715805.512919 0.000000 1659.661017
720538.894155 0.000000 1671.864407
717716.649600 0.000000 1684.067797
704819.343536 0.000000 1696.271186
679179.967724 0.000000 1708.474576
638174.403493 0.000000 1720.677966
580331.187953 0.000000 1732.881356
506394.507251 0.000000 1745.084746
420995.114461 0.000000 1757.288136
336234.165954 0.000000 1769.491525
287833.549918 0.000000 1781.694915
618082.787027 0.000000 1793.898305
9429603.470740 0.000000 1806.101695
66777082.855117 0.000000 1818.305085
39568852.781780 0.000000 1830.508475
-15788072.495179 -0.000000 1842.711864
-1163006.162178 -0.000000 1854.915254
2959459.618364 0.000000 1867.118644
-742303051.635019 -0.000000 1879.322034
-30382782.048817 -0.000000 1891.525424
-15469406.876446 -0.000000 1903.728814
-13052998.445496 -0.000000 1915.932203
-11957254.622916 -0.000000 1928.135593
-12202616.641537 -0.000000 1940.338983
-12947452.891474 -0.000000 1952.542373
-14244318.921135 -0.000000 1964.745763
-15957782.761230 -0.000000 1976.949153
-17849908.675987 -0.000000 1989.152542
-19789944.732787 -0.000000 2001.355932
-21582077.182949 -0.000000 2013.559322
-23205340.872005 -0.000000 2025.762712
-24757446.900538 -0.000000 2037.966102
-26336473.557812 -0.000000 2050.169492
-28104989.218686 -0.000000 2062.372881
-28399656.358071 -0.000000 2074.576271
-24885552.901095 -0.000000 2086.779661
-14331840.283157 -0.000000 2098.983051
-8527074.617998 -0.000000 2111.186441
-11399679.149823 -0.000000 2123.389831
1105358.452453 0.000000 2135.593220
7582507.599324 0.000000 2147.796610
5367842.395457 0.000000 2160.000000
5908391.742955 0.000000 2172.203390
13323564.842945 0.000000 2184.406780
96775880.602368 0.000000 2196.610169
56650619.708352 0.000000 2208.813559
11021670.748738 0.000000 2221.016949
12334735.596801 0.000000 2233.220339
10806819.344635 0.000000 2245.423729
8423428.938183 0.000000 2257.627119
5864436.587897 0.000000 2269.830508
4196682.932947 0.000000 2282.033898
3651118.582811 0.000000 2294.237288
3930200.473503 0.000000 2306.440678
4676339.142761 0.000000 2318.644068
5611724.671534 0.000000 2330.847458
6566160.143490 0.000000 2343.050847
7465317.828272 0.000000 2355.254237
8286007.024015 0.000000 2367.457627
9002379.445109 0.000000 2379.661017
9589614.351339 0.000000 2391.864407
10052467.926063 0.000000 2404.067797
10428903.396720 0.000000 2416.271186
10765589.733734 0.000000 2428.474576
11096199.435030 0.000000 2440.677966
11433095.335673 0.000000 2452.881356
11750162.366180 0.000000 2465.084746
12017801.894229 0.000000 2477.288136
12226901.665397 0.000000 2489.491525
12392404.621236 0.000000 2501.694915
12528726.694130 0.000000 2513.898305
12646365.459949 0.000000 2526.101695
12749543.541766 0.000000 2538.305085
12840903.237443 0.000000 2550.508475
12922452.546346 0.000000 2562.711864
12995098.717226 0.000000 2574.915254
13060163.147245 0.000000 2587.118644
13115399.619400 0.000000 2599.322034
13156542.044369 0.000000 2611.525424
13174681.315400 0.000000 2623.728814
13170009.786410 0.000000 2635.932203
13162202.992458 0.000000 2648.135593
13185200.735413 0.000000 2660.338983
13246447.397223 0.000000 2672.542373
13318710.901460 0.000000 2684.745763
13368460.358700 0.000000 2696.949153
13379631.972200 0.000000 2709.152542
13350570.428720 0.000000 2721.355932
13300652.772719 0.000000 2733.559322
13265266.103904 0.000000 2745.762712
13269681.096655 0.000000 2757.966102
13285264.504671 0.000000 2770.169492
13232599.731690 0.000000 2782.372881
13001398.113586 0.000000 2794.576271
12517184.391896 0.000000 2806.779661
11722343.315140 0.000000 2818.983051
10550201.731521 0.000000 2831.186441
8750970.423126 0.000000 2843.389831
6020825.238671 0.000000 2855.593220
2432126.672471 0.000000 2867.796610
-48113.255790 -0.000000 2880.000000
1841614.042894 0.000000 2892.203390
13484071.223551 0.000000 2904.406780
27270767.923325 0.000000 2916.610169
29805992.432729 0.000000 2928.813559
29802652.965890 0.000000 2941.016949
30272886.441741 0.000000 2953.220339
30530067.206860 0.000000 2965.423729
30671432.844834 0.000000 2977.627119
30569273.922961 0.000000 2989.830508
30036798.068795 0.000000 3002.033898
29791650.774914 0.000000 3014.237288
29602528.337110 0.000000 3026.440678
29248599.629016 0.000000 3038.644068
28957397.799162 0.000000 3050.847458
28684186.888467 0.000000 3063.050847
28474366.402579 0.000000 3075.254237
28322302.177055 0.000000 3087.457627
28197487.231586 0.000000 3099.661017
28077906.016355 0.000000 3111.864407
27960074.562023 0.000000 3124.067797
27849548.426643 0.000000 3136.271186
27765747.079966 0.000000 3148.474576
27716317.516140 0.000000 3160.677966
27719503.037660 0.000000 3172.881356
27782715.996774 0.000000 3185.084746
27982666.183428 0.000000 3197.288136
28384800.595018 0.000000 3209.491525
28573678.018108 0.000000 3221.694915
28570847.250432 0.000000 3233.898305
30502257.793797 0.000000 3246.101695
33080450.462162 0.000000 3258.305085
33588055.590749 0.000000 3270.508475
32274342.076909 0.000000 3282.711864
30041748.539402 0.000000 3294.915254
27527672.353611 0.000000 3307.118644
27310894.943037 0.000000 3319.322034
14438447.706054 0.000000 3331.525424
-5524370.032213 -0.000000 3343.728814
286940.698676 0.000000 3355.932203
21179.835685 0.000000 3368.135593
36403.649244 0.000000 3380.338983
50652.532869 0.000000 3392.542373
63747.009117 0.000000 3404.745763
75530.302307 0.000000 3416.949153
85851.758864 0.000000 3429.152542
94478.653050 0.000000 3441.355932
101680.052816 0.000000 3453.559322
107465.039153 0.000000 3465.762712
112109.260449 0.000000 3477.966102
115730.599342 0.000000 3490.169492
118545.140722 0.000000 3502.372881
120680.047636 0.000000 3514.576271
122288.569707 0.000000 3526.779661
123471.547222 0.000000 3538.983051
124329.846524 0.000000 3551.186441
124931.700088 0.000000 3563.389831
125337.207393 0.000000 3575.593220
125584.730906 0.000000 3587.796610
125702.387355 0.000000 3600.000000
