1424826.204079 0.000000 0.000000
1394207.617619 0.000000 12.203390
1330900.866104 0.000000 24.406780
1231341.370837 0.000000 36.610169
1091691.711681 0.000000 48.813559
909713.153625 0.000000 61.016949
686810.565026 0.000000 73.220339
429153.304627 0.000000 85.423729
497778505.792272 0.000000 97.627119
-1524726.322945 -0.000000 109.830508
-7605145.984423 -0.000000 122.033898
-12656379.866246 -0.000000 134.237288
-13486825.221238 -0.000000 146.440678
-13119129.046673 -0.000000 158.644068
-12986468.554977 -0.000000 170.847458
-12950625.992284 -0.000000 183.050847
-12928467.449156 -0.000000 195.254237
-12869956.934450 -0.000000 207.457627
-12766603.486936 -0.000000 219.661017
-12670753.338962 -0.000000 231.864407
-12637082.008170 -0.000000 244.067797
-12707320.191715 -0.000000 256.271186
-12779540.266599 -0.000000 268.474576
-12801885.567486 -0.000000 280.677966
-12809965.501498 -0.000000 292.881356
-12810448.708742 -0.000000 305.084746
-12809521.820961 -0.000000 317.288136
-12805904.170480 -0.000000 329.491525
-12803875.235828 -0.000000 341.694915
-12800488.112553 -0.000000 353.898305
-12799378.398394 -0.000000 366.101695
-12797400.813976 -0.000000 378.305085
-12797371.477207 -0.000000 390.508475
-12796442.547438 -0.000000 402.711864
-12796879.917368 -0.000000 414.915254
-12795633.816446 -0.000000 427.118644
-12790639.695120 -0.000000 439.322034
-12776742.609889 -0.000000 451.525424
-12759201.094066 -0.000000 463.728814
-12743432.400435 -0.000000 475.932203
-12728063.723784 -0.000000 488.135593
-12711754.697614 -0.000000 500.338983
-12695382.702845 -0.000000 512.542373
-12678503.820373 -0.000000 524.745763
-12661173.892584 -0.000000 536.949153
-12643084.346897 -0.000000 549.152542
-12624702.381496 -0.000000 561.355932
-12606161.471274 -0.000000 573.559322
-12586901.898165 -0.000000 585.762712
-12568197.487769 -0.000000 597.966102
-12534597.411457 -0.000000 610.169492
-12474703.832876 -0.000000 622.372881
-12415996.846174 -0.000000 634.576271
-12362468.942339 -0.000000 646.779661
-12302706.794275 -0.000000 658.983051
-12241852.510072 -0.000000 671.186441
-12179571.193196 -0.000000 683.389831
-12116548.099596 -0.000000 695.593220
-12052815.335999 -0.000000 707.796610
-11988642.614702 -0.000000 720.000000
-11924126.773772 -0.000000 732.203390
-11859377.450046 -0.000000 744.406780
-11794437.871840 -0.000000 756.610169
-11729210.068166 -0.000000 768.813559
-11663595.883920 -0.000000 781.016949
-11597184.335139 -0.000000 793.220339
-11529718.179369 -0.000000 805.423729
-11460800.488580 -0.000000 817.627119
-11391110.721999 -0.000000 829.830508
-11322283.454931 -0.000000 842.033898
-11257469.880707 -0.000000 854.237288
-11198741.448539 -0.000000 866.440678
-11144621.702036 -0.000000 878.644068
-11089688.865143 -0.000000 890.847458
-11027963.307907 -0.000000 903.050847
-10953323.336068 -0.000000 915.254237
-10857344.908438 -0.000000 927.457627
-10749247.401732 -0.000000 939.661017
-10673457.958674 -0.000000 951.864407
-10635554.326253 -0.000000 964.067797
-10594521.701696 -0.000000 976.271186
-10537016.332818 -0.000000 988.474576
-10472430.227512 -0.000000 1000.677966
-10405885.693074 -0.000000 1012.881356
-10338960.942641 -0.000000 1025.084746
-10271674.237296 -0.000000 1037.288136
-10204618.198304 -0.000000 1049.491525
-10137716.649370 -0.000000 1061.694915
-10071018.665892 -0.000000 1073.898305
-10004487.421246 -0.000000 1086.101695
-9938035.627527 -0.000000 1098.305085
-9871685.631754 -0.000000 1110.508475
-9805335.801344 -0.000000 1122.711864
-9739047.606937 -0.000000 1134.915254
-9672724.492861 -0.000000 1147.118644
-9606448.366377 -0.000000 1159.322034
-9540125.295904 -0.000000 1171.525424
-9473847.001034 -0.000000 1183.728814
-9407518.516557 -0.000000 1195.932203
-9341236.287772 -0.000000 1208.135593
-9274902.334070 -0.000000 1220.338983
-9208615.321878 -0.000000 1232.542373
-9142273.447423 -0.000000 1244.745763
-9075976.572523 -0.000000 1256.949153
-9009620.292007 -0.000000 1269.152542
-8943308.908624 -0.000000 1281.355932
-8876945.572964 -0.000000 1293.559322
-8810660.057401 -0.000000 1305.762712
-8744407.255719 -0.000000 1317.966102
-8678424.515754 -0.000000 1330.169492
-8612869.635627 -0.000000 1342.372881
-8548346.901980 -0.000000 1354.576271
-8485655.652379 -0.000000 1366.779661
-8426466.009029 -0.000000 1378.983051
-8373312.917593 -0.000000 1391.186441
-8330528.845982 -0.000000 1403.389831
-8304653.836190 -0.000000 1415.593220
-8305541.554038 -0.000000 1427.796610
-8347113.788516 -0.000000 1440.000000
-8447365.764317 -0.000000 1452.203390
-8628319.306555 -0.000000 1464.406780
-8909592.476460 -0.000000 1476.610169
-9307863.006107 -0.000000 1488.813559
-9814885.308696 -0.000000 1501.016949
-10436421.041582 -0.000000 1513.220339
-11123615.922911 -0.000000 1525.423729
-11890139.003391 -0.000000 1537.627119
-8477953.270426 -0.000000 1549.830508
-803187.927807 -0.000000 1562.033898
2611229.698077 0.000000 1574.237288
1850112.628198 0.000000 1586.440678
1173533.729080 0.000000 1598.644068
571487.364633 0.000000 1610.847458
98567.924296 0.000000 1623.050847
-242075.684880 -0.000000 1635.254237
-429687.186714 -0.000000 1647.457627
-463708.477334 -0.000000 1659.661017
-343331.629844 -0.000000 1671.864407
-68319.121218 -0.000000 1684.067797
358870.091671 0.000000 1696.271186
929828.470765 0.000000 1708.474576
1621309.832592 0.000000 1720.677966
2423371.008182 0.000000 1732.881356
3272604.562327 0.000000 1745.084746
2083519.393179 0.000000 1757.288136
-5194117.316397 -0.000000 1769.491525
-10576224.723607 -0.000000 1781.694915
-9904303.502928 -0.000000 1793.898305
-9082426.523309 -0.000000 1806.101695
-8296163.990310 -0.000000 1818.305085
-7632468.024900 -0.000000 1830.508475
-7070882.453763 -0.000000 1842.711864
-6629190.509800 -0.000000 1854.915254
-6289207.554324 -0.000000 1867.118644
-6030460.538107 -0.000000 1879.322034
-5827750.902222 -0.000000 1891.525424
-5658077.807738 -0.000000 1903.728814
-5502560.904611 -0.000000 1915.932203
-5340912.929316 -0.000000 1928.135593
-5154294.457067 -0.000000 1940.338983
-4915281.240045 -0.000000 1952.542373
-4592140.782298 -0.000000 1964.745763
-4135358.103219 -0.000000 1976.949153
-3482665.254594 -0.000000 1989.152542
-2545438.294426 -0.000000 2001.355932
-1216597.364434 -0.000000 2013.559322
618536.538678 0.000000 2025.762712
3077229.287770 0.000000 2037.966102
6055212.925004 0.000000 2050.169492
9523039.972135 0.000000 2062.372881
12586778.553821 0.000000 2074.576271
13723898.948035 0.000000 2086.779661
12326284.642502 0.000000 2098.983051
3135749.045692 0.000000 2111.186441
-11235244.676867 -0.000000 2123.389831
-18663272.456573 -0.000000 2135.593220
-19720495.756619 -0.000000 2147.796610
-38962697.851854 -0.000000 2160.000000
-23122605.217476 -0.000000 2172.203390
-16497813.811934 -0.000000 2184.406780
-14157661.844956 -0.000000 2196.610169
-14595016.306541 -0.000000 2208.813559
-15360514.026635 -0.000000 2221.016949
-14573935.203722 -0.000000 2233.220339
-14140417.234195 -0.000000 2245.423729
-14552949.728367 -0.000000 2257.627119
-14995983.294349 -0.000000 2269.830508
-15193345.276454 -0.000000 2282.033898
-15264751.437588 -0.000000 2294.237288
-15232900.874897 -0.000000 2306.440678
-15202218.466308 -0.000000 2318.644068
-15385976.873417 -0.000000 2330.847458
-15973891.772296 -0.000000 2343.050847
-17203925.776550 -0.000000 2355.254237
-19392957.077299 -0.000000 2367.457627
-23164312.862053 -0.000000 2379.661017
-30063305.646695 -0.000000 2391.864407
-37619217.216473 -0.000000 2404.067797
-15498941.421967 -0.000000 2416.271186
-7179421.193233 -0.000000 2428.474576
-3095585.939276 -0.000000 2440.677966
911108.412138 0.000000 2452.881356
3770457.682986 0.000000 2465.084746
5730510.119200 0.000000 2477.288136
7143184.276562 0.000000 2489.491525
8260987.676061 0.000000 2501.694915
9234084.814680 0.000000 2513.898305
10131157.117055 0.000000 2526.101695
10981780.020562 0.000000 2538.305085
11786368.499428 0.000000 2550.508475
12539901.109044 0.000000 2562.711864
13230010.408444 0.000000 2574.915254
13849739.696954 0.000000 2587.118644
14390390.613387 0.000000 2599.322034
14845111.845479 0.000000 2611.525424
15173921.679669 0.000000 2623.728814
15386668.017785 0.000000 2635.932203
15502963.876527 0.000000 2648.135593
15536469.559007 0.000000 2660.338983
15548886.119083 0.000000 2672.542373
15545968.600173 0.000000 2684.745763
15548861.460439 0.000000 2696.949153
15557426.255132 0.000000 2709.152542
15556123.501746 0.000000 2721.355932
15560893.125010 0.000000 2733.559322
15564960.584385 0.000000 2745.762712
15565846.644276 0.000000 2757.966102
15566490.710577 0.000000 2770.169492
15565229.303692 0.000000 2782.372881
15562168.030264 0.000000 2794.576271
15556083.488788 0.000000 2806.779661
15547012.308538 0.000000 2818.983051
15536391.834650 0.000000 2831.186441
15523997.393248 0.000000 2843.389831
15515608.798177 0.000000 2855.593220
15514623.474787 0.000000 2867.796610
15526043.228732 0.000000 2880.000000
15544121.358328 0.000000 2892.203390
15567878.148723 0.000000 2904.406780
15588748.197135 0.000000 2916.610169
15610800.754638 0.000000 2928.813559
15625211.623540 0.000000 2941.016949
15619863.299854 0.000000 2953.220339
15622456.347766 0.000000 2965.423729
15703972.856444 0.000000 2977.627119
15792402.009596 0.000000 2989.830508
15244252.721039 0.000000 3002.033898
12911002.385168 0.000000 3014.237288
8003751.971879 0.000000 3026.440678
2348543.012554 0.000000 3038.644068
-578746.292426 -0.000000 3050.847458
8804292.380357 0.000000 3063.050847
26910869.812025 0.000000 3075.254237
30992755.227261 0.000000 3087.457627
30327230.427735 0.000000 3099.661017
30706643.332532 0.000000 3111.864407
31414976.105034 0.000000 3124.067797
31783730.077555 0.000000 3136.271186
31616023.226783 0.000000 3148.474576
31263063.536929 0.000000 3160.677966
30709327.832260 0.000000 3172.881356
30489223.699180 0.000000 3185.084746
30384697.971427 0.000000 3197.288136
30050327.644760 0.000000 3209.491525
29795310.634265 0.000000 3221.694915
29567233.233192 0.000000 3233.898305
29374247.270596 0.000000 3246.101695
29225103.209280 0.000000 3258.305085
29092534.614250 0.000000 3270.508475
28963036.515608 0.000000 3282.711864
28829471.789357 0.000000 3294.915254
28689434.689856 0.000000 3307.118644
28549796.061287 0.000000 3319.322034
28424257.994466 0.000000 3331.525424
28348610.433928 0.000000 3343.728814
28377605.125506 0.000000 3355.932203
28665890.257089 0.000000 3368.135593
29013349.433219 0.000000 3380.338983
28504260.525290 0.000000 3392.542373
29899441.256193 0.000000 3404.745763
34021308.548847 0.000000 3416.949153
35712916.952419 0.000000 3429.152542
34210888.524223 0.000000 3441.355932
32209564.036829 0.000000 3453.559322
29984057.773295 0.000000 3465.762712
29577739.395027 0.000000 3477.966102
17701712.556587 0.000000 3490.169492
1042745.446038 0.000000 3502.372881
7123172.916347 0.000000 3514.576271
250232.896934 0.000000 3526.779661
393035.965748 0.000000 3538.983051
513073.249662 0.000000 3551.186441
609734.306778 0.000000 3563.389831
682834.061932 0.000000 3575.593220
731774.027367 0.000000 3587.796610
756331.976179 0.000000 3600.000000
