95188.509930 0.000000 0.000000
95574.804868 0.000000 12.203390
96347.906043 0.000000 24.406780
97510.299725 0.000000 36.610169
99063.693819 0.000000 48.813559
101012.794462 0.000000 61.016949
103360.580517 0.000000 73.220339
106114.125337 0.000000 85.423729
109277.625673 0.000000 97.627119
112860.569838 0.000000 109.830508
116868.385923 0.000000 122.033898
121313.026111 0.000000 134.237288
126201.175025 0.000000 146.440678
131547.301742 0.000000 158.644068
137359.378690 0.000000 170.847458
143654.443829 0.000000 183.050847
150441.794621 0.000000 195.254237
157741.078889 0.000000 207.457627
165562.955014 0.000000 219.661017
173929.692544 0.000000 231.864407
182853.334204 0.000000 244.067797
192358.725857 0.000000 256.271186
202459.278764 0.000000 268.474576
213182.265021 0.000000 280.677966
224542.358693 0.000000 292.881356
236568.922151 0.000000 305.084746
249277.604522 0.000000 317.288136
262699.197179 0.000000 329.491525
276849.679280 0.000000 341.694915
291760.048969 0.000000 353.898305
307445.303421 0.000000 366.101695
323934.434645 0.000000 378.305085
341238.905645 0.000000 390.508475
359381.746682 0.000000 402.711864
378366.052424 0.000000 414.915254
398201.803906 0.000000 427.118644
418874.705719 0.000000 439.322034
440368.907192 0.000000 451.525424
462635.963376 0.000000 463.728814
485610.940796 0.000000 475.932203
509180.137813 0.000000 488.135593
533186.867313 0.000000 500.338983
557394.501725 0.000000 512.542373
581476.119686 0.000000 524.745763
604966.135902 0.000000 536.949153
627225.094396 0.000000 549.152542
647369.781515 0.000000 561.355932
664204.443905 0.000000 573.559322
676125.549451 0.000000 585.762712
681035.001776 0.000000 597.966102
676275.763833 0.000000 610.169492
658670.954986 0.000000 622.372881
624775.464712 0.000000 634.576271
571509.459221 0.000000 646.779661
497299.483207 0.000000 658.983051
403668.254588 0.000000 671.186441
296783.684526 0.000000 683.389831
188014.064791 0.000000 695.593220
92423.761743 0.000000 707.796610
180359344.659309 0.000000 720.000000
-3865618.082752 -0.000000 732.203390
-11302566.553093 -0.000000 744.406780
-13661736.147688 -0.000000 756.610169
-13226802.090296 -0.000000 768.813559
-12993849.155943 -0.000000 781.016949
-12915783.297094 -0.000000 793.220339
-12926883.593444 -0.000000 805.423729
-12923359.018034 -0.000000 817.627119
-12845431.644484 -0.000000 829.830508
-12716534.363655 -0.000000 842.033898
-12616360.360897 -0.000000 854.237288
-12644099.694144 -0.000000 866.440678
-12741900.716311 -0.000000 878.644068
-12792193.799201 -0.000000 890.847458
-12802840.347768 -0.000000 903.050847
-12806721.314473 -0.000000 915.254237
-12800910.951745 -0.000000 927.457627
-12794300.835546 -0.000000 939.661017
-12779220.600518 -0.000000 951.864407
-12751704.415632 -0.000000 964.067797
-12717267.090558 -0.000000 976.271186
-12676455.864685 -0.000000 988.474576
-12631286.731197 -0.000000 1000.677966
-12569140.631399 -0.000000 1012.881356
-12485473.723781 -0.000000 1025.084746
-12388698.925436 -0.000000 1037.288136
-12268984.084366 -0.000000 1049.491525
-12138156.018220 -0.000000 1061.694915
-12004655.443168 -0.000000 1073.898305
-11868286.458561 -0.000000 1086.101695
-11727692.010423 -0.000000 1098.305085
-11583102.032148 -0.000000 1110.508475
-11432367.261327 -0.000000 1122.711864
-11277266.029490 -0.000000 1134.915254
-11120137.872991 -0.000000 1147.118644
-10969361.111607 -0.000000 1159.322034
-10833476.686207 -0.000000 1171.525424
-10717378.676959 -0.000000 1183.728814
-10614392.628916 -0.000000 1195.932203
-10504965.221353 -0.000000 1208.135593
-10372506.472205 -0.000000 1220.338983
-10214917.362600 -0.000000 1232.542373
-10048901.395670 -0.000000 1244.745763
-9884720.565795 -0.000000 1256.949153
-9728923.826355 -0.000000 1269.152542
-9577366.839352 -0.000000 1281.355932
-9430938.363346 -0.000000 1293.559322
-9285437.623208 -0.000000 1305.762712
-9142647.472544 -0.000000 1317.966102
-8999576.619092 -0.000000 1330.169492
-8858006.862420 -0.000000 1342.372881
-8715846.866046 -0.000000 1354.576271
-8574551.018148 -0.000000 1366.779661
-8432736.929998 -0.000000 1378.983051
-8291457.865053 -0.000000 1391.186441
-8149837.523071 -0.000000 1403.389831
-8008612.454934 -0.000000 1415.593220
-7867228.064209 -0.000000 1427.796610
-7726227.217834 -0.000000 1440.000000
-7585223.451345 -0.000000 1452.203390
-7444667.533771 -0.000000 1464.406780
-7304219.783455 -0.000000 1476.610169
-7164286.630733 -0.000000 1488.813559
-7024457.560584 -0.000000 1501.016949
-6885056.444997 -0.000000 1513.220339
-6745427.076793 -0.000000 1525.423729
-6605628.607749 -0.000000 1537.627119
-6464475.224325 -0.000000 1549.830508
-6321625.560021 -0.000000 1562.033898
-6175848.952590 -0.000000 1574.237288
-6028392.590885 -0.000000 1586.440678
-5881787.170718 -0.000000 1598.644068
-5742339.918917 -0.000000 1610.847458
-5614053.170619 -0.000000 1623.050847
-5496243.658203 -0.000000 1635.254237
-5379468.585056 -0.000000 1647.457627
-5254736.971820 -0.000000 1659.661017
-5117898.720002 -0.000000 1671.864407
-4973428.489576 -0.000000 1684.067797
-4826611.172011 -0.000000 1696.271186
-4682060.054335 -0.000000 1708.474576
-4539968.236303 -0.000000 1720.677966
-4399587.315329 -0.000000 1732.881356
-4258161.244041 -0.000000 1745.084746
-4113135.538757 -0.000000 1757.288136
-3960770.438606 -0.000000 1769.491525
-3796123.352370 -0.000000 1781.694915
-3612514.537006 -0.000000 1793.898305
-3398860.077544 -0.000000 1806.101695
-3140633.770778 -0.000000 1818.305085
-2812903.240404 -0.000000 1830.508475
-2383043.241490 -0.000000 1842.711864
-1797477.996898 -0.000000 1854.915254
-986934.303309 -0.000000 1867.118644
150074.995123 0.000000 1879.322034
1730766.767068 0.000000 1891.525424
3884214.145203 0.000000 1903.728814
6602043.920734 0.000000 1915.932203
10323241.176945 0.000000 1928.135593
13309957.650228 0.000000 1940.338983
13438480.860852 0.000000 1952.542373
13667195.757101 0.000000 1964.745763
12958714.036278 0.000000 1976.949153
1893112.818250 0.000000 1989.152542
-12558169.947771 -0.000000 2001.355932
-18155438.803220 -0.000000 2013.559322
-54511253.111351 -0.000000 2025.762712
-29865303.502225 -0.000000 2037.966102
-17894041.712724 -0.000000 2050.169492
-14485381.746324 -0.000000 2062.372881
-13590575.726301 -0.000000 2074.576271
-14713907.527693 -0.000000 2086.779661
-17079679.326652 -0.000000 2098.983051
-19308051.130206 -0.000000 2111.186441
-21072337.003917 -0.000000 2123.389831
-22383434.733995 -0.000000 2135.593220
-23267552.211802 -0.000000 2147.796610
-23640956.688923 -0.000000 2160.000000
-23593006.110298 -0.000000 2172.203390
-21463615.246491 -0.000000 2184.406780
-34412859.283251 -0.000000 2196.610169
-1943973559.273713 -0.000000 2208.813559
-3312586.211446 -0.000000 2221.016949
5412391.026841 0.000000 2233.220339
8998967.971533 0.000000 2245.423729
10571280.457458 0.000000 2257.627119
10325287.184860 0.000000 2269.830508
8197288.836570 0.000000 2282.033898
5581809.027711 0.000000 2294.237288
3565778.886278 0.000000 2306.440678
2637682.967906 0.000000 2318.644068
2724179.974490 0.000000 2330.847458
3442532.003824 0.000000 2343.050847
4440363.492909 0.000000 2355.254237
5471413.073558 0.000000 2367.457627
6440272.414226 0.000000 2379.661017
7296686.568355 0.000000 2391.864407
8058351.057634 0.000000 2404.067797
8724795.396540 0.000000 2416.271186
9324730.657450 0.000000 2428.474576
9858808.326199 0.000000 2440.677966
10346131.755631 0.000000 2452.881356
10784921.944771 0.000000 2465.084746
11186998.478647 0.000000 2477.288136
11550828.527109 0.000000 2489.491525
11884308.638479 0.000000 2501.694915
12186746.965429 0.000000 2513.898305
12463967.376135 0.000000 2526.101695
12715883.588054 0.000000 2538.305085
12947615.249095 0.000000 2550.508475
13158960.569296 0.000000 2562.711864
13353479.782477 0.000000 2574.915254
13526411.388868 0.000000 2587.118644
13673633.797028 0.000000 2599.322034
13785313.555842 0.000000 2611.525424
13870965.639744 0.000000 2623.728814
13957116.024833 0.000000 2635.932203
14074811.477413 0.000000 2648.135593
14215466.557611 0.000000 2660.338983
14350032.407136 0.000000 2672.542373
14457645.796006 0.000000 2684.745763
14538037.348037 0.000000 2696.949153
14591347.811798 0.000000 2709.152542
14620048.339846 0.000000 2721.355932
14632913.595320 0.000000 2733.559322
14636662.845749 0.000000 2745.762712
14604173.947715 0.000000 2757.966102
14509190.757415 0.000000 2770.169492
14387854.978311 0.000000 2782.372881
14326432.508814 0.000000 2794.576271
14344744.468851 0.000000 2806.779661
14343032.044396 0.000000 2818.983051
14151138.220197 0.000000 2831.186441
13617401.833464 0.000000 2843.389831
12629220.236967 0.000000 2855.593220
10936128.046332 0.000000 2867.796610
8097497.015811 0.000000 2880.000000
3957536.275404 0.000000 2892.203390
608755.125816 0.000000 2904.406780
1593462.213978 0.000000 2916.610169
13568048.395565 0.000000 2928.813559
27998185.769933 0.000000 2941.016949
29936399.200521 0.000000 2953.220339
29976659.972413 0.000000 2965.423729
30686585.839782 0.000000 2977.627119
31061171.624248 0.000000 2989.830508
31255222.984860 0.000000 3002.033898
31279924.614176 0.000000 3014.237288
30752233.087144 0.000000 3026.440678
30456344.427683 0.000000 3038.644068
30290147.430693 0.000000 3050.847458
29905234.342469 0.000000 3063.050847
29593769.048970 0.000000 3075.254237
29314111.248862 0.000000 3087.457627
29087906.086878 0.000000 3099.661017
28927588.491347 0.000000 3111.864407
28802090.149386 0.000000 3124.067797
28694396.223891 0.000000 3136.271186
28593547.704547 0.000000 3148.474576
28491225.630100 0.000000 3160.677966
28392695.706535 0.000000 3172.881356
28313333.660534 0.000000 3185.084746
28283212.141676 0.000000 3197.288136
28347603.607377 0.000000 3209.491525
28577233.003063 0.000000 3221.694915
28988122.584570 0.000000 3233.898305
29163262.638278 0.000000 3246.101695
29345791.151300 0.000000 3258.305085
30999534.693747 0.000000 3270.508475
33478816.218487 0.000000 3282.711864
34088698.092053 0.000000 3294.915254
33237857.879094 0.000000 3307.118644
31673911.454213 0.000000 3319.322034
29114247.362943 0.000000 3331.525424
31227634.375638 0.000000 3343.728814
14014002.283977 0.000000 3355.932203
6008128.117837 0.000000 3368.135593
480405.898670 0.000000 3380.338983
41625.171597 0.000000 3392.542373
71958.923084 0.000000 3404.745763
101113.870368 0.000000 3416.949153
128269.435616 0.000000 3429.152542
153227.056099 0.000000 3441.355932
175753.582960 0.000000 3453.559322
195646.943170 0.000000 3465.762712
212832.392928 0.000000 3477.966102
227380.007969 0.000000 3490.169492
239441.235438 0.000000 3502.372881
249269.010509 0.000000 3514.576271
257122.033976 0.000000 3526.779661
263286.677999 0.000000 3538.983051
268008.130340 0.000000 3551.186441
271516.231423 0.000000 3563.389831
273985.566633 0.000000 3575.593220
275557.472324 0.000000 3587.796610
276319.873921 0.000000 3600.000000
