10599.115988 0.000000 0.000000
10603.137410 0.000000 12.203390
10611.339900 0.000000 24.406780
10623.623736 0.000000 36.610169
10640.223459 0.000000 48.813559
10661.332070 0.000000 61.016949
10687.158878 0.000000 73.220339
10718.010931 0.000000 85.423729
10754.159266 0.000000 97.627119
10796.001025 0.000000 109.830508
10843.864844 0.000000 122.033898
10898.224593 0.000000 134.237288
10959.457101 0.000000 146.440678
11028.098731 0.000000 158.644068
11104.563031 0.000000 170.847458
11189.435076 0.000000 183.050847
11283.154322 0.000000 195.254237
11386.341497 0.000000 207.457627
11499.452908 0.000000 219.661017
11623.133354 0.000000 231.864407
11757.849518 0.000000 244.067797
11904.261748 0.000000 256.271186
12062.844219 0.000000 268.474576
12234.267455 0.000000 280.677966
12419.015391 0.000000 292.881356
12617.767319 0.000000 305.084746
12831.022916 0.000000 317.288136
13059.473726 0.000000 329.491525
13303.646743 0.000000 341.694915
13564.252611 0.000000 353.898305
13841.862718 0.000000 366.101695
14137.217678 0.000000 378.305085
14450.953453 0.000000 390.508475
14783.855312 0.000000 402.711864
15136.648768 0.000000 414.915254
15510.179139 0.000000 427.118644
15905.289914 0.000000 439.322034
16322.904755 0.000000 451.525424
16764.014017 0.000000 463.728814
17229.638347 0.000000 475.932203
17720.946992 0.000000 488.135593
18239.074274 0.000000 500.338983
18785.401403 0.000000 512.542373
19361.193613 0.000000 524.745763
19968.075987 0.000000 536.949153
20607.460049 0.000000 549.152542
21281.248761 0.000000 561.355932
21991.011938 0.000000 573.559322
22738.964343 0.000000 585.762712
23526.846151 0.000000 597.966102
24357.217906 0.000000 610.169492
25231.998580 0.000000 622.372881
26154.131018 0.000000 634.576271
27125.720300 0.000000 646.779661
28150.129234 0.000000 658.983051
29229.655715 0.000000 671.186441
30368.123056 0.000000 683.389831
31568.026524 0.000000 695.593220
32833.695235 0.000000 707.796610
34167.826990 0.000000 720.000000
35575.306249 0.000000 732.203390
37059.038296 0.000000 744.406780
38624.518353 0.000000 756.610169
40274.864188 0.000000 768.813559
42016.244813 0.000000 781.016949
43851.996018 0.000000 793.220339
45789.029968 0.000000 805.423729
47830.906649 0.000000 817.627119
49985.359781 0.000000 829.830508
52256.177837 0.000000 842.033898
54652.002118 0.000000 854.237288
57176.854059 0.000000 866.440678
59840.376447 0.000000 878.644068
62646.825817 0.000000 890.847458
65606.948429 0.000000 903.050847
68725.233928 0.000000 915.254237
72013.641981 0.000000 927.457627
75476.888626 0.000000 939.661017
79128.264475 0.000000 951.864407
82972.700543 0.000000 964.067797
87024.942736 0.000000 976.271186
91290.118638 0.000000 988.474576
95784.559443 0.000000 1000.677966
100513.564304 0.000000 1012.881356
105495.187275 0.000000 1025.084746
110734.866097 0.000000 1037.288136
116252.518543 0.000000 1049.491525
122053.680671 0.000000 1061.694915
128160.277485 0.000000 1073.898305
134577.895627 0.000000 1086.101695
141330.610160 0.000000 1098.305085
148424.002982 0.000000 1110.508475
155884.434354 0.000000 1122.711864
163717.418323 0.000000 1134.915254
171951.721148 0.000000 1147.118644
180592.717349 0.000000 1159.322034
189671.669913 0.000000 1171.525424
199193.733629 0.000000 1183.728814
209192.710874 0.000000 1195.932203
219673.441915 0.000000 1208.135593
230672.234661 0.000000 1220.338983
242193.494534 0.000000 1232.542373
254275.880759 0.000000 1244.745763
266923.201018 0.000000 1256.949153
280176.123448 0.000000 1269.152542
294037.605519 0.000000 1281.355932
308549.688307 0.000000 1293.559322
323714.055486 0.000000 1305.762712
339573.023929 0.000000 1317.966102
356126.240983 0.000000 1330.169492
373414.454344 0.000000 1342.372881
391433.868923 0.000000 1354.576271
410220.584906 0.000000 1366.779661
429764.721862 0.000000 1378.983051
450092.567018 0.000000 1391.186441
471183.186799 0.000000 1403.389831
493044.254702 0.000000 1415.593220
515634.412894 0.000000 1427.796610
538927.438836 0.000000 1440.000000
562843.882357 0.000000 1452.203390
587296.527585 0.000000 1464.406780
612134.494026 0.000000 1476.610169
637160.651923 0.000000 1488.813559
662089.862963 0.000000 1501.016949
686525.822875 0.000000 1513.220339
709931.950036 0.000000 1525.423729
731551.245642 0.000000 1537.627119
750384.634800 0.000000 1549.830508
765037.476950 0.000000 1562.033898
773707.102855 0.000000 1574.237288
773969.629175 0.000000 1586.440678
762850.061921 0.000000 1598.644068
736723.855551 0.000000 1610.847458
691831.195813 0.000000 1623.050847
624892.646902 0.000000 1635.254237
534799.536345 0.000000 1647.457627
424351.131092 0.000000 1659.661017
302260.797979 0.000000 1671.864407
182985.853009 0.000000 1684.067797
84200.365074 0.000000 1696.271186
250999154.104717 0.000000 1708.474576
-4252522.241820 -0.000000 1720.677966
-9213991.988420 -0.000000 1732.881356
-11284411.903076 -0.000000 1745.084746
-11067427.564083 -0.000000 1757.288136
-9216818.313568 -0.000000 1769.491525
-6217292.684148 -0.000000 1781.694915
-2502431.328327 -0.000000 1793.898305
1523876.275844 0.000000 1806.101695
5440991.223377 0.000000 1818.305085
8803736.141241 0.000000 1830.508475
11213526.835698 0.000000 1842.711864
12295398.388371 0.000000 1854.915254
7871408.670566 0.000000 1867.118644
-6730600.160523 -0.000000 1879.322034
-19855362.310934 -0.000000 1891.525424
-44666235.724291 -0.000000 1903.728814
-36801039.285371 -0.000000 1915.932203
-19548912.903097 -0.000000 1928.135593
-14881585.857642 -0.000000 1940.338983
-13360509.888726 -0.000000 1952.542373
-13577915.830762 -0.000000 1964.745763
-15260755.722195 -0.000000 1976.949153
-17333271.681561 -0.000000 1989.152542
-19348244.880561 -0.000000 2001.355932
-21305632.453816 -0.000000 2013.559322
-23199634.739982 -0.000000 2025.762712
-25093313.804552 -0.000000 2037.966102
-27151589.597011 -0.000000 2050.169492
-29649309.109988 -0.000000 2062.372881
-31390560.425741 -0.000000 2074.576271
-29487574.593692 -0.000000 2086.779661
-6958124527.262518 -0.000000 2098.983051
-2350604.305218 -0.000000 2111.186441
-7517746.924052 -0.000000 2123.389831
78500.657772 0.000000 2135.593220
1371764078.877954 0.000000 2147.796610
5932178.087118 0.000000 2160.000000
5556790.329124 0.000000 2172.203390
6092000.123688 0.000000 2184.406780
27608230.780957 0.000000 2196.610169
486670895.715834 0.000000 2208.813559
10143993.148998 0.000000 2221.016949
8787267.523995 0.000000 2233.220339
11048257.080991 0.000000 2245.423729
10442181.890623 0.000000 2257.627119
7659973.918663 0.000000 2269.830508
4967229.280034 0.000000 2282.033898
3221735.201773 0.000000 2294.237288
2561010.641911 0.000000 2306.440678
2728663.640999 0.000000 2318.644068
3390165.686330 0.000000 2330.847458
4268121.729985 0.000000 2343.050847
5186865.974789 0.000000 2355.254237
6064414.444947 0.000000 2367.457627
6874549.509765 0.000000 2379.661017
7601643.021809 0.000000 2391.864407
8225454.086521 0.000000 2404.067797
8749444.767989 0.000000 2416.271186
9182849.257046 0.000000 2428.474576
9552191.947594 0.000000 2440.677966
9865936.848088 0.000000 2452.881356
10143125.383949 0.000000 2465.084746
10383565.179730 0.000000 2477.288136
10600067.361881 0.000000 2489.491525
10789382.483349 0.000000 2501.694915
10960684.785660 0.000000 2513.898305
11110389.076686 0.000000 2526.101695
11245142.685768 0.000000 2538.305085
11362104.088329 0.000000 2550.508475
11466215.846863 0.000000 2562.711864
11555858.399757 0.000000 2574.915254
11635068.514381 0.000000 2587.118644
11703299.778607 0.000000 2599.322034
11763915.963546 0.000000 2611.525424
11816708.299502 0.000000 2623.728814
11864565.287297 0.000000 2635.932203
11907276.055482 0.000000 2648.135593
11947763.194210 0.000000 2660.338983
11985504.405053 0.000000 2672.542373
12023370.489396 0.000000 2684.745763
12059790.127486 0.000000 2696.949153
12096413.067013 0.000000 2709.152542
12127687.516117 0.000000 2721.355932
12148599.385650 0.000000 2733.559322
12148656.485873 0.000000 2745.762712
12131095.119048 0.000000 2757.966102
12109499.611679 0.000000 2770.169492
12084990.848428 0.000000 2782.372881
12006064.659792 0.000000 2794.576271
11773962.659499 0.000000 2806.779661
11297351.427004 0.000000 2818.983051
10479706.288852 0.000000 2831.186441
9206452.017189 0.000000 2843.389831
7244228.600548 0.000000 2855.593220
4457803.892419 0.000000 2867.796610
1155065.963913 0.000000 2880.000000
-710182.367835 -0.000000 2892.203390
1818547.216752 0.000000 2904.406780
13446749.234003 0.000000 2916.610169
26995136.460881 0.000000 2928.813559
29813402.246150 0.000000 2941.016949
29815423.321799 0.000000 2953.220339
30181193.138236 0.000000 2965.423729
30494479.425187 0.000000 2977.627119
30678804.157732 0.000000 2989.830508
30428110.788310 0.000000 3002.033898
29908477.904311 0.000000 3014.237288
29663737.074582 0.000000 3026.440678
29307178.531113 0.000000 3038.644068
28952731.375844 0.000000 3050.847458
28698581.756056 0.000000 3063.050847
28477658.868787 0.000000 3075.254237
28336586.117294 0.000000 3087.457627
28221211.651229 0.000000 3099.661017
28112619.487972 0.000000 3111.864407
28008580.499727 0.000000 3124.067797
27908704.741459 0.000000 3136.271186
27826054.432980 0.000000 3148.474576
27763515.775568 0.000000 3160.677966
27726566.867333 0.000000 3172.881356
27724612.135762 0.000000 3185.084746
27782204.044176 0.000000 3197.288136
27974896.597984 0.000000 3209.491525
28378275.613257 0.000000 3221.694915
28633701.043151 0.000000 3233.898305
28608383.715951 0.000000 3246.101695
30254486.680348 0.000000 3258.305085
32814692.386492 0.000000 3270.508475
33491405.710274 0.000000 3282.711864
32281351.321242 0.000000 3294.915254
30028861.357851 0.000000 3307.118644
27325806.883940 0.000000 3319.322034
28172845.528610 0.000000 3331.525424
17417257.505085 0.000000 3343.728814
-135586.799665 -0.000000 3355.932203
132405.597050 0.000000 3368.135593
5832.540396 0.000000 3380.338983
11586.989798 0.000000 3392.542373
16480.925763 0.000000 3404.745763
21154.764044 0.000000 3416.949153
25418.666219 0.000000 3429.152542
29225.357395 0.000000 3441.355932
32547.793290 0.000000 3453.559322
35385.564511 0.000000 3465.762712
37767.835704 0.000000 3477.966102
39736.314414 0.000000 3490.169492
41340.357577 0.000000 3502.372881
42631.374600 0.000000 3514.576271
43656.081367 0.000000 3526.779661
44458.264722 0.000000 3538.983051
45072.992968 0.000000 3551.186441
45531.047810 0.000000 3563.389831
45854.616509 0.000000 3575.593220
46061.299204 0.000000 3587.796610
46161.833741 0.000000 3600.000000
