1787303.632871 0.000000 0.000000
1787636.191263 0.000000 12.203390
1787942.798508 0.000000 24.406780
1787381.969244 0.000000 36.610169
1784733.467596 0.000000 48.813559
1778022.751074 0.000000 61.016949
1764725.374602 0.000000 73.220339
1741165.444933 0.000000 85.423729
1702884.140135 0.000000 97.627119
1644012.345513 0.000000 109.830508
1558181.131138 0.000000 122.033898
1438558.842774 0.000000 134.237288
1280199.224927 0.000000 146.440678
1081572.536191 0.000000 158.644068
848196.142040 0.000000 170.847458
593473.988449 0.000000 183.050847
338678.749198 0.000000 195.254237
1951108481.239112 0.000000 207.457627
-2005006.237497 -0.000000 219.661017
-7680075.674032 -0.000000 231.864407
-12191763.232375 -0.000000 244.067797
-13580657.938912 -0.000000 256.271186
-13272196.112688 -0.000000 268.474576
-13129414.856267 -0.000000 280.677966
-13118783.428194 -0.000000 292.881356
-13001488.589709 -0.000000 305.084746
-12572198.150587 -0.000000 317.288136
-12165864.415261 -0.000000 329.491525
-11961089.619069 -0.000000 341.694915
-11699448.989181 -0.000000 353.898305
-11440996.608017 -0.000000 366.101695
-11229991.285881 -0.000000 378.305085
-11036596.757975 -0.000000 390.508475
-10852841.201636 -0.000000 402.711864
-10671048.485328 -0.000000 414.915254
-10488352.567285 -0.000000 427.118644
-10304669.740009 -0.000000 439.322034
-10119772.769099 -0.000000 451.525424
-9934506.021636 -0.000000 463.728814
-9748978.625372 -0.000000 475.932203
-9563573.724537 -0.000000 488.135593
-9378296.889526 -0.000000 500.338983
-9193203.220913 -0.000000 512.542373
-9008198.396168 -0.000000 524.745763
-8823268.561440 -0.000000 536.949153
-8638255.807454 -0.000000 549.152542
-8453206.087438 -0.000000 561.355932
-8267917.215211 -0.000000 573.559322
-8082524.002145 -0.000000 585.762712
-7896791.003959 -0.000000 597.966102
-7710928.029923 -0.000000 610.169492
-7524675.313244 -0.000000 622.372881
-7338294.055893 -0.000000 634.576271
-7151507.966513 -0.000000 646.779661
-6964609.356413 -0.000000 658.983051
-6777311.605394 -0.000000 671.186441
-6589924.059739 -0.000000 683.389831
-6402154.094688 -0.000000 695.593220
-6214319.392464 -0.000000 707.796610
-6026123.999380 -0.000000 720.000000
-5837888.985901 -0.000000 732.203390
-5649316.524119 -0.000000 744.406780
-5460728.466973 -0.000000 756.610169
-5271825.769067 -0.000000 768.813559
-5082929.832762 -0.000000 781.016949
-4893740.585510 -0.000000 793.220339
-4704578.523487 -0.000000 805.423729
-4515142.484905 -0.000000 817.627119
-4325752.010029 -0.000000 829.830508
-4136104.687416 -0.000000 842.033898
-3946519.275399 -0.000000 854.237288
-3756691.884390 -0.000000 866.440678
-3566940.769361 -0.000000 878.644068
-3376960.342394 -0.000000 890.847458
-3187068.674344 -0.000000 903.050847
-2996958.273560 -0.000000 915.254237
-2806947.353220 -0.000000 927.457627
-2616726.322584 -0.000000 939.661017
-2426613.859732 -0.000000 951.864407
-2236298.094986 -0.000000 964.067797
-2046098.480791 -0.000000 976.271186
-1855700.702105 -0.000000 988.474576
-1665425.277427 -0.000000 1000.677966
-1474955.305553 -0.000000 1012.881356
-1284612.624081 -0.000000 1025.084746
-1094077.604981 -0.000000 1037.288136
-903673.673468 -0.000000 1049.491525
-713078.347328 -0.000000 1061.694915
-522616.855243 -0.000000 1073.898305
-331963.754080 -0.000000 1086.101695
-141446.294489 -0.000000 1098.305085
49264.038294 0.000000 1110.508475
239837.763719 0.000000 1122.711864
430606.568314 0.000000 1134.915254
621238.548265 0.000000 1147.118644
812068.624838 0.000000 1159.322034
1002762.281627 0.000000 1171.525424
1193657.746243 0.000000 1183.728814
1384417.687119 0.000000 1195.932203
1575383.681157 0.000000 1208.135593
1766215.379844 0.000000 1220.338983
1957257.713465 0.000000 1232.542373
2148167.101836 0.000000 1244.745763
2339291.813251 0.000000 1256.949153
2530284.790935 0.000000 1269.152542
2721497.569105 0.000000 1281.355932
2912579.334643 0.000000 1293.559322
3103884.784736 0.000000 1305.762712
3295059.025528 0.000000 1317.966102
3486459.732654 0.000000 1330.169492
3677727.541491 0.000000 1342.372881
3869222.852150 0.000000 1354.576271
4060581.373679 0.000000 1366.779661
4252165.869108 0.000000 1378.983051
4443606.561061 0.000000 1391.186441
4635268.116475 0.000000 1403.389831
4826774.601479 0.000000 1415.593220
5018491.973007 0.000000 1427.796610
5210037.326448 0.000000 1440.000000
5401777.143022 0.000000 1452.203390
5593320.565620 0.000000 1464.406780
5785033.633888 0.000000 1476.610169
5976516.379096 0.000000 1488.813559
6168133.186866 0.000000 1501.016949
6359473.591668 0.000000 1513.220339
6550898.859028 0.000000 1525.423729
6741986.392061 0.000000 1537.627119
6933092.526285 0.000000 1549.830508
7123780.674075 0.000000 1562.033898
7314400.041523 0.000000 1574.237288
7504497.944367 0.000000 1586.440678
7694413.779092 0.000000 1598.644068
7883676.517465 0.000000 1610.847458
8072612.453671 0.000000 1623.050847
8260729.993666 0.000000 1635.254237
8448338.273649 0.000000 1647.457627
8634923.271680 0.000000 1659.661017
8820771.895943 0.000000 1671.864407
9005346.825930 0.000000 1684.067797
9188906.293838 0.000000 1696.271186
9370890.660528 0.000000 1708.474576
9551521.090069 0.000000 1720.677966
9730219.371807 0.000000 1732.881356
9907158.198472 0.000000 1745.084746
10081747.083472 0.000000 1757.288136
10254093.718797 0.000000 1769.491525
10423599.846308 0.000000 1781.694915
10590282.054232 0.000000 1793.898305
10753522.723424 0.000000 1806.101695
10913204.431387 0.000000 1818.305085
11068631.895728 0.000000 1830.508475
11219491.412593 0.000000 1842.711864
11364871.402139 0.000000 1854.915254
11504228.921612 0.000000 1867.118644
11636290.528792 0.000000 1879.322034
11760558.271207 0.000000 1891.525424
11875832.330938 0.000000 1903.728814
11983081.707881 0.000000 1915.932203
12083861.045513 0.000000 1928.135593
12182778.914620 0.000000 1940.338983
12288067.375164 0.000000 1952.542373
12369670.977952 0.000000 1964.745763
12407437.885594 0.000000 1976.949153
12489216.340200 0.000000 1989.152542
12644425.139435 0.000000 2001.355932
12775118.187220 0.000000 2013.559322
12843871.160448 0.000000 2025.762712
12909512.205562 0.000000 2037.966102
13106605.584169 0.000000 2050.169492
13052413.234394 0.000000 2062.372881
11076567.456560 0.000000 2074.576271
6507875.397395 0.000000 2086.779661
-1155543.038399 -0.000000 2098.983051
-9475392.576222 -0.000000 2111.186441
-30973963.649813 -0.000000 2123.389831
-150908054.290715 -0.000000 2135.593220
-25253098.733681 -0.000000 2147.796610
-16068321.148147 -0.000000 2160.000000
-16018448.820000 -0.000000 2172.203390
-19293367.528966 -0.000000 2184.406780
-23469877.822257 -0.000000 2196.610169
-27512073.853630 -0.000000 2208.813559
-31249209.507563 -0.000000 2221.016949
-34443137.050706 -0.000000 2233.220339
-35461780.119994 -0.000000 2245.423729
-30766336.396071 -0.000000 2257.627119
-24743485.614836 -0.000000 2269.830508
-21401871.988818 -0.000000 2282.033898
-18293785.608585 -0.000000 2294.237288
-16630119.637537 -0.000000 2306.440678
-17082458.208310 -0.000000 2318.644068
-17336057.017708 -0.000000 2330.847458
-17492138.895243 -0.000000 2343.050847
-18986109.559675 -0.000000 2355.254237
-22721112.093693 -0.000000 2367.457627
-32569563.882817 -0.000000 2379.661017
-22815318.872539 -0.000000 2391.864407
-9962286.196574 -0.000000 2404.067797
-10273875.355449 -0.000000 2416.271186
-7323464.874833 -0.000000 2428.474576
-3956283.057860 -0.000000 2440.677966
-767429.580698 -0.000000 2452.881356
2036118.303892 0.000000 2465.084746
4404455.862650 0.000000 2477.288136
6383576.207567 0.000000 2489.491525
8044489.249172 0.000000 2501.694915
9463128.732444 0.000000 2513.898305
10693797.536553 0.000000 2526.101695
11775479.800225 0.000000 2538.305085
12724754.242915 0.000000 2550.508475
13549533.177827 0.000000 2562.711864
14243019.969975 0.000000 2574.915254
14797303.401933 0.000000 2587.118644
15184531.116064 0.000000 2599.322034
15421210.032266 0.000000 2611.525424
15480651.640876 0.000000 2623.728814
15350360.486110 0.000000 2635.932203
15328277.228700 0.000000 2648.135593
15540289.415667 0.000000 2660.338983
15702895.285964 0.000000 2672.542373
15679538.496546 0.000000 2684.745763
15484681.487490 0.000000 2696.949153
15204462.520789 0.000000 2709.152542
15203028.769913 0.000000 2721.355932
15743135.165251 0.000000 2733.559322
16361681.540411 0.000000 2745.762712
16599230.351773 0.000000 2757.966102
16535485.505860 0.000000 2770.169492
16381068.571157 0.000000 2782.372881
16227987.062660 0.000000 2794.576271
16086365.440107 0.000000 2806.779661
15970623.163393 0.000000 2818.983051
15876650.421685 0.000000 2831.186441
15812678.158736 0.000000 2843.389831
15768289.146945 0.000000 2855.593220
15733107.379957 0.000000 2867.796610
15710103.809250 0.000000 2880.000000
15711411.566803 0.000000 2892.203390
15742070.251917 0.000000 2904.406780
15811858.731091 0.000000 2916.610169
15980400.912407 0.000000 2928.813559
16433175.251412 0.000000 2941.016949
17527330.382073 0.000000 2953.220339
20261695.854468 0.000000 2965.423729
28302813.211973 0.000000 2977.627119
13373806.984865 0.000000 2989.830508
1614147.741606 0.000000 3002.033898
-2402559.246190 -0.000000 3014.237288
6868029.200382 0.000000 3026.440678
26660360.609198 0.000000 3038.644068
31019438.194165 0.000000 3050.847458
30298311.295954 0.000000 3063.050847
30752741.501624 0.000000 3075.254237
31727851.316745 0.000000 3087.457627
32294171.833296 0.000000 3099.661017
32209579.724699 0.000000 3111.864407
31869125.263143 0.000000 3124.067797
31276760.036834 0.000000 3136.271186
31056510.335454 0.000000 3148.474576
30949681.129141 0.000000 3160.677966
30612830.649366 0.000000 3172.881356
30337097.116265 0.000000 3185.084746
30101085.845697 0.000000 3197.288136
29910310.102648 0.000000 3209.491525
29767849.538242 0.000000 3221.694915
29644061.035273 0.000000 3233.898305
29527530.353759 0.000000 3246.101695
29407759.202727 0.000000 3258.305085
29282465.047553 0.000000 3270.508475
29156752.940684 0.000000 3282.711864
29045724.217505 0.000000 3294.915254
28975662.360349 0.000000 3307.118644
28981482.423890 0.000000 3319.322034
29192797.260838 0.000000 3331.525424
29551658.430169 0.000000 3343.728814
29241701.925718 0.000000 3355.932203
29889377.383335 0.000000 3368.135593
33334474.571740 0.000000 3380.338983
35566098.408255 0.000000 3392.542373
35004504.571671 0.000000 3404.745763
33440401.017240 0.000000 3416.949153
31896503.915766 0.000000 3429.152542
31368294.018200 0.000000 3441.355932
25929258.256829 0.000000 3453.559322
4361003.922795 0.000000 3465.762712
90542800.590928 0.000000 3477.966102
241598.378784 0.000000 3490.169492
389976.064417 0.000000 3502.372881
524493.959407 0.000000 3514.576271
643754.377713 0.000000 3526.779661
746887.010927 0.000000 3538.983051
832902.384047 0.000000 3551.186441
901519.091304 0.000000 3563.389831
952659.877347 0.000000 3575.593220
986551.159733 0.000000 3587.796610
1003414.342904 0.000000 3600.000000
