266077.811854 0.000000 0.000000
266965.570893 0.000000 12.203390
268744.529630 0.000000 24.406780
271414.508981 0.000000 36.610169
274985.967331 0.000000 48.813559
279458.304288 0.000000 61.016949
284848.955961 0.000000 73.220339
291157.073356 0.000000 85.423729
298406.790076 0.000000 97.627119
306597.076302 0.000000 109.830508
315758.357578 0.000000 122.033898
325889.443054 0.000000 134.237288
337026.344577 0.000000 146.440678
349167.596998 0.000000 158.644068
362353.582099 0.000000 170.847458
376582.137707 0.000000 183.050847
391895.944784 0.000000 195.254237
408291.067118 0.000000 207.457627
425808.972957 0.000000 219.661017
444441.561894 0.000000 231.864407
464223.114508 0.000000 244.067797
485136.433567 0.000000 256.271186
507198.346193 0.000000 268.474576
530372.750122 0.000000 280.677966
554641.148314 0.000000 292.881356
579929.450317 0.000000 305.084746
606152.239413 0.000000 317.288136
633160.757076 0.000000 329.491525
660746.025928 0.000000 341.694915
688614.756393 0.000000 353.898305
716332.104836 0.000000 366.101695
743329.181636 0.000000 378.305085
768762.273026 0.000000 390.508475
791550.235196 0.000000 402.711864
810130.052853 0.000000 414.915254
822524.790480 0.000000 427.118644
826014.083387 0.000000 439.322034
817297.523598 0.000000 451.525424
792269.058285 0.000000 463.728814
746602.614056 0.000000 475.932203
676195.812243 0.000000 488.135593
578783.824610 0.000000 500.338983
455710.697361 0.000000 512.542373
315215.050515 0.000000 524.745763
175612.082963 0.000000 536.949153
65266.459950 0.000000 549.152542
238775604.196200 0.000000 561.355932
-5809887.004381 -0.000000 573.559322
-12298347.082107 -0.000000 585.762712
-13512676.408327 -0.000000 597.966102
-13157512.581880 -0.000000 610.169492
-12987371.617852 -0.000000 622.372881
-12949075.849576 -0.000000 634.576271
-12958327.567088 -0.000000 646.779661
-12915671.097229 -0.000000 658.983051
-12758792.916049 -0.000000 671.186441
-12569229.419890 -0.000000 683.389831
-12556813.000555 -0.000000 695.593220
-12637392.379347 -0.000000 707.796610
-12652424.618842 -0.000000 720.000000
-12634207.841934 -0.000000 732.203390
-12614039.889623 -0.000000 744.406780
-12570741.039127 -0.000000 756.610169
-12494313.134067 -0.000000 768.813559
-12393745.475301 -0.000000 781.016949
-12274365.158183 -0.000000 793.220339
-12148685.475653 -0.000000 805.423729
-12030238.944749 -0.000000 817.627119
-11898057.869288 -0.000000 829.830508
-11738059.134562 -0.000000 842.033898
-11549505.154060 -0.000000 854.237288
-11353713.547637 -0.000000 866.440678
-11159549.166302 -0.000000 878.644068
-10971301.484529 -0.000000 890.847458
-10784192.272569 -0.000000 903.050847
-10603641.320869 -0.000000 915.254237
-10432380.682317 -0.000000 927.457627
-10277058.542808 -0.000000 939.661017
-10130719.542254 -0.000000 951.864407
-9984415.175136 -0.000000 964.067797
-9818874.062853 -0.000000 976.271186
-9624131.154528 -0.000000 988.474576
-9413168.037514 -0.000000 1000.677966
-9237843.830093 -0.000000 1012.881356
-9097494.177267 -0.000000 1025.084746
-8953848.432926 -0.000000 1037.288136
-8790852.906560 -0.000000 1049.491525
-8614130.862616 -0.000000 1061.694915
-8429214.791480 -0.000000 1073.898305
-8245921.193541 -0.000000 1086.101695
-8067656.190267 -0.000000 1098.305085
-7893084.836077 -0.000000 1110.508475
-7718880.085548 -0.000000 1122.711864
-7541391.970561 -0.000000 1134.915254
-7360131.649247 -0.000000 1147.118644
-7175535.750513 -0.000000 1159.322034
-6994335.158868 -0.000000 1171.525424
-6824031.573368 -0.000000 1183.728814
-6671084.825841 -0.000000 1195.932203
-6529897.215380 -0.000000 1208.135593
-6386725.733998 -0.000000 1220.338983
-6227641.080376 -0.000000 1232.542373
-6050646.879945 -0.000000 1244.745763
-5863007.225742 -0.000000 1256.949153
-5674388.507495 -0.000000 1269.152542
-5490412.996434 -0.000000 1281.355932
-5312474.119491 -0.000000 1293.559322
-5139499.222588 -0.000000 1305.762712
-4969783.290928 -0.000000 1317.966102
-4801566.664234 -0.000000 1330.169492
-4633200.910100 -0.000000 1342.372881
-4463036.235002 -0.000000 1354.576271
-4285699.811138 -0.000000 1366.779661
-4087454.793027 -0.000000 1378.983051
-3865031.087327 -0.000000 1391.186441
-3661887.982382 -0.000000 1403.389831
-3515261.752487 -0.000000 1415.593220
-3389265.291864 -0.000000 1427.796610
-3242239.342891 -0.000000 1440.000000
-3079160.781675 -0.000000 1452.203390
-2914530.432656 -0.000000 1464.406780
-2751856.823277 -0.000000 1476.610169
-2588941.180137 -0.000000 1488.813559
-2422668.285357 -0.000000 1501.016949
-2251748.488683 -0.000000 1513.220339
-2076659.967755 -0.000000 1525.423729
-1899510.691495 -0.000000 1537.627119
-1722185.899214 -0.000000 1549.830508
-1546029.268518 -0.000000 1562.033898
-1371481.627715 -0.000000 1574.237288
-1198631.826330 -0.000000 1586.440678
-1027272.873787 -0.000000 1598.644068
-857229.127934 -0.000000 1610.847458
-688289.153143 -0.000000 1623.050847
-520315.483555 -0.000000 1635.254237
-353202.728126 -0.000000 1647.457627
-186880.753978 -0.000000 1659.661017
-21346.649505 -0.000000 1671.864407
143421.102999 0.000000 1684.067797
307356.079219 0.000000 1696.271186
470465.174152 0.000000 1708.474576
632658.392000 0.000000 1720.677966
793969.130603 0.000000 1732.881356
954342.724872 0.000000 1745.084746
1113898.894604 0.000000 1757.288136
1272704.994688 0.000000 1769.491525
1431069.148155 0.000000 1781.694915
1589311.431871 0.000000 1793.898305
1748096.499492 0.000000 1806.101695
1908171.082662 0.000000 1818.305085
2070787.978697 0.000000 1830.508475
2237284.011306 0.000000 1842.711864
2409711.943510 0.000000 1854.915254
2590008.790691 0.000000 1867.118644
2781017.060200 0.000000 1879.322034
2985030.934563 0.000000 1891.525424
3205392.416627 0.000000 1903.728814
3445132.439485 0.000000 1915.932203
3708510.954547 0.000000 1928.135593
4002127.581557 0.000000 1940.338983
4320857.453860 0.000000 1952.542373
4638687.493985 0.000000 1964.745763
4778762.885093 0.000000 1976.949153
4513967.018145 0.000000 1989.152542
5337339.304227 0.000000 2001.355932
11465661.432720 0.000000 2013.559322
13128195.597133 0.000000 2025.762712
4280305.688864 0.000000 2037.966102
-7280374.234357 -0.000000 2050.169492
-38119136.708052 -0.000000 2062.372881
-99540165.733621 -0.000000 2074.576271
-28132946.982187 -0.000000 2086.779661
-17957455.742215 -0.000000 2098.983051
-14698938.142680 -0.000000 2111.186441
-13530034.327831 -0.000000 2123.389831
-13607905.792857 -0.000000 2135.593220
-13576636.299758 -0.000000 2147.796610
-10123781.361243 -0.000000 2160.000000
-11303548.038566 -0.000000 2172.203390
-19393387.150628 -0.000000 2184.406780
-30421902.441697 -0.000000 2196.610169
-34229155.533734 -0.000000 2208.813559
-24617558.524308 -0.000000 2221.016949
-46844112.240792 -0.000000 2233.220339
-1330997836.979513 -0.000000 2245.423729
-5802548.545958 -0.000000 2257.627119
5414999.066875 0.000000 2269.830508
6606087.399118 0.000000 2282.033898
6033855.511537 0.000000 2294.237288
4836527.122072 0.000000 2306.440678
2433589.849500 0.000000 2318.644068
80204.288745 0.000000 2330.847458
-1406218.496337 -0.000000 2343.050847
-1855047.889517 -0.000000 2355.254237
-1457411.617902 -0.000000 2367.457627
-582276.772901 -0.000000 2379.661017
488076.801015 0.000000 2391.864407
1564822.861765 0.000000 2404.067797
2583803.526905 0.000000 2416.271186
3529091.353537 0.000000 2428.474576
4404125.234003 0.000000 2440.677966
5193210.499555 0.000000 2452.881356
5893380.559358 0.000000 2465.084746
6510980.185172 0.000000 2477.288136
7062530.669931 0.000000 2489.491525
7559547.303381 0.000000 2501.694915
8011388.472008 0.000000 2513.898305
8423792.548482 0.000000 2526.101695
8800974.739024 0.000000 2538.305085
9147196.860916 0.000000 2550.508475
9464227.226204 0.000000 2562.711864
9755786.051684 0.000000 2574.915254
10022176.737202 0.000000 2587.118644
10267044.263566 0.000000 2599.322034
10490399.976774 0.000000 2611.525424
10695787.767448 0.000000 2623.728814
10883672.052463 0.000000 2635.932203
11056793.216594 0.000000 2648.135593
11216629.800898 0.000000 2660.338983
11363770.744050 0.000000 2672.542373
11499343.068716 0.000000 2684.745763
11616458.638726 0.000000 2696.949153
11711445.726016 0.000000 2709.152542
11775380.749129 0.000000 2721.355932
11825135.903290 0.000000 2733.559322
11871353.600042 0.000000 2745.762712
11920939.026632 0.000000 2757.966102
11950688.234967 0.000000 2770.169492
11971742.569348 0.000000 2782.372881
12008165.699465 0.000000 2794.576271
12095950.223149 0.000000 2806.779661
12207444.490695 0.000000 2818.983051
12274385.440348 0.000000 2831.186441
12219973.939016 0.000000 2843.389831
11985000.840489 0.000000 2855.593220
11492182.003070 0.000000 2867.796610
10624404.203009 0.000000 2880.000000
9240520.172390 0.000000 2892.203390
7159446.869543 0.000000 2904.406780
4315089.517739 0.000000 2916.610169
1186137.111379 0.000000 2928.813559
-100367.926653 -0.000000 2941.016949
4541264.630166 0.000000 2953.220339
17642979.064453 0.000000 2965.423729
29135841.217407 0.000000 2977.627119
30334149.687600 0.000000 2989.830508
30348523.193741 0.000000 3002.033898
30785823.592153 0.000000 3014.237288
31050915.605207 0.000000 3026.440678
31195960.760594 0.000000 3038.644068
30818213.513268 0.000000 3050.847458
30339333.937372 0.000000 3063.050847
30159442.847492 0.000000 3075.254237
29754818.601800 0.000000 3087.457627
29395500.891086 0.000000 3099.661017
29102165.266780 0.000000 3111.864407
28837300.566387 0.000000 3124.067797
28661840.475622 0.000000 3136.271186
28525936.836015 0.000000 3148.474576
28419936.936682 0.000000 3160.677966
28324998.147563 0.000000 3172.881356
28243847.446271 0.000000 3185.084746
28169106.838929 0.000000 3197.288136
28110784.512182 0.000000 3209.491525
28079168.026252 0.000000 3221.694915
28100569.231985 0.000000 3233.898305
28212509.974597 0.000000 3246.101695
28526781.109033 0.000000 3258.305085
28997703.607840 0.000000 3270.508475
28972799.931403 0.000000 3282.711864
29468748.519761 0.000000 3294.915254
31996268.470593 0.000000 3307.118644
33984613.550003 0.000000 3319.322034
33653331.019327 0.000000 3331.525424
32055857.153291 0.000000 3343.728814
30400675.656872 0.000000 3355.932203
27025596.251278 0.000000 3368.135593
28049039.464293 0.000000 3380.338983
5997549.498250 0.000000 3392.542373
4888749.606418 0.000000 3404.745763
10447.319968 0.000000 3416.949153
18534.536501 0.000000 3429.152542
26383.135476 0.000000 3441.355932
33633.354946 0.000000 3453.559322
40347.892337 0.000000 3465.762712
46325.134788 0.000000 3477.966102
51562.932075 0.000000 3490.169492
56024.898458 0.000000 3502.372881
59760.108732 0.000000 3514.576271
62814.118076 0.000000 3526.779661
65263.455979 0.000000 3538.983051
67174.718798 0.000000 3551.186441
68617.987833 0.000000 3563.389831
69647.640552 0.000000 3575.593220
70309.589032 0.000000 3587.796610
70632.698182 0.000000 3600.000000
