5965.800643 0.000000 0.000000
5979.180307 0.000000 12.203390
6005.923378 0.000000 24.406780
6046.228194 0.000000 36.610169
6100.221300 0.000000 48.813559
6168.017682 0.000000 61.016949
6249.959188 0.000000 73.220339
6346.202478 0.000000 85.423729
6457.246420 0.000000 97.627119
6583.303373 0.000000 109.830508
6725.035388 0.000000 122.033898
6882.718349 0.000000 134.237288
7057.192742 0.000000 146.440678
7248.805711 0.000000 158.644068
7458.595335 0.000000 170.847458
7686.990041 0.000000 183.050847
7935.249384 0.000000 195.254237
8203.894907 0.000000 207.457627
8494.436115 0.000000 219.661017
8807.500945 0.000000 231.864407
9144.881579 0.000000 244.067797
9507.327267 0.000000 256.271186
9896.949791 0.000000 268.474576
10314.635117 0.000000 280.677966
10762.856367 0.000000 292.881356
11242.651717 0.000000 305.084746
11756.900020 0.000000 317.288136
12306.807262 0.000000 329.491525
12895.706592 0.000000 341.694915
13524.985365 0.000000 353.898305
14198.483774 0.000000 366.101695
14917.782449 0.000000 378.305085
15687.283648 0.000000 390.508475
16508.771487 0.000000 402.711864
17387.270251 0.000000 414.915254
18324.773421 0.000000 427.118644
19326.992115 0.000000 439.322034
20396.133576 0.000000 451.525424
21538.664134 0.000000 463.728814
22757.006014 0.000000 475.932203
24058.457015 0.000000 488.135593
25445.650881 0.000000 500.338983
26926.800740 0.000000 512.542373
28504.746845 0.000000 524.745763
30188.708588 0.000000 536.949153
31981.724244 0.000000 549.152542
33894.122079 0.000000 561.355932
35929.124907 0.000000 573.559322
38098.283245 0.000000 585.762712
40404.989239 0.000000 597.966102
42862.140699 0.000000 610.169492
45473.277787 0.000000 622.372881
48252.785373 0.000000 634.576271
51204.325977 0.000000 646.779661
54343.924783 0.000000 658.983051
57675.336137 0.000000 671.186441
61216.394009 0.000000 683.389831
64970.906754 0.000000 695.593220
68958.702365 0.000000 707.796610
73183.600403 0.000000 720.000000
77667.623797 0.000000 732.203390
82414.553985 0.000000 744.406780
87448.825907 0.000000 756.610169
92774.128599 0.000000 768.813559
98417.542615 0.000000 781.016949
104382.606788 0.000000 793.220339
110699.293074 0.000000 805.423729
117370.931654 0.000000 817.627119
124430.642292 0.000000 829.830508
131881.487929 0.000000 842.033898
139759.994139 0.000000 854.237288
148068.904977 0.000000 866.440678
156848.399479 0.000000 878.644068
166100.859209 0.000000 890.847458
175870.334471 0.000000 903.050847
186158.809142 0.000000 915.254237
197014.362222 0.000000 927.457627
208438.549375 0.000000 939.661017
220483.524613 0.000000 951.864407
233150.374699 0.000000 964.067797
246495.186680 0.000000 976.271186
260518.484637 0.000000 988.474576
275279.831165 0.000000 1000.677966
290778.953785 0.000000 1012.881356
307077.917746 0.000000 1025.084746
324175.099883 0.000000 1037.288136
342133.239901 0.000000 1049.491525
360948.143079 0.000000 1061.694915
380679.968188 0.000000 1073.898305
401319.400968 0.000000 1086.101695
422918.341729 0.000000 1098.305085
445457.233877 0.000000 1110.508475
468969.837269 0.000000 1122.711864
493416.311967 0.000000 1134.915254
518794.948584 0.000000 1147.118644
545026.252680 0.000000 1159.322034
572042.245611 0.000000 1171.525424
599686.788075 0.000000 1183.728814
627770.150802 0.000000 1195.932203
655989.517236 0.000000 1208.135593
683932.729618 0.000000 1220.338983
711019.746145 0.000000 1232.542373
736435.249185 0.000000 1244.745763
759088.233295 0.000000 1256.949153
777454.025354 0.000000 1269.152542
789558.044264 0.000000 1281.355932
792743.515319 0.000000 1293.559322
783767.066981 0.000000 1305.762712
758689.063707 0.000000 1317.966102
713482.185294 0.000000 1330.169492
644688.019822 0.000000 1342.372881
551286.339128 0.000000 1354.576271
436454.586924 0.000000 1366.779661
309634.930646 0.000000 1378.983051
186132.819353 0.000000 1391.186441
84509.306303 0.000000 1403.389831
436376153.573915 0.000000 1415.593220
-5867037.251720 -0.000000 1427.796610
-12627237.149138 -0.000000 1440.000000
-13406588.826356 -0.000000 1452.203390
-13036813.630335 -0.000000 1464.406780
-12915829.808281 -0.000000 1476.610169
-12889725.706177 -0.000000 1488.813559
-12891190.851207 -0.000000 1501.016949
-12852786.950287 -0.000000 1513.220339
-12710080.900114 -0.000000 1525.423729
-12520286.479439 -0.000000 1537.627119
-12495282.954355 -0.000000 1549.830508
-12595302.993636 -0.000000 1562.033898
-12642481.557821 -0.000000 1574.237288
-12632172.420958 -0.000000 1586.440678
-12604485.360790 -0.000000 1598.644068
-12593688.481409 -0.000000 1610.847458
-12593888.024002 -0.000000 1623.050847
-12565250.316259 -0.000000 1635.254237
-12489960.707503 -0.000000 1647.457627
-12372546.189826 -0.000000 1659.661017
-12214427.824345 -0.000000 1671.864407
-12008339.370757 -0.000000 1684.067797
-11759594.353049 -0.000000 1696.271186
-11460000.243930 -0.000000 1708.474576
-11076080.342767 -0.000000 1720.677966
-10562011.587209 -0.000000 1732.881356
-9860077.869803 -0.000000 1745.084746
-8897785.000596 -0.000000 1757.288136
-7582727.984543 -0.000000 1769.491525
-5799773.121264 -0.000000 1781.694915
-3430973.571842 -0.000000 1793.898305
-382557.836966 -0.000000 1806.101695
3337387.066736 0.000000 1818.305085
7550171.507019 0.000000 1830.508475
11358598.810511 0.000000 1842.711864
13370314.123919 0.000000 1854.915254
14136206.318878 0.000000 1867.118644
11515196.987380 0.000000 1879.322034
-4015432.791581 -0.000000 1891.525424
-16723971.669358 -0.000000 1903.728814
-16673180.984937 -0.000000 1915.932203
-73108450.421813 -0.000000 1928.135593
-25114104.824257 -0.000000 1940.338983
-16166753.462558 -0.000000 1952.542373
-13776270.567153 -0.000000 1964.745763
-13181453.752251 -0.000000 1976.949153
-14161256.364505 -0.000000 1989.152542
-16112637.970110 -0.000000 2001.355932
-18163353.528104 -0.000000 2013.559322
-20172886.531434 -0.000000 2025.762712
-22135227.382685 -0.000000 2037.966102
-24103177.848955 -0.000000 2050.169492
-26091800.436496 -0.000000 2062.372881
-28480674.689866 -0.000000 2074.576271
-29111941.130265 -0.000000 2086.779661
-31587697.209308 -0.000000 2098.983051
-4940841564.444277 -0.000000 2111.186441
-1106671.460901 -0.000000 2123.389831
-1236833.336370 -0.000000 2135.593220
45525598.286092 0.000000 2147.796610
256519562.526657 0.000000 2160.000000
7533185.004875 0.000000 2172.203390
10015610.667634 0.000000 2184.406780
12499138.177457 0.000000 2196.610169
26170590.629209 0.000000 2208.813559
51659427.436789 0.000000 2221.016949
57953350.927092 0.000000 2233.220339
14019045.473381 0.000000 2245.423729
11465431.574208 0.000000 2257.627119
6726744.027993 0.000000 2269.830508
2631504.573295 0.000000 2282.033898
450778.600210 0.000000 2294.237288
-106274.724381 -0.000000 2306.440678
354551.107495 0.000000 2318.644068
1358286.512509 0.000000 2330.847458
2555488.520917 0.000000 2343.050847
3734003.589214 0.000000 2355.254237
4789088.869310 0.000000 2367.457627
5685284.916179 0.000000 2379.661017
6428014.873093 0.000000 2391.864407
7038664.371172 0.000000 2404.067797
7542773.376113 0.000000 2416.271186
7963164.692731 0.000000 2428.474576
8313832.211117 0.000000 2440.677966
8604032.626478 0.000000 2452.881356
8835089.358683 0.000000 2465.084746
9023103.182602 0.000000 2477.288136
9193793.730400 0.000000 2489.491525
9378120.008207 0.000000 2501.694915
9569680.694889 0.000000 2513.898305
9746298.124740 0.000000 2526.101695
9885681.169470 0.000000 2538.305085
9980419.459470 0.000000 2550.508475
10024693.809855 0.000000 2562.711864
10025606.439017 0.000000 2574.915254
10022890.052338 0.000000 2587.118644
10052894.488485 0.000000 2599.322034
10115342.035663 0.000000 2611.525424
10168805.069614 0.000000 2623.728814
10221197.611780 0.000000 2635.932203
10295583.714415 0.000000 2648.135593
10412427.508282 0.000000 2660.338983
10533840.047679 0.000000 2672.542373
10633504.313535 0.000000 2684.745763
10691225.125176 0.000000 2696.949153
10719520.822418 0.000000 2709.152542
10716515.102258 0.000000 2721.355932
10693025.713367 0.000000 2733.559322
10657999.947415 0.000000 2745.762712
10626712.846426 0.000000 2757.966102
10595153.311134 0.000000 2770.169492
10549839.990972 0.000000 2782.372881
10454793.712971 0.000000 2794.576271
10229495.279404 0.000000 2806.779661
9780475.066178 0.000000 2818.983051
8990991.902239 0.000000 2831.186441
7721736.469042 0.000000 2843.389831
5758700.855365 0.000000 2855.593220
3057933.617532 0.000000 2867.796610
55512.685749 0.000000 2880.000000
-1393594.114415 -0.000000 2892.203390
1689118.543177 0.000000 2904.406780
13206070.685829 0.000000 2916.610169
26427089.556848 0.000000 2928.813559
29927940.606997 0.000000 2941.016949
29959667.285213 0.000000 2953.220339
30166255.746366 0.000000 2965.423729
30561766.728361 0.000000 2977.627119
30788875.996502 0.000000 2989.830508
30429388.715388 0.000000 3002.033898
29991811.904595 0.000000 3014.237288
29813759.646277 0.000000 3026.440678
29432024.677061 0.000000 3038.644068
29064960.070824 0.000000 3050.847458
28764634.351850 0.000000 3063.050847
28474020.620768 0.000000 3075.254237
28267273.599961 0.000000 3087.457627
28092728.758251 0.000000 3099.661017
27959639.998131 0.000000 3111.864407
27851435.800404 0.000000 3124.067797
27771915.659996 0.000000 3136.271186
27703064.538326 0.000000 3148.474576
27654710.907793 0.000000 3160.677966
27630740.977711 0.000000 3172.881356
27660521.000296 0.000000 3185.084746
27784284.802401 0.000000 3197.288136
28096958.955255 0.000000 3209.491525
28586742.961466 0.000000 3221.694915
28695033.555454 0.000000 3233.898305
29075177.126679 0.000000 3246.101695
31086415.448671 0.000000 3258.305085
33187552.604431 0.000000 3270.508475
33205452.778904 0.000000 3282.711864
32008464.301665 0.000000 3294.915254
30063443.851921 0.000000 3307.118644
26627046.026589 0.000000 3319.322034
28444765.123186 0.000000 3331.525424
11750541.099667 0.000000 3343.728814
-9650464.845007 -0.000000 3355.932203
-7751.704684 -0.000000 3368.135593
-11932.395461 -0.000000 3380.338983
-16855.471268 -0.000000 3392.542373
-21888.356412 -0.000000 3404.745763
-26753.728795 -0.000000 3416.949153
-31281.353884 -0.000000 3429.152542
-35316.228950 -0.000000 3441.355932
-38805.285093 -0.000000 3453.559322
-41724.425300 -0.000000 3465.762712
-44104.295658 -0.000000 3477.966102
-45991.872681 -0.000000 3490.169492
-47453.470699 -0.000000 3502.372881
-48556.516571 -0.000000 3514.576271
-49368.517052 -0.000000 3526.779661
-49950.197155 -0.000000 3538.983051
-50354.771733 -0.000000 3551.186441
-50626.413844 -0.000000 3563.389831
-50800.049543 -0.000000 3575.593220
-50901.574456 -0.000000 3587.796610
-50948.129910 -0.000000 3600.000000
