51957.843413 0.000000 0.000000
52178.590313 0.000000 12.203390
52620.643557 0.000000 24.406780
53285.084179 0.000000 36.610169
54173.747641 0.000000 48.813559
55288.544735 0.000000 61.016949
56632.653784 0.000000 73.220339
58208.927212 0.000000 85.423729
60021.837984 0.000000 97.627119
62075.193727 0.000000 109.830508
64374.772272 0.000000 122.033898
66925.345849 0.000000 134.237288
69734.016654 0.000000 146.440678
72806.532618 0.000000 158.644068
76151.343399 0.000000 170.847458
79775.188247 0.000000 183.050847
83687.890236 0.000000 195.254237
87897.199627 0.000000 207.457627
92414.338961 0.000000 219.661017
97248.090942 0.000000 231.864407
102411.098729 0.000000 244.067797
107913.198056 0.000000 256.271186
113768.459531 0.000000 268.474576
119987.781314 0.000000 280.677966
126586.639726 0.000000 292.881356
133576.976297 0.000000 305.084746
140975.593592 0.000000 317.288136
148795.396837 0.000000 329.491525
157054.333416 0.000000 341.694915
165766.070133 0.000000 353.898305
174949.334577 0.000000 366.101695
184618.125037 0.000000 378.305085
194791.258271 0.000000 390.508475
205482.213898 0.000000 402.711864
216708.632201 0.000000 414.915254
228481.857093 0.000000 427.118644
240816.064044 0.000000 439.322034
253717.465565 0.000000 451.525424
267192.643593 0.000000 463.728814
281237.178910 0.000000 475.932203
295842.603687 0.000000 488.135593
310983.802753 0.000000 500.338983
326623.708114 0.000000 512.542373
342698.095944 0.000000 524.745763
359116.527882 0.000000 536.949153
375741.933312 0.000000 549.152542
392385.156419 0.000000 561.355932
408774.758423 0.000000 573.559322
424540.724141 0.000000 585.762712
439167.662660 0.000000 597.966102
451962.067684 0.000000 610.169492
461983.349378 0.000000 622.372881
467997.162488 0.000000 634.576271
468401.892798 0.000000 646.779661
461223.077099 0.000000 658.983051
444157.146967 0.000000 671.186441
414835.629957 0.000000 683.389831
371337.745898 0.000000 695.593220
313125.211895 0.000000 707.796610
242203.989271 0.000000 720.000000
164197.004952 0.000000 732.203390
88402.092355 0.000000 744.406780
27017827.927906 0.000000 756.610169
-2163147.948725 -0.000000 768.813559
-10177053.958622 -0.000000 781.016949
-13724079.395088 -0.000000 793.220339
-13135448.817573 -0.000000 805.423729
-12895675.593616 -0.000000 817.627119
-12815547.060132 -0.000000 829.830508
-12846639.209431 -0.000000 842.033898
-12858877.222367 -0.000000 854.237288
-12807079.359168 -0.000000 866.440678
-12715274.891150 -0.000000 878.644068
-12631888.685832 -0.000000 890.847458
-12611853.831303 -0.000000 903.050847
-12662352.383962 -0.000000 915.254237
-12730152.571332 -0.000000 927.457627
-12767766.653225 -0.000000 939.661017
-12781583.906199 -0.000000 951.864407
-12787733.585151 -0.000000 964.067797
-12785143.109968 -0.000000 976.271186
-12779831.264069 -0.000000 988.474576
-12772985.554412 -0.000000 1000.677966
-12767779.554845 -0.000000 1012.881356
-12764069.628610 -0.000000 1025.084746
-12758493.655086 -0.000000 1037.288136
-12755130.652266 -0.000000 1049.491525
-12759004.434751 -0.000000 1061.694915
-12759473.428540 -0.000000 1073.898305
-12756659.536675 -0.000000 1086.101695
-12760866.869636 -0.000000 1098.305085
-12763144.869884 -0.000000 1110.508475
-12763130.495431 -0.000000 1122.711864
-12762940.275459 -0.000000 1134.915254
-12763313.144714 -0.000000 1147.118644
-12762276.262957 -0.000000 1159.322034
-12761604.939397 -0.000000 1171.525424
-12757059.395177 -0.000000 1183.728814
-12751565.245445 -0.000000 1195.932203
-12741171.617208 -0.000000 1208.135593
-12724335.526560 -0.000000 1220.338983
-12711886.651450 -0.000000 1232.542373
-12695306.470031 -0.000000 1244.745763
-12668811.700950 -0.000000 1256.949153
-12633458.751863 -0.000000 1269.152542
-12598336.348467 -0.000000 1281.355932
-12565605.371871 -0.000000 1293.559322
-12530225.911075 -0.000000 1305.762712
-12481078.530911 -0.000000 1317.966102
-12419842.992281 -0.000000 1330.169492
-12340651.696568 -0.000000 1342.372881
-12253968.180952 -0.000000 1354.576271
-12164197.701239 -0.000000 1366.779661
-12073186.709650 -0.000000 1378.983051
-11980019.510267 -0.000000 1391.186441
-11886448.074445 -0.000000 1403.389831
-11791630.399189 -0.000000 1415.593220
-11696853.524078 -0.000000 1427.796610
-11601457.959623 -0.000000 1440.000000
-11506432.609084 -0.000000 1452.203390
-11411069.892335 -0.000000 1464.406780
-11316371.217667 -0.000000 1476.610169
-11221331.161835 -0.000000 1488.813559
-11127249.140349 -0.000000 1501.016949
-11032574.039136 -0.000000 1513.220339
-10939052.079892 -0.000000 1525.423729
-10844373.879495 -0.000000 1537.627119
-10750648.443972 -0.000000 1549.830508
-10654723.310167 -0.000000 1562.033898
-10559191.098657 -0.000000 1574.237288
-10461744.320165 -0.000000 1586.440678
-10367844.717511 -0.000000 1598.644068
-10276979.320828 -0.000000 1610.847458
-10189865.046496 -0.000000 1623.050847
-10097750.484783 -0.000000 1635.254237
-10001668.949645 -0.000000 1647.457627
-9907626.162650 -0.000000 1659.661017
-9821459.870189 -0.000000 1671.864407
-9735788.770684 -0.000000 1684.067797
-9640219.188503 -0.000000 1696.271186
-9529369.070180 -0.000000 1708.474576
-9403547.673989 -0.000000 1720.677966
-9263279.912409 -0.000000 1732.881356
-9103848.412483 -0.000000 1745.084746
-8913802.591842 -0.000000 1757.288136
-8674966.887686 -0.000000 1769.491525
-8358008.046535 -0.000000 1781.694915
-7924570.688434 -0.000000 1793.898305
-7313355.953782 -0.000000 1806.101695
-6448822.517273 -0.000000 1818.305085
-5216825.110337 -0.000000 1830.508475
-3492581.375412 -0.000000 1842.711864
-1118355.964246 -0.000000 1854.915254
2008841.343214 0.000000 1867.118644
5892084.239054 0.000000 1879.322034
10266871.587170 0.000000 1891.525424
13127442.321214 0.000000 1903.728814
13602545.449078 0.000000 1915.932203
14137335.828181 0.000000 1928.135593
4346170.454432 0.000000 1940.338983
-13192688.480356 -0.000000 1952.542373
-16778234.793257 -0.000000 1964.745763
-25702694.339027 -0.000000 1976.949153
-38525206.108313 -0.000000 1989.152542
-20454257.517888 -0.000000 2001.355932
-15198274.554678 -0.000000 2013.559322
-13351073.746000 -0.000000 2025.762712
-12592855.497216 -0.000000 2037.966102
-13192978.914515 -0.000000 2050.169492
-14854215.103057 -0.000000 2062.372881
-17120275.024082 -0.000000 2074.576271
-20531170.900872 -0.000000 2086.779661
-25786846.475503 -0.000000 2098.983051
-23539799.137735 -0.000000 2111.186441
-924574669.844407 -0.000000 2123.389831
-30876048.456892 -0.000000 2135.593220
-2657354.777966 -0.000000 2147.796610
-1675493.683513 -0.000000 2160.000000
1170812.912610 0.000000 2172.203390
2172637.934541 0.000000 2184.406780
-1328641487.224113 -0.000000 2196.610169
-17259072.829296 -0.000000 2208.813559
-437355846.642042 -0.000000 2221.016949
4202052.103869 0.000000 2233.220339
7501787.734963 0.000000 2245.423729
8978578.272734 0.000000 2257.627119
8913211.641405 0.000000 2269.830508
6796306.694080 0.000000 2282.033898
3806795.533406 0.000000 2294.237288
1327515.939343 0.000000 2306.440678
-7230.348264 0.000000 2318.644068
-194349.468090 -0.000000 2330.847458
449623.499919 0.000000 2343.050847
1574171.739815 0.000000 2355.254237
2883533.087673 0.000000 2367.457627
4183064.892465 0.000000 2379.661017
5371554.807883 0.000000 2391.864407
6406691.670614 0.000000 2404.067797
7293362.566308 0.000000 2416.271186
8043409.359689 0.000000 2428.474576
8684794.519928 0.000000 2440.677966
9232818.812624 0.000000 2452.881356
9709507.865633 0.000000 2465.084746
10123418.599037 0.000000 2477.288136
10488341.120395 0.000000 2489.491525
10808412.856105 0.000000 2501.694915
11092167.083763 0.000000 2513.898305
11342046.743888 0.000000 2526.101695
11563695.133785 0.000000 2538.305085
11759416.702796 0.000000 2550.508475
11933175.129108 0.000000 2562.711864
12087546.262789 0.000000 2574.915254
12225156.750190 0.000000 2587.118644
12348858.544396 0.000000 2599.322034
12460259.732352 0.000000 2611.525424
12562318.897878 0.000000 2623.728814
12655997.744691 0.000000 2635.932203
12743977.209231 0.000000 2648.135593
12827146.103147 0.000000 2660.338983
12905799.080577 0.000000 2672.542373
12975620.930165 0.000000 2684.745763
13020664.391520 0.000000 2696.949153
13020981.010060 0.000000 2709.152542
12964067.480189 0.000000 2721.355932
12888107.721467 0.000000 2733.559322
12849234.000973 0.000000 2745.762712
12885677.962434 0.000000 2757.966102
12967340.918530 0.000000 2770.169492
13063773.241935 0.000000 2782.372881
13133399.581689 0.000000 2794.576271
13153673.506100 0.000000 2806.779661
13054104.539747 0.000000 2818.983051
12746144.285997 0.000000 2831.186441
12102015.179400 0.000000 2843.389831
11004717.280888 0.000000 2855.593220
9269436.875439 0.000000 2867.796610
6665871.097394 0.000000 2880.000000
3200759.457882 0.000000 2892.203390
65254.975177 0.000000 2904.406780
59758.812844 0.000000 2916.610169
7911606.717118 0.000000 2928.813559
22814145.076322 0.000000 2941.016949
30340269.999136 0.000000 2953.220339
30192722.399492 0.000000 2965.423729
30373207.674917 0.000000 2977.627119
30809167.802514 0.000000 2989.830508
30980807.284776 0.000000 3002.033898
31040152.276702 0.000000 3014.237288
30554715.205490 0.000000 3026.440678
30153323.775589 0.000000 3038.644068
30022837.171839 0.000000 3050.847458
29638019.715017 0.000000 3063.050847
29328294.391832 0.000000 3075.254237
29049617.989500 0.000000 3087.457627
28804847.063455 0.000000 3099.661017
28631379.745659 0.000000 3111.864407
28494621.134898 0.000000 3124.067797
28384584.938107 0.000000 3136.271186
28285300.672994 0.000000 3148.474576
28194272.937779 0.000000 3160.677966
28105023.001760 0.000000 3172.881356
28031587.247508 0.000000 3185.084746
27984296.667476 0.000000 3197.288136
28012180.975826 0.000000 3209.491525
28162391.631803 0.000000 3221.694915
28582985.898105 0.000000 3233.898305
28962605.125260 0.000000 3246.101695
28802153.377403 0.000000 3258.305085
30140394.205240 0.000000 3270.508475
33137613.141605 0.000000 3282.711864
34225113.460023 0.000000 3294.915254
33033622.218413 0.000000 3307.118644
30863083.684666 0.000000 3319.322034
29091361.242290 0.000000 3331.525424
28276111.216221 0.000000 3343.728814
21051711.604870 0.000000 3355.932203
-566595.167254 -0.000000 3368.135593
3644063.104753 0.000000 3380.338983
20647.953955 0.000000 3392.542373
35810.276209 0.000000 3404.745763
50946.196375 0.000000 3416.949153
65261.258412 0.000000 3429.152542
78640.832114 0.000000 3441.355932
90703.021593 0.000000 3453.559322
101339.042698 0.000000 3465.762712
110476.714921 0.000000 3477.966102
118174.090529 0.000000 3490.169492
124528.872759 0.000000 3502.372881
129688.332906 0.000000 3514.576271
133802.741488 0.000000 3526.779661
137026.494388 0.000000 3538.983051
139494.751368 0.000000 3551.186441
141327.380477 0.000000 3563.389831
142618.125868 0.000000 3575.593220
143439.562093 0.000000 3587.796610
143838.256013 0.000000 3600.000000
