38898.190537 0.000000 0.000000
39074.705121 0.000000 12.203390
39428.165436 0.000000 24.406780
39959.595944 0.000000 36.610169
40670.154514 0.000000 48.813559
41562.118706 0.000000 61.016949
42637.315276 0.000000 73.220339
43899.200301 0.000000 85.423729
45350.313491 0.000000 97.627119
46995.312227 0.000000 109.830508
48837.439988 0.000000 122.033898
50882.596236 0.000000 134.237288
53134.714388 0.000000 146.440678
55600.987518 0.000000 158.644068
58286.020879 0.000000 170.847458
61198.364733 0.000000 183.050847
64343.275429 0.000000 195.254237
67730.735552 0.000000 207.457627
71366.629486 0.000000 219.661017
75262.457859 0.000000 231.864407
79424.707692 0.000000 244.067797
83866.493944 0.000000 256.271186
88594.877534 0.000000 268.474576
93624.690345 0.000000 280.677966
98963.534001 0.000000 292.881356
104628.060271 0.000000 305.084746
110626.366310 0.000000 317.288136
116977.016096 0.000000 329.491525
123688.536226 0.000000 341.694915
130781.461817 0.000000 353.898305
138264.639870 0.000000 366.101695
146160.567290 0.000000 378.305085
154478.216967 0.000000 390.508475
163241.906360 0.000000 402.711864
172460.381406 0.000000 414.915254
182159.392983 0.000000 427.118644
192346.811921 0.000000 439.322034
203048.999894 0.000000 451.525424
214271.755533 0.000000 463.728814
226040.442300 0.000000 475.932203
238356.588175 0.000000 488.135593
251241.531919 0.000000 500.338983
264688.484895 0.000000 512.542373
278709.169417 0.000000 524.745763
293281.014849 0.000000 536.949153
308395.813166 0.000000 549.152542
324001.382031 0.000000 561.355932
340050.497595 0.000000 573.559322
356435.603505 0.000000 585.762712
373034.986182 0.000000 597.966102
389637.619343 0.000000 610.169492
405981.415369 0.000000 622.372881
421662.903831 0.000000 634.576271
436159.700763 0.000000 646.779661
448717.911552 0.000000 658.983051
458352.238871 0.000000 671.186441
463713.864962 0.000000 683.389831
463091.620513 0.000000 695.593220
454334.307439 0.000000 707.796610
435018.640162 0.000000 720.000000
402730.178380 0.000000 732.203390
355829.141721 0.000000 744.406780
294479.940676 0.000000 756.610169
221941.803944 0.000000 768.813559
145240.259005 0.000000 781.016949
74619.787112 0.000000 793.220339
21509105.904851 0.000000 805.423729
-2247481.303423 -0.000000 817.627119
-10243611.059421 -0.000000 829.830508
-13689498.458312 -0.000000 842.033898
-13107129.520115 -0.000000 854.237288
-12891940.915666 -0.000000 866.440678
-12824419.512937 -0.000000 878.644068
-12850774.829428 -0.000000 890.847458
-12859856.031452 -0.000000 903.050847
-12799752.525797 -0.000000 915.254237
-12693885.617016 -0.000000 927.457627
-12605889.178047 -0.000000 939.661017
-12584939.377065 -0.000000 951.864407
-12641252.961781 -0.000000 964.067797
-12713402.688691 -0.000000 976.271186
-12752024.906282 -0.000000 988.474576
-12769664.344250 -0.000000 1000.677966
-12778583.299237 -0.000000 1012.881356
-12771262.362093 -0.000000 1025.084746
-12751444.315658 -0.000000 1037.288136
-12738160.338674 -0.000000 1049.491525
-12739349.163870 -0.000000 1061.694915
-12747365.824336 -0.000000 1073.898305
-12749015.743340 -0.000000 1086.101695
-12744963.382845 -0.000000 1098.305085
-12740825.546339 -0.000000 1110.508475
-12742457.297404 -0.000000 1122.711864
-12741053.536897 -0.000000 1134.915254
-12736640.907820 -0.000000 1147.118644
-12737562.750676 -0.000000 1159.322034
-12740286.180326 -0.000000 1171.525424
-12741064.608152 -0.000000 1183.728814
-12746213.234909 -0.000000 1195.932203
-12751202.624351 -0.000000 1208.135593
-12755433.069788 -0.000000 1220.338983
-12752361.139587 -0.000000 1232.542373
-12745036.594533 -0.000000 1244.745763
-12737123.941510 -0.000000 1256.949153
-12736096.308593 -0.000000 1269.152542
-12730874.571697 -0.000000 1281.355932
-12718842.860023 -0.000000 1293.559322
-12696121.314862 -0.000000 1305.762712
-12665609.463072 -0.000000 1317.966102
-12635242.821450 -0.000000 1330.169492
-12607841.556854 -0.000000 1342.372881
-12581945.931184 -0.000000 1354.576271
-12552711.843623 -0.000000 1366.779661
-12512602.087948 -0.000000 1378.983051
-12461875.217156 -0.000000 1391.186441
-12400005.611728 -0.000000 1403.389831
-12324740.543870 -0.000000 1415.593220
-12242575.034678 -0.000000 1427.796610
-12156346.555065 -0.000000 1440.000000
-12065512.564137 -0.000000 1452.203390
-11972072.774125 -0.000000 1464.406780
-11876768.839639 -0.000000 1476.610169
-11781779.720511 -0.000000 1488.813559
-11686748.931653 -0.000000 1501.016949
-11593066.821507 -0.000000 1513.220339
-11499550.943600 -0.000000 1525.423729
-11407365.417639 -0.000000 1537.627119
-11315160.979918 -0.000000 1549.830508
-11224087.098094 -0.000000 1562.033898
-11132827.399226 -0.000000 1574.237288
-11042468.986785 -0.000000 1586.440678
-10951776.360435 -0.000000 1598.644068
-10861684.450585 -0.000000 1610.847458
-10771020.790923 -0.000000 1623.050847
-10680445.195211 -0.000000 1635.254237
-10588734.061277 -0.000000 1647.457627
-10496075.533114 -0.000000 1659.661017
-10400874.033500 -0.000000 1671.864407
-10302457.463392 -0.000000 1684.067797
-10198056.793142 -0.000000 1696.271186
-10085242.813572 -0.000000 1708.474576
-9958196.205447 -0.000000 1720.677966
-9810564.253222 -0.000000 1732.881356
-9629345.872338 -0.000000 1745.084746
-9399248.360153 -0.000000 1757.288136
-9091661.932488 -0.000000 1769.491525
-8671968.922147 -0.000000 1781.694915
-8080783.822031 -0.000000 1793.898305
-7246983.940874 -0.000000 1806.101695
-6060370.912574 -0.000000 1818.305085
-4400133.776562 -0.000000 1830.508475
-2110644.184781 -0.000000 1842.711864
929982.839214 0.000000 1854.915254
4725034.412568 0.000000 1867.118644
9263558.573137 0.000000 1879.322034
12624085.645326 0.000000 1891.525424
13474400.754286 0.000000 1903.728814
14649449.622857 0.000000 1915.932203
9904822.300323 0.000000 1928.135593
-9740079.296540 -0.000000 1940.338983
-19564015.632887 -0.000000 1952.542373
-20116265.017981 -0.000000 1964.745763
-47332826.551362 -0.000000 1976.949153
-22078701.856797 -0.000000 1989.152542
-15542851.244935 -0.000000 2001.355932
-13502282.089276 -0.000000 2013.559322
-12488651.000064 -0.000000 2025.762712
-12685856.384096 -0.000000 2037.966102
-13850996.567669 -0.000000 2050.169492
-15385286.188459 -0.000000 2062.372881
-17326638.906242 -0.000000 2074.576271
-20959006.951217 -0.000000 2086.779661
-23094943.846405 -0.000000 2098.983051
-40931904.662721 -0.000000 2111.186441
-2094431725.828500 -0.000000 2123.389831
-3235428.825441 -0.000000 2135.593220
5994311.978560 0.000000 2147.796610
16678140.059534 0.000000 2160.000000
14844653.030257 0.000000 2172.203390
16424543.185092 0.000000 2184.406780
5213067.458228 0.000000 2196.610169
-1031798.402122 -0.000000 2208.813559
8086780.174585 0.000000 2221.016949
14648946.877419 0.000000 2233.220339
16417463.989614 0.000000 2245.423729
16078393.178472 0.000000 2257.627119
12952159.804059 0.000000 2269.830508
8233014.814150 0.000000 2282.033898
4033801.883765 0.000000 2294.237288
1172614.302737 0.000000 2306.440678
-22490.769049 -0.000000 2318.644068
99289.473062 0.000000 2330.847458
1004799.418815 0.000000 2343.050847
2245326.280781 0.000000 2355.254237
3540280.405700 0.000000 2367.457627
4756313.602437 0.000000 2379.661017
5853936.192230 0.000000 2391.864407
6813535.382694 0.000000 2404.067797
7632117.368969 0.000000 2416.271186
8314400.332532 0.000000 2428.474576
8887335.717583 0.000000 2440.677966
9371547.340895 0.000000 2452.881356
9789820.586548 0.000000 2465.084746
10152263.735348 0.000000 2477.288136
10470879.680717 0.000000 2489.491525
10749990.617303 0.000000 2501.694915
10997052.201459 0.000000 2513.898305
11214727.036111 0.000000 2526.101695
11408565.608908 0.000000 2538.305085
11580566.204505 0.000000 2550.508475
11735124.322503 0.000000 2562.711864
11873536.553296 0.000000 2574.915254
11999163.116563 0.000000 2587.118644
12112290.906322 0.000000 2599.322034
12215156.492193 0.000000 2611.525424
12307169.211377 0.000000 2623.728814
12390060.872058 0.000000 2635.932203
12463513.326477 0.000000 2648.135593
12529634.228940 0.000000 2660.338983
12589076.435809 0.000000 2672.542373
12643986.953325 0.000000 2684.745763
12695610.733031 0.000000 2696.949153
12745145.502810 0.000000 2709.152542
12793154.208783 0.000000 2721.355932
12836347.309662 0.000000 2733.559322
12868663.521794 0.000000 2745.762712
12880666.884569 0.000000 2757.966102
12875157.965519 0.000000 2770.169492
12866244.825110 0.000000 2782.372881
12853433.154117 0.000000 2794.576271
12777210.749276 0.000000 2806.779661
12526983.391589 0.000000 2818.983051
12006852.141741 0.000000 2831.186441
11155100.655150 0.000000 2843.389831
9924351.520150 0.000000 2855.593220
8105213.139807 0.000000 2867.796610
5438872.081777 0.000000 2880.000000
2038287.572258 0.000000 2892.203390
-169213.508240 -0.000000 2904.406780
2026103.791285 0.000000 2916.610169
13621754.402192 0.000000 2928.813559
27319043.003936 0.000000 2941.016949
30180433.104291 0.000000 2953.220339
30206474.160307 0.000000 2965.423729
30606348.268041 0.000000 2977.627119
30893735.124561 0.000000 2989.830508
31058539.445467 0.000000 3002.033898
30891535.110703 0.000000 3014.237288
30378221.666842 0.000000 3026.440678
30132536.793188 0.000000 3038.644068
29862863.287297 0.000000 3050.847458
29473002.206450 0.000000 3063.050847
29151096.634403 0.000000 3075.254237
28843052.367737 0.000000 3087.457627
28611156.675498 0.000000 3099.661017
28443353.054169 0.000000 3111.864407
28326707.016360 0.000000 3124.067797
28238998.276735 0.000000 3136.271186
28159444.137942 0.000000 3148.474576
28081476.698573 0.000000 3160.677966
28008315.584010 0.000000 3172.881356
27962328.762756 0.000000 3185.084746
27952816.767280 0.000000 3197.288136
28025904.502682 0.000000 3209.491525
28233434.931792 0.000000 3221.694915
28681999.728070 0.000000 3233.898305
28863075.671628 0.000000 3246.101695
28951233.850536 0.000000 3258.305085
30913464.614971 0.000000 3270.508475
33633780.572667 0.000000 3282.711864
33924519.771273 0.000000 3294.915254
32662542.242728 0.000000 3307.118644
30709433.014722 0.000000 3319.322034
27689556.583640 0.000000 3331.525424
29239332.682044 0.000000 3343.728814
13090827.364384 0.000000 3355.932203
7538809.723246 0.000000 3368.135593
302034.488794 0.000000 3380.338983
20208.005451 0.000000 3392.542373
38386.370205 0.000000 3404.745763
50472.962650 0.000000 3416.949153
61241.603010 0.000000 3429.152542
70459.742257 0.000000 3441.355932
78372.011688 0.000000 3453.559322
85155.841977 0.000000 3465.762712
90831.264539 0.000000 3477.966102
95546.691312 0.000000 3490.169492
99362.048177 0.000000 3502.372881
102434.554816 0.000000 3514.576271
104841.926842 0.000000 3526.779661
106719.123110 0.000000 3538.983051
108133.361524 0.000000 3551.186441
109181.529547 0.000000 3563.389831
109909.311559 0.000000 3575.593220
110373.290289 0.000000 3587.796610
110596.069182 0.000000 3600.000000
