6551.211413 0.000000 0.000000
6564.996755 0.000000 12.203390
6592.502272 0.000000 24.406780
6633.953123 0.000000 36.610169
6689.340312 0.000000 48.813559
6758.816010 0.000000 61.016949
6842.503939 0.000000 73.220339
6940.620032 0.000000 85.423729
7053.357242 0.000000 97.627119
7181.015299 0.000000 109.830508
7323.860572 0.000000 122.033898
7482.291229 0.000000 134.237288
7656.659360 0.000000 146.440678
7847.477145 0.000000 158.644068
8055.196955 0.000000 170.847458
8280.463671 0.000000 183.050847
8523.847217 0.000000 195.254237
8786.146362 0.000000 207.457627
9068.067981 0.000000 219.661017
9370.588094 0.000000 231.864407
9694.571443 0.000000 244.067797
10041.197022 0.000000 256.271186
10411.509687 0.000000 268.474576
10806.918712 0.000000 280.677966
11228.672957 0.000000 292.881356
11678.440834 0.000000 305.084746
12157.698798 0.000000 317.288136
12668.405182 0.000000 329.491525
13212.288462 0.000000 341.694915
13791.628482 0.000000 353.898305
14408.431230 0.000000 366.101695
15065.330989 0.000000 378.305085
15764.635774 0.000000 390.508475
16509.369749 0.000000 402.711864
17302.168783 0.000000 414.915254
18146.483021 0.000000 427.118644
19045.303272 0.000000 439.322034
20002.545535 0.000000 451.525424
21021.582320 0.000000 463.728814
22106.839038 0.000000 475.932203
23262.099457 0.000000 488.135593
24492.344682 0.000000 500.338983
25801.801872 0.000000 512.542373
27196.060301 0.000000 524.745763
28679.823767 0.000000 536.949153
30259.348188 0.000000 549.152542
31939.851297 0.000000 561.355932
33728.318795 0.000000 573.559322
35630.522353 0.000000 585.762712
37654.249950 0.000000 597.966102
39805.869132 0.000000 610.169492
42094.047950 0.000000 622.372881
44525.795641 0.000000 634.576271
47110.746587 0.000000 646.779661
49856.598310 0.000000 658.983051
52774.046198 0.000000 671.186441
55871.524613 0.000000 683.389831
59160.891879 0.000000 695.593220
62651.368923 0.000000 707.796610
66356.088362 0.000000 720.000000
70285.107329 0.000000 732.203390
74452.953450 0.000000 744.406780
78870.569573 0.000000 756.610169
83554.007988 0.000000 768.813559
88515.147354 0.000000 781.016949
93771.705573 0.000000 793.220339
99336.545266 0.000000 805.423729
105229.203542 0.000000 817.627119
111463.575662 0.000000 829.830508
118061.180775 0.000000 842.033898
125036.995315 0.000000 854.237288
132414.698586 0.000000 866.440678
140210.396438 0.000000 878.644068
148450.117073 0.000000 890.847458
157151.143926 0.000000 903.050847
166342.054171 0.000000 915.254237
176041.358258 0.000000 927.457627
186280.385078 0.000000 939.661017
197078.920429 0.000000 951.864407
208471.244783 0.000000 964.067797
220478.461908 0.000000 976.271186
233137.982014 0.000000 988.474576
246472.251914 0.000000 1000.677966
260521.935169 0.000000 1012.881356
275310.812449 0.000000 1025.084746
290882.818153 0.000000 1037.288136
307262.971859 0.000000 1049.491525
324498.296032 0.000000 1061.694915
342614.791577 0.000000 1073.898305
361662.034801 0.000000 1086.101695
381666.420447 0.000000 1098.305085
402678.921580 0.000000 1110.508475
424725.118053 0.000000 1122.711864
447855.143067 0.000000 1134.915254
472091.368117 0.000000 1147.118644
497478.951850 0.000000 1159.322034
524032.448049 0.000000 1171.525424
551784.555242 0.000000 1183.728814
580733.245045 0.000000 1195.932203
610885.244365 0.000000 1208.135593
642205.385433 0.000000 1220.338983
674649.898636 0.000000 1232.542373
708119.229961 0.000000 1244.745763
742474.173812 0.000000 1256.949153
777491.772776 0.000000 1269.152542
812854.202374 0.000000 1281.355932
848103.791600 0.000000 1293.559322
882589.827351 0.000000 1305.762712
915412.679490 0.000000 1317.966102
945308.366121 0.000000 1330.169492
970567.504403 0.000000 1342.372881
988843.907557 0.000000 1354.576271
997061.827172 0.000000 1366.779661
991219.995370 0.000000 1378.983051
966494.805377 0.000000 1391.186441
917497.073232 0.000000 1403.389831
839371.650943 0.000000 1415.593220
729547.645317 0.000000 1427.796610
590489.324743 0.000000 1440.000000
431979.135285 0.000000 1452.203390
271750.579315 0.000000 1464.406780
132403.859732 0.000000 1476.610169
92486864.936011 0.000000 1488.813559
-1350410.704430 -0.000000 1501.016949
-7030796.956166 -0.000000 1513.220339
-12450654.443989 -0.000000 1525.423729
-13486751.673667 -0.000000 1537.627119
-13109127.237616 -0.000000 1549.830508
-12991683.277539 -0.000000 1562.033898
-12979631.332374 -0.000000 1574.237288
-12960908.097422 -0.000000 1586.440678
-12799663.805172 -0.000000 1598.644068
-12466518.660050 -0.000000 1610.847458
-12280357.150164 -0.000000 1623.050847
-12261906.115821 -0.000000 1635.254237
-12169015.651064 -0.000000 1647.457627
-12045257.376904 -0.000000 1659.661017
-11927250.527867 -0.000000 1671.864407
-11788495.499669 -0.000000 1684.067797
-11621581.248022 -0.000000 1696.271186
-11418174.798578 -0.000000 1708.474576
-11167902.682204 -0.000000 1720.677966
-10859297.303136 -0.000000 1732.881356
-10469819.491552 -0.000000 1745.084746
-9968652.142324 -0.000000 1757.288136
-9305037.501501 -0.000000 1769.491525
-8410598.049191 -0.000000 1781.694915
-7189604.548556 -0.000000 1793.898305
-5529505.264288 -0.000000 1806.101695
-3300158.906714 -0.000000 1818.305085
-395579.447926 -0.000000 1830.508475
3225615.651418 0.000000 1842.711864
7414540.328832 0.000000 1854.915254
11373047.032662 0.000000 1867.118644
13374391.715644 0.000000 1879.322034
13848244.234904 0.000000 1891.525424
12777252.441612 0.000000 1903.728814
-261814.734263 -0.000000 1915.932203
-14849101.573175 -0.000000 1928.135593
-14574868.458630 -0.000000 1940.338983
-93623142.086023 -0.000000 1952.542373
-26587786.450136 -0.000000 1964.745763
-16545584.297807 -0.000000 1976.949153
-13955687.555570 -0.000000 1989.152542
-13374216.477294 -0.000000 2001.355932
-14672132.158106 -0.000000 2013.559322
-17220325.212153 -0.000000 2025.762712
-19878584.632025 -0.000000 2037.966102
-22292842.927199 -0.000000 2050.169492
-24357881.699034 -0.000000 2062.372881
-26080701.731547 -0.000000 2074.576271
-27543631.104585 -0.000000 2086.779661
-28838666.280020 -0.000000 2098.983051
-29765325.461260 -0.000000 2111.186441
-30222229.017213 -0.000000 2123.389831
-25344870.937879 -0.000000 2135.593220
-34869843.163761 -0.000000 2147.796610
-151093447.439501 -0.000000 2160.000000
-55650218.802713 -0.000000 2172.203390
-7698667.826542 -0.000000 2184.406780
-7856915.273764 -0.000000 2196.610169
-7838031.684394 -0.000000 2208.813559
-8067112.253471 -0.000000 2221.016949
-7925280.579178 -0.000000 2233.220339
-7292290.721195 -0.000000 2245.423729
-5983894.414318 -0.000000 2257.627119
-4089489.192515 -0.000000 2269.830508
-2006693.603397 -0.000000 2282.033898
-64971.754578 -0.000000 2294.237288
1607013.976784 0.000000 2306.440678
3000636.129258 0.000000 2318.644068
4174219.691784 0.000000 2330.847458
5179108.782331 0.000000 2343.050847
6064440.281733 0.000000 2355.254237
6854914.387641 0.000000 2367.457627
7570394.203370 0.000000 2379.661017
8217627.758426 0.000000 2391.864407
8804565.166157 0.000000 2404.067797
9333795.054932 0.000000 2416.271186
9810506.841491 0.000000 2428.474576
10237232.122368 0.000000 2440.677966
10618560.490552 0.000000 2452.881356
10957359.332006 0.000000 2465.084746
11258125.702033 0.000000 2477.288136
11523738.263948 0.000000 2489.491525
11758745.765714 0.000000 2501.694915
11965454.526115 0.000000 2513.898305
12148762.324283 0.000000 2526.101695
12309953.441248 0.000000 2538.305085
12454558.962132 0.000000 2550.508475
12581795.052311 0.000000 2562.711864
12696700.589941 0.000000 2574.915254
12792692.287779 0.000000 2587.118644
12869439.913534 0.000000 2599.322034
12914959.149800 0.000000 2611.525424
12943949.040291 0.000000 2623.728814
12977774.773981 0.000000 2635.932203
13050608.773924 0.000000 2648.135593
13143261.156607 0.000000 2660.338983
13219617.036400 0.000000 2672.542373
13235845.755643 0.000000 2684.745763
13179894.783526 0.000000 2696.949153
13042231.620296 0.000000 2709.152542
12792568.293992 0.000000 2721.355932
12354812.372404 0.000000 2733.559322
11602595.287865 0.000000 2745.762712
10410945.110122 0.000000 2757.966102
8544524.880166 0.000000 2770.169492
5781700.261039 0.000000 2782.372881
2237993.744831 0.000000 2794.576271
-130619.899971 -0.000000 2806.779661
1810005.515222 0.000000 2818.983051
13657141.491606 0.000000 2831.186441
27294485.308444 0.000000 2843.389831
29643629.658018 0.000000 2855.593220
29786726.483823 0.000000 2867.796610
30336010.491432 0.000000 2880.000000
30701162.037003 0.000000 2892.203390
30942387.401722 0.000000 2904.406780
30854819.972336 0.000000 2916.610169
30366827.027574 0.000000 2928.813559
30153591.539255 0.000000 2941.016949
29904897.013273 0.000000 2953.220339
29523768.739708 0.000000 2965.423729
29206119.970361 0.000000 2977.627119
28905912.637001 0.000000 2989.830508
28693987.337952 0.000000 3002.033898
28543760.553892 0.000000 3014.237288
28445481.171185 0.000000 3026.440678
28360979.529460 0.000000 3038.644068
28295310.997828 0.000000 3050.847458
28228633.835815 0.000000 3063.050847
28182571.256625 0.000000 3075.254237
28157703.724090 0.000000 3087.457627
28180556.903697 0.000000 3099.661017
28287783.047914 0.000000 3111.864407
28547375.001719 0.000000 3124.067797
28945294.681776 0.000000 3136.271186
28911850.286640 0.000000 3148.474576
29387728.624056 0.000000 3160.677966
31285770.314876 0.000000 3172.881356
33348665.589823 0.000000 3185.084746
33438924.517102 0.000000 3197.288136
32401261.119619 0.000000 3209.491525
30585111.947849 0.000000 3221.694915
29435453.419316 0.000000 3233.898305
30557217.871220 0.000000 3246.101695
10295839.729050 0.000000 3258.305085
15952801.837878 0.000000 3270.508475
11037.336787 0.000000 3282.711864
20319.125399 0.000000 3294.915254
30082.129036 0.000000 3307.118644
39645.626492 0.000000 3319.322034
48812.074267 0.000000 3331.525424
57222.250469 0.000000 3343.728814
64707.139430 0.000000 3355.932203
71164.386458 0.000000 3368.135593
76588.878329 0.000000 3380.338983
81030.538035 0.000000 3392.542373
84581.930962 0.000000 3404.745763
87351.067086 0.000000 3416.949153
89456.151827 0.000000 3429.152542
91006.659375 0.000000 3441.355932
92108.704720 0.000000 3453.559322
92851.004506 0.000000 3465.762712
93315.974535 0.000000 3477.966102
93568.186635 0.000000 3490.169492
93667.003451 0.000000 3502.372881
93656.565781 0.000000 3514.576271
93577.592999 0.000000 3526.779661
93458.841479 0.000000 3538.983051
93326.896290 0.000000 3551.186441
93199.389895 0.000000 3563.389831
93092.210161 0.000000 3575.593220
93014.894249 0.000000 3587.796610
92974.706723 0.000000 3600.000000
