223145.844513 0.000000 0.000000
216275.776561 0.000000 12.203390
202314.730421 0.000000 24.406780
180961.498365 0.000000 36.610169
152083.796980 0.000000 48.813559
115939.636468 0.000000 61.016949
73257.065157 0.000000 73.220339
102406345.307911 0.000000 85.423729
-5273494.462357 -0.000000 97.627119
-14009102.689033 -0.000000 109.830508
-14078540.285545 -0.000000 122.033898
-14000925.136288 -0.000000 134.237288
-13156964.838196 -0.000000 146.440678
-12234738.433746 -0.000000 158.644068
-12528544.203265 -0.000000 170.847458
-12925538.201425 -0.000000 183.050847
-12946930.123069 -0.000000 195.254237
-12720795.577454 -0.000000 207.457627
-12367002.299136 -0.000000 219.661017
-12433685.596031 -0.000000 231.864407
-12777739.391211 -0.000000 244.067797
-12904212.009211 -0.000000 256.271186
-12890753.463280 -0.000000 268.474576
-12878176.120912 -0.000000 280.677966
-12869760.031932 -0.000000 292.881356
-12859789.321632 -0.000000 305.084746
-12851556.199079 -0.000000 317.288136
-12844264.597433 -0.000000 329.491525
-12832700.545315 -0.000000 341.694915
-12817940.138797 -0.000000 353.898305
-12806641.575257 -0.000000 366.101695
-12795858.916906 -0.000000 378.305085
-12782864.638357 -0.000000 390.508475
-12772009.469432 -0.000000 402.711864
-12765646.649856 -0.000000 414.915254
-12762852.063414 -0.000000 427.118644
-12765090.963126 -0.000000 439.322034
-12771790.774821 -0.000000 451.525424
-12781470.979372 -0.000000 463.728814
-12790729.878941 -0.000000 475.932203
-12797377.092409 -0.000000 488.135593
-12800988.717398 -0.000000 500.338983
-12802833.700171 -0.000000 512.542373
-12803301.495372 -0.000000 524.745763
-12802384.334704 -0.000000 536.949153
-12800496.158539 -0.000000 549.152542
-12798150.012625 -0.000000 561.355932
-12795592.785148 -0.000000 573.559322
-12793124.786153 -0.000000 585.762712
-12791063.795250 -0.000000 597.966102
-12789679.065979 -0.000000 610.169492
-12788959.850149 -0.000000 622.372881
-12788937.333274 -0.000000 634.576271
-12789363.126199 -0.000000 646.779661
-12790264.405878 -0.000000 658.983051
-12791234.210606 -0.000000 671.186441
-12791963.832687 -0.000000 683.389831
-12792851.595426 -0.000000 695.593220
-12793509.464783 -0.000000 707.796610
-12793873.865887 -0.000000 720.000000
-12793961.055292 -0.000000 732.203390
-12794077.768546 -0.000000 744.406780
-12793956.666139 -0.000000 756.610169
-12793696.621228 -0.000000 768.813559
-12793534.975753 -0.000000 781.016949
-12793347.667361 -0.000000 793.220339
-12793173.823706 -0.000000 805.423729
-12793225.480417 -0.000000 817.627119
-12793226.117235 -0.000000 829.830508
-12793119.384586 -0.000000 842.033898
-12793310.956789 -0.000000 854.237288
-12793262.564156 -0.000000 866.440678
-12793137.350825 -0.000000 878.644068
-12793448.101399 -0.000000 890.847458
-12793575.800828 -0.000000 903.050847
-12793498.991195 -0.000000 915.254237
-12793490.280102 -0.000000 927.457627
-12793661.214090 -0.000000 939.661017
-12793687.145954 -0.000000 951.864407
-12793715.194134 -0.000000 964.067797
-12793742.499058 -0.000000 976.271186
-12793712.176123 -0.000000 988.474576
-12793698.642349 -0.000000 1000.677966
-12793782.370914 -0.000000 1012.881356
-12793956.394144 -0.000000 1025.084746
-12794080.564742 -0.000000 1037.288136
-12794085.321195 -0.000000 1049.491525
-12794146.261020 -0.000000 1061.694915
-12794180.262404 -0.000000 1073.898305
-12794248.809774 -0.000000 1086.101695
-12794217.887682 -0.000000 1098.305085
-12794380.432790 -0.000000 1110.508475
-12794417.978743 -0.000000 1122.711864
-12794228.449956 -0.000000 1134.915254
-12794325.081713 -0.000000 1147.118644
-12794453.232283 -0.000000 1159.322034
-12794432.120960 -0.000000 1171.525424
-12794381.444958 -0.000000 1183.728814
-12794545.766491 -0.000000 1195.932203
-12794619.319012 -0.000000 1208.135593
-12794574.691152 -0.000000 1220.338983
-12794672.817990 -0.000000 1232.542373
-12794693.288777 -0.000000 1244.745763
-12794724.488787 -0.000000 1256.949153
-12794853.824839 -0.000000 1269.152542
-12794921.365928 -0.000000 1281.355932
-12794824.614096 -0.000000 1293.559322
-12794981.084180 -0.000000 1305.762712
-12794865.884679 -0.000000 1317.966102
-12794723.908169 -0.000000 1330.169492
-12794995.441018 -0.000000 1342.372881
-12795131.732557 -0.000000 1354.576271
-12795083.039436 -0.000000 1366.779661
-12795118.088800 -0.000000 1378.983051
-12795238.893870 -0.000000 1391.186441
-12795238.996819 -0.000000 1403.389831
-12795298.131951 -0.000000 1415.593220
-12795422.828752 -0.000000 1427.796610
-12795342.302621 -0.000000 1440.000000
-12795272.192535 -0.000000 1452.203390
-12795304.021011 -0.000000 1464.406780
-12795401.449968 -0.000000 1476.610169
-12795389.806489 -0.000000 1488.813559
-12795344.296796 -0.000000 1501.016949
-12795300.578286 -0.000000 1513.220339
-12795333.413108 -0.000000 1525.423729
-12795426.561933 -0.000000 1537.627119
-12795512.606994 -0.000000 1549.830508
-12795751.292792 -0.000000 1562.033898
-12795981.644516 -0.000000 1574.237288
-12796015.379639 -0.000000 1586.440678
-12796336.135212 -0.000000 1598.644068
-12796575.526544 -0.000000 1610.847458
-12796655.471697 -0.000000 1623.050847
-12796503.638694 -0.000000 1635.254237
-12796429.468480 -0.000000 1647.457627
-12796105.729586 -0.000000 1659.661017
-12795574.367855 -0.000000 1671.864407
-12795026.973730 -0.000000 1684.067797
-12794474.886196 -0.000000 1696.271186
-12794041.705210 -0.000000 1708.474576
-12794003.441549 -0.000000 1720.677966
-12794349.292121 -0.000000 1732.881356
-12795038.504367 -0.000000 1745.084746
-12796437.141176 -0.000000 1757.288136
-12797922.522172 -0.000000 1769.491525
-12799412.059807 -0.000000 1781.694915
-12800826.248847 -0.000000 1793.898305
-12802095.906485 -0.000000 1806.101695
-12803027.996949 -0.000000 1818.305085
-12802967.881656 -0.000000 1830.508475
-12800782.767027 -0.000000 1842.711864
-12796603.584584 -0.000000 1854.915254
-12790184.675186 -0.000000 1867.118644
-12782663.463555 -0.000000 1879.322034
-12776307.634333 -0.000000 1891.525424
-12774914.328183 -0.000000 1903.728814
-12778604.269709 -0.000000 1915.932203
-12787619.296720 -0.000000 1928.135593
-12799473.830040 -0.000000 1940.338983
-12810327.069818 -0.000000 1952.542373
-12823988.941439 -0.000000 1964.745763
-12841269.643258 -0.000000 1976.949153
-12858487.245601 -0.000000 1989.152542
-12868983.666776 -0.000000 2001.355932
-12887946.308925 -0.000000 2013.559322
-12937544.056684 -0.000000 2025.762712
-12997999.908556 -0.000000 2037.966102
-12563223.333797 -0.000000 2050.169492
-11529371.201486 -0.000000 2062.372881
-10278857.245652 -0.000000 2074.576271
-8587040.591083 -0.000000 2086.779661
-6459506.570822 -0.000000 2098.983051
-4073285.825508 -0.000000 2111.186441
-1011272.065117 -0.000000 2123.389831
1519963.983680 0.000000 2135.593220
-5881326.388187 -0.000000 2147.796610
-17991550.296119 -0.000000 2160.000000
-15715815.628814 -0.000000 2172.203390
-14683653.153252 -0.000000 2184.406780
-14524638.716035 -0.000000 2196.610169
-14337134.250951 -0.000000 2208.813559
-14369095.532095 -0.000000 2221.016949
-14277621.857779 -0.000000 2233.220339
-14537893.890034 -0.000000 2245.423729
-15334533.615965 -0.000000 2257.627119
-15874057.283666 -0.000000 2269.830508
-15634802.078277 -0.000000 2282.033898
-15605771.384083 -0.000000 2294.237288
-17371466.389314 -0.000000 2306.440678
-18413500.734505 -0.000000 2318.644068
-17538797.260362 -0.000000 2330.847458
-16708464.542582 -0.000000 2343.050847
-16536793.322379 -0.000000 2355.254237
-17099623.991250 -0.000000 2367.457627
-18692898.011208 -0.000000 2379.661017
-22395530.447493 -0.000000 2391.864407
-30634627.832804 -0.000000 2404.067797
-37668606.583766 -0.000000 2416.271186
-13275542.612394 -0.000000 2428.474576
-4692875.202475 -0.000000 2440.677966
-3458.157296 0.000000 2452.881356
3096170.298880 0.000000 2465.084746
5061613.093235 0.000000 2477.288136
6295494.372695 0.000000 2489.491525
7100022.417228 0.000000 2501.694915
7683476.267313 0.000000 2513.898305
8166477.174823 0.000000 2526.101695
8608865.146390 0.000000 2538.305085
9031455.626631 0.000000 2550.508475
9436444.519619 0.000000 2562.711864
9819194.724585 0.000000 2574.915254
10173499.559306 0.000000 2587.118644
10496113.702793 0.000000 2599.322034
10784771.454237 0.000000 2611.525424
11040767.836286 0.000000 2623.728814
11265083.211827 0.000000 2635.932203
11461196.642396 0.000000 2648.135593
11631185.872362 0.000000 2660.338983
11778948.006771 0.000000 2672.542373
11906530.038859 0.000000 2684.745763
12017443.820281 0.000000 2696.949153
12113232.545922 0.000000 2709.152542
12196750.337234 0.000000 2721.355932
12268948.284957 0.000000 2733.559322
12332034.876929 0.000000 2745.762712
12386379.522236 0.000000 2757.966102
12433609.549742 0.000000 2770.169492
12473609.270776 0.000000 2782.372881
12507767.998010 0.000000 2794.576271
12535922.842682 0.000000 2806.779661
12559776.647310 0.000000 2818.983051
12579373.733004 0.000000 2831.186441
12596749.259113 0.000000 2843.389831
12611853.763423 0.000000 2855.593220
12626695.262289 0.000000 2867.796610
12640717.894953 0.000000 2880.000000
12655015.561278 0.000000 2892.203390
12666930.477844 0.000000 2904.406780
12672781.867264 0.000000 2916.610169
12661619.740520 0.000000 2928.813559
12613462.248024 0.000000 2941.016949
12493603.916580 0.000000 2953.220339
12242406.541741 0.000000 2965.423729
11778551.184725 0.000000 2977.627119
10982099.156221 0.000000 2989.830508
9714912.460650 0.000000 3002.033898
7753022.770115 0.000000 3014.237288
4943672.032618 0.000000 3026.440678
1672460.125199 0.000000 3038.644068
21768.470490 0.000000 3050.847458
3062008.863626 0.000000 3063.050847
15355160.733499 0.000000 3075.254237
28284555.453828 0.000000 3087.457627
30194923.453606 0.000000 3099.661017
30298873.951655 0.000000 3111.864407
30788507.215980 0.000000 3124.067797
31197461.315571 0.000000 3136.271186
31451369.800515 0.000000 3148.474576
31158011.847420 0.000000 3160.677966
30704105.448540 0.000000 3172.881356
30525715.037426 0.000000 3185.084746
30133025.970709 0.000000 3197.288136
29757420.476330 0.000000 3209.491525
29436798.976122 0.000000 3221.694915
29142245.318311 0.000000 3233.898305
28944338.127274 0.000000 3246.101695
28793508.902133 0.000000 3258.305085
28683447.269579 0.000000 3270.508475
28593116.550120 0.000000 3282.711864
28523088.939948 0.000000 3294.915254
28464850.630604 0.000000 3307.118644
28431262.527217 0.000000 3319.322034
28427083.881364 0.000000 3331.525424
28486154.012585 0.000000 3343.728814
28634509.252849 0.000000 3355.932203
28978141.233754 0.000000 3368.135593
29383877.509100 0.000000 3380.338983
29449945.431949 0.000000 3392.542373
30057503.806451 0.000000 3404.745763
32091398.057678 0.000000 3416.949153
33720000.719667 0.000000 3429.152542
33760366.139350 0.000000 3441.355932
32710147.231532 0.000000 3453.559322
31326991.589754 0.000000 3465.762712
28454018.753875 0.000000 3477.966102
31627013.620674 0.000000 3490.169492
6973556.852002 0.000000 3502.372881
15153158.681655 0.000000 3514.576271
13669.645219 0.000000 3526.779661
22094.119728 0.000000 3538.983051
29263.426334 0.000000 3551.186441
34972.119195 0.000000 3563.389831
39323.260110 0.000000 3575.593220
42227.396348 0.000000 3587.796610
43690.535543 0.000000 3600.000000
