2043838.548355 0.000000 0.000000
2021103.933694 0.000000 12.203390
1973285.097985 0.000000 24.406780
1895864.949157 0.000000 36.610169
1782560.833999 0.000000 48.813559
1626429.114356 0.000000 61.016949
1421619.378148 0.000000 73.220339
1166163.136458 0.000000 85.423729
864584.514164 0.000000 97.627119
529197.222943 0.000000 109.830508
1024129433.351578 0.000000 122.033898
-335513.441300 -0.000000 134.237288
-5856009.606834 -0.000000 146.440678
-11167834.743701 -0.000000 158.644068
-13513435.365872 -0.000000 170.847458
-13335148.070174 -0.000000 183.050847
-13085817.673490 -0.000000 195.254237
-13029904.780256 -0.000000 207.457627
-12999740.588407 -0.000000 219.661017
-12849183.036997 -0.000000 231.864407
-12529884.721827 -0.000000 244.067797
-12346674.377522 -0.000000 256.271186
-12305857.617192 -0.000000 268.474576
-12190560.478924 -0.000000 280.677966
-12072806.516606 -0.000000 292.881356
-11978179.227731 -0.000000 305.084746
-11887221.496602 -0.000000 317.288136
-11792366.368342 -0.000000 329.491525
-11693443.476601 -0.000000 341.694915
-11587885.553179 -0.000000 353.898305
-11484398.621460 -0.000000 366.101695
-11383326.365278 -0.000000 378.305085
-11286323.985003 -0.000000 390.508475
-11180722.880994 -0.000000 402.711864
-11063030.198841 -0.000000 414.915254
-10937260.971375 -0.000000 427.118644
-10814137.593145 -0.000000 439.322034
-10696894.368085 -0.000000 451.525424
-10583556.669343 -0.000000 463.728814
-10472013.318031 -0.000000 475.932203
-10359824.077361 -0.000000 488.135593
-10247762.318497 -0.000000 500.338983
-10134374.918107 -0.000000 512.542373
-10021150.695139 -0.000000 524.745763
-9906714.457520 -0.000000 536.949153
-9792492.146814 -0.000000 549.152542
-9677299.557482 -0.000000 561.355932
-9562282.781165 -0.000000 573.559322
-9446534.248440 -0.000000 585.762712
-9330876.416521 -0.000000 597.966102
-9214682.869641 -0.000000 610.169492
-9098496.834733 -0.000000 622.372881
-8981922.088153 -0.000000 634.576271
-8865297.476092 -0.000000 646.779661
-8748388.328233 -0.000000 658.983051
-8631401.490419 -0.000000 671.186441
-8514202.121815 -0.000000 683.389831
-8396921.113674 -0.000000 695.593220
-8279477.838223 -0.000000 707.796610
-8161964.835745 -0.000000 720.000000
-8044325.662727 -0.000000 732.203390
-7926636.700380 -0.000000 744.406780
-7808846.539812 -0.000000 756.610169
-7691025.864360 -0.000000 768.813559
-7573114.301616 -0.000000 781.016949
-7455177.779736 -0.000000 793.220339
-7337132.893229 -0.000000 805.423729
-7219032.988778 -0.000000 817.627119
-7100754.717223 -0.000000 829.830508
-6982325.562077 -0.000000 842.033898
-6863567.799515 -0.000000 854.237288
-6744477.056276 -0.000000 866.440678
-6624827.902688 -0.000000 878.644068
-6504618.066009 -0.000000 890.847458
-6383672.386154 -0.000000 903.050847
-6262216.992960 -0.000000 915.254237
-6140558.438895 -0.000000 927.457627
-6019721.199429 -0.000000 939.661017
-5900816.566305 -0.000000 951.864407
-5784993.686277 -0.000000 964.067797
-5672034.202249 -0.000000 976.271186
-5560422.813755 -0.000000 988.474576
-5447449.660120 -0.000000 1000.677966
-5331196.184146 -0.000000 1012.881356
-5211108.426426 -0.000000 1025.084746
-5088378.177795 -0.000000 1037.288136
-4964502.131372 -0.000000 1049.491525
-4840868.971876 -0.000000 1061.694915
-4718024.756301 -0.000000 1073.898305
-4596210.849112 -0.000000 1086.101695
-4475237.550795 -0.000000 1098.305085
-4354999.870507 -0.000000 1110.508475
-4235251.588528 -0.000000 1122.711864
-4115900.580521 -0.000000 1134.915254
-3996776.261809 -0.000000 1147.118644
-3877828.063297 -0.000000 1159.322034
-3758955.848713 -0.000000 1171.525424
-3640137.970182 -0.000000 1183.728814
-3521326.848290 -0.000000 1195.932203
-3402513.445481 -0.000000 1208.135593
-3283684.397762 -0.000000 1220.338983
-3164830.610806 -0.000000 1232.542373
-3045959.751374 -0.000000 1244.745763
-2927055.732285 -0.000000 1256.949153
-2808139.297971 -0.000000 1269.152542
-2689184.909331 -0.000000 1281.355932
-2570223.301667 -0.000000 1293.559322
-2451223.005689 -0.000000 1305.762712
-2332232.333477 -0.000000 1317.966102
-2213235.887833 -0.000000 1330.169492
-2094342.141726 -0.000000 1342.372881
-1975634.999365 -0.000000 1354.576271
-1857433.228728 -0.000000 1366.779661
-1740180.386511 -0.000000 1378.983051
-1624843.485873 -0.000000 1391.186441
-1512925.439001 -0.000000 1403.389831
-1407135.109785 -0.000000 1415.593220
-1311631.883570 -0.000000 1427.796610
-1233135.695638 -0.000000 1440.000000
-1181321.671274 -0.000000 1452.203390
-1170297.330545 -0.000000 1464.406780
-1217874.166382 -0.000000 1476.610169
-1346265.550463 -0.000000 1488.813559
-1574900.739871 -0.000000 1501.016949
-1920654.936498 -0.000000 1513.220339
-2375088.619907 -0.000000 1525.423729
-2944167.047382 -0.000000 1537.627119
-3578836.695660 -0.000000 1549.830508
-4292976.496290 -0.000000 1562.033898
-828344.717024 -0.000000 1574.237288
6898712.373714 0.000000 1586.440678
10365477.854290 0.000000 1598.644068
9656540.358211 0.000000 1610.847458
9032189.594662 0.000000 1623.050847
8482187.929651 0.000000 1635.254237
8061352.733223 0.000000 1647.457627
7772591.871743 0.000000 1659.661017
7636889.325607 0.000000 1671.864407
7654551.862908 0.000000 1684.067797
7826616.102306 0.000000 1696.271186
8153056.013300 0.000000 1708.474576
8631634.776565 0.000000 1720.677966
9253668.167163 0.000000 1732.881356
9996114.600853 0.000000 1745.084746
10848746.810492 0.000000 1757.288136
11748334.287060 0.000000 1769.491525
10609120.229972 0.000000 1781.694915
3381040.524099 0.000000 1793.898305
-1951945.930506 -0.000000 1806.101695
-1230979.320705 -0.000000 1818.305085
-359717.021856 -0.000000 1830.508475
477162.609238 0.000000 1842.711864
1193657.877568 0.000000 1854.915254
1810841.577306 0.000000 1867.118644
2310989.671978 0.000000 1879.322034
2711867.733621 0.000000 1891.525424
3034073.427385 0.000000 1903.728814
3304690.393446 0.000000 1915.932203
3549931.364333 0.000000 1928.135593
3795488.179422 0.000000 1940.338983
4067906.907671 0.000000 1952.542373
4399978.764627 0.000000 1964.745763
4829038.043818 0.000000 1976.949153
5413519.016961 0.000000 1989.152542
6204949.974151 0.000000 2001.355932
7301615.753961 0.000000 2013.559322
8628080.067658 0.000000 2025.762712
10259391.161351 0.000000 2037.966102
12353590.780695 0.000000 2050.169492
13408753.808330 0.000000 2062.372881
13481103.491094 0.000000 2074.576271
13444625.481494 0.000000 2086.779661
9412407.883795 0.000000 2098.983051
-1662719.553645 -0.000000 2111.186441
-12222110.699917 -0.000000 2123.389831
-23358976.270257 -0.000000 2135.593220
-78992790.737748 -0.000000 2147.796610
-25547425.630442 -0.000000 2160.000000
-16598078.044748 -0.000000 2172.203390
-14189105.964914 -0.000000 2184.406780
-14904232.762119 -0.000000 2196.610169
-17931560.276138 -0.000000 2208.813559
-21523644.724478 -0.000000 2221.016949
-21883602.688229 -0.000000 2233.220339
-19575549.194666 -0.000000 2245.423729
-17924195.242864 -0.000000 2257.627119
-16557617.003737 -0.000000 2269.830508
-15480927.374766 -0.000000 2282.033898
-14762530.431307 -0.000000 2294.237288
-14554967.842503 -0.000000 2306.440678
-14840146.471924 -0.000000 2318.644068
-15216116.361581 -0.000000 2330.847458
-15545633.448891 -0.000000 2343.050847
-16360133.624042 -0.000000 2355.254237
-18227762.815205 -0.000000 2367.457627
-22070155.701308 -0.000000 2379.661017
-30140194.559423 -0.000000 2391.864407
-42789820.303783 -0.000000 2404.067797
-15755827.488036 -0.000000 2416.271186
-7344659.749946 -0.000000 2428.474576
-4017104.838295 -0.000000 2440.677966
-186414.480969 -0.000000 2452.881356
2764038.420956 0.000000 2465.084746
4926581.757666 0.000000 2477.288136
6539930.446591 0.000000 2489.491525
7819049.813973 0.000000 2501.694915
8917088.315800 0.000000 2513.898305
9933802.783111 0.000000 2526.101695
10895063.546263 0.000000 2538.305085
11792070.477916 0.000000 2550.508475
12608433.774257 0.000000 2562.711864
13344330.058057 0.000000 2574.915254
13995602.830174 0.000000 2587.118644
14567249.750040 0.000000 2599.322034
15010060.915765 0.000000 2611.525424
15322810.670895 0.000000 2623.728814
15533949.949409 0.000000 2635.932203
15592242.469552 0.000000 2648.135593
15578031.189055 0.000000 2660.338983
15524441.418768 0.000000 2672.542373
15437141.960356 0.000000 2684.745763
15428713.641186 0.000000 2696.949153
15511860.090358 0.000000 2709.152542
15599441.448926 0.000000 2721.355932
15628844.797516 0.000000 2733.559322
15609550.959798 0.000000 2745.762712
15577537.209160 0.000000 2757.966102
15548641.353468 0.000000 2770.169492
15531938.614825 0.000000 2782.372881
15542494.348972 0.000000 2794.576271
15578973.060149 0.000000 2806.779661
15624596.945388 0.000000 2818.983051
15651836.677505 0.000000 2831.186441
15642434.226501 0.000000 2843.389831
15606562.318118 0.000000 2855.593220
15570054.969569 0.000000 2867.796610
15558661.158490 0.000000 2880.000000
15576290.701287 0.000000 2892.203390
15609954.842905 0.000000 2904.406780
15642107.324159 0.000000 2916.610169
15601945.098544 0.000000 2928.813559
15475422.930367 0.000000 2941.016949
15566093.606506 0.000000 2953.220339
16152289.712573 0.000000 2965.423729
16997554.167144 0.000000 2977.627119
17938895.642097 0.000000 2989.830508
15319726.401690 0.000000 3002.033898
8533321.908933 0.000000 3014.237288
1827169.087127 0.000000 3026.440678
-2036838.195347 -0.000000 3038.644068
7182604.636397 0.000000 3050.847458
26654732.636508 0.000000 3063.050847
31282675.119650 0.000000 3075.254237
30442625.695390 0.000000 3087.457627
30810641.231897 0.000000 3099.661017
31610569.737242 0.000000 3111.864407
32064636.799797 0.000000 3124.067797
31903899.988320 0.000000 3136.271186
31542288.879425 0.000000 3148.474576
30939679.629207 0.000000 3160.677966
30680126.205093 0.000000 3172.881356
30608357.682078 0.000000 3185.084746
30278755.664050 0.000000 3197.288136
30014024.116144 0.000000 3209.491525
29786852.719687 0.000000 3221.694915
29587647.898267 0.000000 3233.898305
29435662.376601 0.000000 3246.101695
29295403.865009 0.000000 3258.305085
29155361.522523 0.000000 3270.508475
29003498.444697 0.000000 3282.711864
28842345.464516 0.000000 3294.915254
28682578.345435 0.000000 3307.118644
28547762.224950 0.000000 3319.322034
28473600.604857 0.000000 3331.525424
28505241.768583 0.000000 3343.728814
28781211.242837 0.000000 3355.932203
29175736.514738 0.000000 3368.135593
28668182.780001 0.000000 3380.338983
29878423.640150 0.000000 3392.542373
34178534.065309 0.000000 3404.745763
35913557.675746 0.000000 3416.949153
34533827.532836 0.000000 3429.152542
32351886.863191 0.000000 3441.355932
30567852.320676 0.000000 3453.559322
29198005.683507 0.000000 3465.762712
21726662.975841 0.000000 3477.966102
272748.866823 0.000000 3490.169492
45981201.370626 0.000000 3502.372881
256438.997893 0.000000 3514.576271
406225.443347 0.000000 3526.779661
536768.572993 0.000000 3538.983051
646449.581743 0.000000 3551.186441
735063.233897 0.000000 3563.389831
801840.430703 0.000000 3575.593220
846515.432814 0.000000 3587.796610
868877.275943 0.000000 3600.000000
