1351674.276374 0.000000 0.000000
1353789.837223 0.000000 12.203390
1357916.697742 0.000000 24.406780
1363811.843032 0.000000 36.610169
1371118.069040 0.000000 48.813559
1379254.941875 0.000000 61.016949
1387462.444166 0.000000 73.220339
1394602.965662 0.000000 85.423729
1399212.556581 0.000000 97.627119
1399198.582099 0.000000 109.830508
1391900.312515 0.000000 122.033898
1373711.004408 0.000000 134.237288
1340256.368317 0.000000 146.440678
1286192.642585 0.000000 158.644068
1205989.807378 0.000000 170.847458
1094668.697617 0.000000 183.050847
950052.806393 0.000000 195.254237
774838.204123 0.000000 207.457627
579168.457967 0.000000 219.661017
380434.672945 0.000000 231.864407
200551.687415 0.000000 244.067797
1301841590.680752 0.000000 256.271186
-3750686.918585 -0.000000 268.474576
-9803123.035960 -0.000000 280.677966
-13089340.616399 -0.000000 292.881356
-13427604.488968 -0.000000 305.084746
-13127784.541368 -0.000000 317.288136
-13070125.021629 -0.000000 329.491525
-13069581.974562 -0.000000 341.694915
-12996594.060573 -0.000000 353.898305
-12690484.100379 -0.000000 366.101695
-12347781.299570 -0.000000 378.305085
-12249246.776939 -0.000000 390.508475
-12118712.168000 -0.000000 402.711864
-11931144.860667 -0.000000 414.915254
-11771051.922871 -0.000000 427.118644
-11609267.165064 -0.000000 439.322034
-11447458.421318 -0.000000 451.525424
-11284731.064891 -0.000000 463.728814
-11127857.042048 -0.000000 475.932203
-10975005.810721 -0.000000 488.135593
-10819108.947029 -0.000000 500.338983
-10649351.001638 -0.000000 512.542373
-10463925.220809 -0.000000 524.745763
-10266980.095697 -0.000000 536.949153
-10067193.824514 -0.000000 549.152542
-9870002.156977 -0.000000 561.355932
-9679523.949574 -0.000000 573.559322
-9496722.122380 -0.000000 585.762712
-9321593.010676 -0.000000 597.966102
-9150657.774571 -0.000000 610.169492
-8978946.717120 -0.000000 622.372881
-8800316.282357 -0.000000 634.576271
-8611331.794325 -0.000000 646.779661
-8411313.004875 -0.000000 658.983051
-8204507.475790 -0.000000 671.186441
-7998721.321842 -0.000000 683.389831
-7804931.546864 -0.000000 695.593220
-7629575.454028 -0.000000 707.796610
-7469375.335936 -0.000000 720.000000
-7310477.664760 -0.000000 732.203390
-7140914.894897 -0.000000 744.406780
-6957678.362647 -0.000000 756.610169
-6766583.156596 -0.000000 768.813559
-6572850.173761 -0.000000 781.016949
-6379346.431299 -0.000000 793.220339
-6185900.497925 -0.000000 805.423729
-5993141.309111 -0.000000 817.627119
-5801007.528352 -0.000000 829.830508
-5609997.136198 -0.000000 842.033898
-5418947.394359 -0.000000 854.237288
-5226944.413186 -0.000000 866.440678
-5032341.511176 -0.000000 878.644068
-4835808.020106 -0.000000 890.847458
-4640212.483498 -0.000000 903.050847
-4452087.144445 -0.000000 915.254237
-4276265.903904 -0.000000 927.457627
-4111348.090117 -0.000000 939.661017
-3946943.128560 -0.000000 951.864407
-3771990.137387 -0.000000 964.067797
-3582113.144897 -0.000000 976.271186
-3381781.461851 -0.000000 988.474576
-3178234.327638 -0.000000 1000.677966
-2977606.227039 -0.000000 1012.881356
-2783288.352252 -0.000000 1025.084746
-2596874.330509 -0.000000 1037.288136
-2417963.200322 -0.000000 1049.491525
-2243478.779140 -0.000000 1061.694915
-2068191.889511 -0.000000 1073.898305
-1886147.608406 -0.000000 1086.101695
-1693740.004839 -0.000000 1098.305085
-1490358.140316 -0.000000 1110.508475
-1280145.839435 -0.000000 1122.711864
-1070942.443420 -0.000000 1134.915254
-873774.783219 -0.000000 1147.118644
-695271.027515 -0.000000 1159.322034
-532346.602342 -0.000000 1171.525424
-371188.799137 -0.000000 1183.728814
-199685.301997 -0.000000 1195.932203
-14591.265816 -0.000000 1208.135593
178405.395498 0.000000 1220.338983
374114.449132 0.000000 1232.542373
569614.223706 0.000000 1244.745763
765037.905246 0.000000 1256.949153
959717.694828 0.000000 1269.152542
1153706.446136 0.000000 1281.355932
1346501.718639 0.000000 1293.559322
1539276.083318 0.000000 1305.762712
1732965.156227 0.000000 1317.966102
1929241.888726 0.000000 1330.169492
2127485.429668 0.000000 1342.372881
2324849.687969 0.000000 1354.576271
2514811.421313 0.000000 1366.779661
2692451.768259 0.000000 1378.983051
2859093.036735 0.000000 1391.186441
3025050.553011 0.000000 1403.389831
3201462.094019 0.000000 1415.593220
3392773.862523 0.000000 1427.796610
3594620.677446 0.000000 1440.000000
3799719.535343 0.000000 1452.203390
4001929.397001 0.000000 1464.406780
4197750.246861 0.000000 1476.610169
4385590.972275 0.000000 1488.813559
4565755.596716 0.000000 1501.016949
4741348.939262 0.000000 1513.220339
4917498.009519 0.000000 1525.423729
5100189.672902 0.000000 1537.627119
5292914.496587 0.000000 1549.830508
5496346.113240 0.000000 1562.033898
5706270.203516 0.000000 1574.237288
5914968.853047 0.000000 1586.440678
6111287.483392 0.000000 1598.644068
6288517.192767 0.000000 1610.847458
6449342.673431 0.000000 1623.050847
6607448.660194 0.000000 1635.254237
6774817.847038 0.000000 1647.457627
6954912.826719 0.000000 1659.661017
7141956.746771 0.000000 1671.864407
7330691.495400 0.000000 1684.067797
7517778.363780 0.000000 1696.271186
7703114.595191 0.000000 1708.474576
7885565.990805 0.000000 1720.677966
8064811.140499 0.000000 1732.881356
8239537.092395 0.000000 1745.084746
8409951.493974 0.000000 1757.288136
8575566.022204 0.000000 1769.491525
8737032.802496 0.000000 1781.694915
8893995.744302 0.000000 1793.898305
9046937.507274 0.000000 1806.101695
9195422.079591 0.000000 1818.305085
9339743.344361 0.000000 1830.508475
9479605.823309 0.000000 1842.711864
9615234.765860 0.000000 1854.915254
9746941.121601 0.000000 1867.118644
9875245.304932 0.000000 1879.322034
10002248.579256 0.000000 1891.525424
10130175.960978 0.000000 1903.728814
10266258.521911 0.000000 1915.932203
10418410.866102 0.000000 1928.135593
10607159.778756 0.000000 1940.338983
10847062.754801 0.000000 1952.542373
11184798.857044 0.000000 1964.745763
11542994.218479 0.000000 1976.949153
11920552.374339 0.000000 1989.152542
12558543.554321 0.000000 2001.355932
12980756.893063 0.000000 2013.559322
13048883.357839 0.000000 2025.762712
13224592.193656 0.000000 2037.966102
13136180.033050 0.000000 2050.169492
10433138.461077 0.000000 2062.372881
4472091.917632 0.000000 2074.576271
-4438362.764962 -0.000000 2086.779661
-14877143.501224 -0.000000 2098.983051
-26074005.320694 -0.000000 2111.186441
-95825473.532400 -0.000000 2123.389831
-23422449.055574 -0.000000 2135.593220
-15660410.868050 -0.000000 2147.796610
-15850685.387477 -0.000000 2160.000000
-19147120.197969 -0.000000 2172.203390
-23344081.402822 -0.000000 2184.406780
-27284649.727722 -0.000000 2196.610169
-30781910.312669 -0.000000 2208.813559
-33593365.087055 -0.000000 2221.016949
-35642308.149798 -0.000000 2233.220339
-35669705.258008 -0.000000 2245.423729
-29768273.768068 -0.000000 2257.627119
-21916114.495768 -0.000000 2269.830508
-18385593.447602 -0.000000 2282.033898
-52271230.045718 -0.000000 2294.237288
-293764621.254300 -0.000000 2306.440678
-12271153.360753 -0.000000 2318.644068
-5903368.973937 -0.000000 2330.847458
-7241271.859281 -0.000000 2343.050847
-6778994.662707 -0.000000 2355.254237
-6663753.282717 -0.000000 2367.457627
-7020077.538246 -0.000000 2379.661017
-7490757.999027 -0.000000 2391.864407
-7396930.742382 -0.000000 2404.067797
-6365069.083450 -0.000000 2416.271186
-4531017.090716 -0.000000 2428.474576
-2307302.522085 -0.000000 2440.677966
-28460.315980 0.000000 2452.881356
2092624.905617 0.000000 2465.084746
3987146.713390 0.000000 2477.288136
5642844.367111 0.000000 2489.491525
7091460.367418 0.000000 2501.694915
8362722.191168 0.000000 2513.898305
9489158.606824 0.000000 2526.101695
10492972.515236 0.000000 2538.305085
11392751.568627 0.000000 2550.508475
12201233.915455 0.000000 2562.711864
12927990.230845 0.000000 2574.915254
13580240.928019 0.000000 2587.118644
14160142.686823 0.000000 2599.322034
14670800.908365 0.000000 2611.525424
15078687.397386 0.000000 2623.728814
15358493.746489 0.000000 2635.932203
15547708.904190 0.000000 2648.135593
15621007.027843 0.000000 2660.338983
15617944.563008 0.000000 2672.542373
15562099.249029 0.000000 2684.745763
15370293.265635 0.000000 2696.949153
15168515.683330 0.000000 2709.152542
15350583.288339 0.000000 2721.355932
15646998.708548 0.000000 2733.559322
15443683.531466 0.000000 2745.762712
15067554.578825 0.000000 2757.966102
15454240.809166 0.000000 2770.169492
16307308.370723 0.000000 2782.372881
16578975.577376 0.000000 2794.576271
16420907.122321 0.000000 2806.779661
16205905.048259 0.000000 2818.983051
16016764.603977 0.000000 2831.186441
15845805.188717 0.000000 2843.389831
15718423.406257 0.000000 2855.593220
15686283.341078 0.000000 2867.796610
15734011.468827 0.000000 2880.000000
15798103.377228 0.000000 2892.203390
15845901.405305 0.000000 2904.406780
15999045.146717 0.000000 2916.610169
16557915.787745 0.000000 2928.813559
17854976.871389 0.000000 2941.016949
19747629.588955 0.000000 2953.220339
14818734.973409 0.000000 2965.423729
7138197.633034 0.000000 2977.627119
974445.128489 0.000000 2989.830508
-1948636.866954 -0.000000 3002.033898
7306852.616397 0.000000 3014.237288
25946550.517040 0.000000 3026.440678
30850702.925604 0.000000 3038.644068
30259720.235307 0.000000 3050.847458
30713326.609059 0.000000 3063.050847
31565952.410899 0.000000 3075.254237
32093903.758039 0.000000 3087.457627
32043799.821297 0.000000 3099.661017
31723267.637928 0.000000 3111.864407
31197735.167698 0.000000 3124.067797
30992407.252918 0.000000 3136.271186
30825981.534141 0.000000 3148.474576
30457011.792797 0.000000 3160.677966
30156376.491150 0.000000 3172.881356
29891804.444200 0.000000 3185.084746
29693632.856048 0.000000 3197.288136
29554703.669072 0.000000 3209.491525
29446938.674684 0.000000 3221.694915
29348243.777056 0.000000 3233.898305
29248852.857917 0.000000 3246.101695
29145275.647682 0.000000 3258.305085
29049260.618321 0.000000 3270.508475
28974338.964632 0.000000 3282.711864
28957373.652085 0.000000 3294.915254
29032472.892540 0.000000 3307.118644
29338655.637137 0.000000 3319.322034
29660538.336003 0.000000 3331.525424
29414285.790609 0.000000 3343.728814
30411231.045881 0.000000 3355.932203
33535688.849004 0.000000 3368.135593
35224131.866212 0.000000 3380.338983
34530887.342632 0.000000 3392.542373
32716052.343616 0.000000 3404.745763
31310390.641187 0.000000 3416.949153
31123482.349685 0.000000 3429.152542
25711926.722590 0.000000 3441.355932
-213411.894383 -0.000000 3453.559322
64690419.034211 0.000000 3465.762712
170118.699700 0.000000 3477.966102
276167.264436 0.000000 3490.169492
374308.295262 0.000000 3502.372881
462775.580572 0.000000 3514.576271
540788.673035 0.000000 3526.779661
607503.366704 0.000000 3538.983051
662639.035823 0.000000 3551.186441
706191.325755 0.000000 3563.389831
738416.442348 0.000000 3575.593220
759642.574406 0.000000 3587.796610
770170.177680 0.000000 3600.000000
