31472.739327 0.000000 0.000000
31486.990661 0.000000 12.203390
31515.348191 0.000000 24.406780
31557.882199 0.000000 36.610169
31614.333104 0.000000 48.813559
31684.560140 0.000000 61.016949
31768.261448 0.000000 73.220339
31865.213539 0.000000 85.423729
31975.012186 0.000000 97.627119
32097.368888 0.000000 109.830508
32231.780293 0.000000 122.033898
32377.904449 0.000000 134.237288
32535.148918 0.000000 146.440678
32703.129473 0.000000 158.644068
32881.175347 0.000000 170.847458
33068.872176 0.000000 183.050847
33265.482624 0.000000 195.254237
33470.574473 0.000000 207.457627
33683.355297 0.000000 219.661017
33903.386570 0.000000 231.864407
34129.831436 0.000000 244.067797
34362.255865 0.000000 256.271186
34599.787921 0.000000 268.474576
34842.007326 0.000000 280.677966
35088.015172 0.000000 292.881356
35337.412603 0.000000 305.084746
35589.279461 0.000000 317.288136
35843.244331 0.000000 329.491525
36098.369843 0.000000 341.694915
36354.316493 0.000000 353.898305
36610.133036 0.000000 366.101695
36865.514215 0.000000 378.305085
37119.495641 0.000000 390.508475
37371.808868 0.000000 402.711864
37621.476559 0.000000 414.915254
37868.267656 0.000000 427.118644
38111.192582 0.000000 439.322034
38350.058602 0.000000 451.525424
38583.863235 0.000000 463.728814
38812.454550 0.000000 475.932203
39034.817476 0.000000 488.135593
39250.842612 0.000000 500.338983
39459.504844 0.000000 512.542373
39660.741283 0.000000 524.745763
39853.519683 0.000000 536.949153
40037.830552 0.000000 549.152542
40212.640027 0.000000 561.355932
40377.998792 0.000000 573.559322
40532.879486 0.000000 585.762712
40677.405483 0.000000 597.966102
40810.565369 0.000000 610.169492
40932.567700 0.000000 622.372881
41042.430962 0.000000 634.576271
41140.465215 0.000000 646.779661
41225.733741 0.000000 658.983051
41298.667663 0.000000 671.186441
41358.393367 0.000000 683.389831
41405.484304 0.000000 695.593220
41439.150980 0.000000 707.796610
41460.134067 0.000000 720.000000
41467.751613 0.000000 732.203390
41462.939293 0.000000 744.406780
41445.148707 0.000000 756.610169
41415.540194 0.000000 768.813559
41373.728970 0.000000 781.016949
41321.133367 0.000000 793.220339
41257.563211 0.000000 805.423729
41184.733023 0.000000 817.627119
41102.682825 0.000000 829.830508
41013.460833 0.000000 842.033898
40917.375885 0.000000 854.237288
40816.854280 0.000000 866.440678
40712.514683 0.000000 878.644068
40607.207105 0.000000 890.847458
40501.904097 0.000000 903.050847
40399.929770 0.000000 915.254237
40302.658027 0.000000 927.457627
40213.937956 0.000000 939.661017
40135.595655 0.000000 951.864407
40072.060790 0.000000 964.067797
40025.664563 0.000000 976.271186
40001.475281 0.000000 988.474576
40002.383658 0.000000 1000.677966
40034.157000 0.000000 1012.881356
40100.305564 0.000000 1025.084746
40207.358411 0.000000 1037.288136
40359.504620 0.000000 1049.491525
40564.099504 0.000000 1061.694915
40826.075348 0.000000 1073.898305
41153.681197 0.000000 1086.101695
41552.657070 0.000000 1098.305085
42032.213669 0.000000 1110.508475
42598.966858 0.000000 1122.711864
43263.157782 0.000000 1134.915254
44032.345414 0.000000 1147.118644
44917.867577 0.000000 1159.322034
45928.293445 0.000000 1171.525424
47076.120168 0.000000 1183.728814
48370.988934 0.000000 1195.932203
49826.609865 0.000000 1208.135593
51453.749530 0.000000 1220.338983
53267.367030 0.000000 1232.542373
55279.390677 0.000000 1244.745763
57506.041118 0.000000 1256.949153
59960.416763 0.000000 1269.152542
62659.968343 0.000000 1281.355932
65618.929437 0.000000 1293.559322
68855.887855 0.000000 1305.762712
72386.107601 0.000000 1317.966102
76229.124697 0.000000 1330.169492
80401.026132 0.000000 1342.372881
84921.966234 0.000000 1354.576271
89808.495078 0.000000 1366.779661
95080.849761 0.000000 1378.983051
100755.460371 0.000000 1391.186441
106851.822848 0.000000 1403.389831
113385.346638 0.000000 1415.593220
120373.550765 0.000000 1427.796610
127829.487964 0.000000 1440.000000
135766.903343 0.000000 1452.203390
144194.557232 0.000000 1464.406780
153119.871999 0.000000 1476.610169
162544.593221 0.000000 1488.813559
172466.279994 0.000000 1501.016949
182875.924388 0.000000 1513.220339
193756.416309 0.000000 1525.423729
205082.988750 0.000000 1537.627119
216817.470614 0.000000 1549.830508
228912.792770 0.000000 1562.033898
241301.406326 0.000000 1574.237288
253905.611201 0.000000 1586.440678
266617.879369 0.000000 1598.644068
279319.554781 0.000000 1610.847458
291849.910871 0.000000 1623.050847
304036.922981 0.000000 1635.254237
315650.534564 0.000000 1647.457627
326450.964827 0.000000 1659.661017
336119.628631 0.000000 1671.864407
344333.097136 0.000000 1684.067797
350662.042637 0.000000 1696.271186
354683.071709 0.000000 1708.474576
355831.349335 0.000000 1720.677966
353568.860203 0.000000 1732.881356
347169.112659 0.000000 1745.084746
335970.201749 0.000000 1757.288136
319058.833309 0.000000 1769.491525
295651.701699 0.000000 1781.694915
264629.223524 0.000000 1793.898305
225111.490942 0.000000 1806.101695
175768.079233 0.000000 1818.305085
115686.837091 0.000000 1830.508475
43357.200158 0.000000 1842.711864
-42033.178046 -0.000000 1854.915254
-142057.145570 -0.000000 1867.118644
-257181.951245 -0.000000 1879.322034
-388679.573779 -0.000000 1891.525424
-536247.386116 -0.000000 1903.728814
-699675.827108 -0.000000 1915.932203
-877264.193248 -0.000000 1928.135593
-1062869.565162 -0.000000 1940.338983
-1253141.283904 -0.000000 1952.542373
-1415650.286054 -0.000000 1964.745763
-1549149.280851 -0.000000 1976.949153
-1485433.031106 -0.000000 1989.152542
-72350725.719203 -0.000000 2001.355932
-74542468.542730 -0.000000 2013.559322
-9249877.202679 -0.000000 2025.762712
-7558663.530237 -0.000000 2037.966102
626481.668271 0.000000 2050.169492
9061480.630601 0.000000 2062.372881
14996077.382678 0.000000 2074.576271
16896609.738882 0.000000 2086.779661
16574626.194435 0.000000 2098.983051
15308833.900082 0.000000 2111.186441
10938094.658993 0.000000 2123.389831
5115130.844684 0.000000 2135.593220
147435.201640 0.000000 2147.796610
-3245807.164632 -0.000000 2160.000000
-5129960.977728 -0.000000 2172.203390
-5932083.910094 -0.000000 2184.406780
-6086241.300105 -0.000000 2196.610169
-5929953.914939 -0.000000 2208.813559
-5678798.061602 -0.000000 2221.016949
-5439327.781409 -0.000000 2233.220339
-5236507.414137 -0.000000 2245.423729
-5055039.819416 -0.000000 2257.627119
-4866213.977201 -0.000000 2269.830508
-4649986.832817 -0.000000 2282.033898
-4395026.129350 -0.000000 2294.237288
-4102640.859502 -0.000000 2306.440678
-3777083.507347 -0.000000 2318.644068
-3427740.054475 -0.000000 2330.847458
-3061247.653832 -0.000000 2343.050847
-2685720.644561 -0.000000 2355.254237
-2305964.114078 -0.000000 2367.457627
-1927542.713698 -0.000000 2379.661017
-1554845.067113 -0.000000 2391.864407
-1193355.291297 -0.000000 2404.067797
-851034.734455 -0.000000 2416.271186
-534595.937259 -0.000000 2428.474576
-246567.855474 -0.000000 2440.677966
30232.851986 0.000000 2452.881356
319316.176892 0.000000 2465.084746
635864.330539 0.000000 2477.288136
960249.278596 0.000000 2489.491525
1268771.471251 0.000000 2501.694915
1538300.073966 0.000000 2513.898305
1765972.140972 0.000000 2526.101695
1947023.914806 0.000000 2538.305085
2092364.581819 0.000000 2550.508475
2199802.055765 0.000000 2562.711864
2255027.020749 0.000000 2574.915254
2209481.656801 0.000000 2587.118644
1999412.365773 0.000000 2599.322034
1521856.951819 0.000000 2611.525424
654581.061047 0.000000 2623.728814
-704872.211465 -0.000000 2635.932203
-2548032.851379 -0.000000 2648.135593
-4583862.970021 -0.000000 2660.338983
-6022874.708345 -0.000000 2672.542373
-5327694.151588 -0.000000 2684.745763
-148303.446002 -0.000000 2696.949153
12179886.526362 0.000000 2709.152542
24787767.191434 0.000000 2721.355932
28673878.145880 0.000000 2733.559322
29109724.241238 0.000000 2745.762712
29407420.907159 0.000000 2757.966102
29705192.839417 0.000000 2770.169492
29606086.623413 0.000000 2782.372881
29306587.716150 0.000000 2794.576271
28987323.331747 0.000000 2806.779661
28476862.252919 0.000000 2818.983051
28112008.332882 0.000000 2831.186441
27781280.561824 0.000000 2843.389831
27511385.964745 0.000000 2855.593220
27335078.911815 0.000000 2867.796610
27220242.734862 0.000000 2880.000000
27149915.647592 0.000000 2892.203390
27111182.017338 0.000000 2904.406780
27087093.963019 0.000000 2916.610169
27072784.048501 0.000000 2928.813559
27063355.592432 0.000000 2941.016949
27065234.680744 0.000000 2953.220339
27083440.248109 0.000000 2965.423729
27134193.148992 0.000000 2977.627119
27248628.917982 0.000000 2989.830508
27526444.862114 0.000000 3002.033898
27895620.155738 0.000000 3014.237288
27927460.865037 0.000000 3026.440678
28508779.384826 0.000000 3038.644068
30485826.306916 0.000000 3050.847458
32228439.198164 0.000000 3063.050847
32251156.775252 0.000000 3075.254237
31301789.540789 0.000000 3087.457627
29787072.223817 0.000000 3099.661017
27016354.521408 0.000000 3111.864407
29124899.157093 0.000000 3124.067797
11936640.638548 0.000000 3136.271186
-18763362.070396 -0.000000 3148.474576
-54834.295066 -0.000000 3160.677966
-23676.784171 -0.000000 3172.881356
-37518.828615 -0.000000 3185.084746
-52599.310985 -0.000000 3197.288136
-67735.556493 -0.000000 3209.491525
-81991.051569 -0.000000 3221.694915
-94671.330104 -0.000000 3233.898305
-105364.871839 -0.000000 3246.101695
-113897.532349 -0.000000 3258.305085
-120275.639342 -0.000000 3270.508475
-124638.231360 -0.000000 3282.711864
-127191.667175 -0.000000 3294.915254
-128185.856561 -0.000000 3307.118644
-127869.334596 -0.000000 3319.322034
-126488.499358 -0.000000 3331.525424
-124260.876938 -0.000000 3343.728814
-121386.806465 -0.000000 3355.932203
-118032.913495 -0.000000 3368.135593
-114347.919269 -0.000000 3380.338983
-110450.950712 -0.000000 3392.542373
-106447.184128 -0.000000 3404.745763
-102418.485721 -0.000000 3416.949153
-98437.206432 -0.000000 3429.152542
-94558.225747 -0.000000 3441.355932
-90830.466695 -0.000000 3453.559322
-87290.073299 -0.000000 3465.762712
-83969.714740 -0.000000 3477.966102
-80892.837258 -0.000000 3490.169492
-78080.989960 -0.000000 3502.372881
-75549.131953 -0.000000 3514.576271
-73311.235024 -0.000000 3526.779661
-71376.613503 -0.000000 3538.983051
-69754.038544 -0.000000 3551.186441
-68449.036378 -0.000000 3563.389831
-67466.718825 -0.000000 3575.593220
-66809.910277 -0.000000 3587.796610
-66481.097525 -0.000000 3600.000000
