21453.680193 0.000000 0.000000
21559.038005 0.000000 12.203390
21769.995729 0.000000 24.406780
22087.267187 0.000000 36.610169
22511.738043 0.000000 48.813559
23044.584695 0.000000 61.016949
23687.405298 0.000000 73.220339
24441.957284 0.000000 85.423729
25310.504501 0.000000 97.627119
26295.406298 0.000000 109.830508
27399.605171 0.000000 122.033898
28626.080070 0.000000 134.237288
29978.474952 0.000000 146.440678
31460.407907 0.000000 158.644068
33076.251697 0.000000 170.847458
34830.287108 0.000000 183.050847
36727.648078 0.000000 195.254237
38773.305077 0.000000 207.457627
40973.190281 0.000000 219.661017
43332.993789 0.000000 231.864407
45859.487349 0.000000 244.067797
48559.114366 0.000000 256.271186
51439.531491 0.000000 268.474576
54507.971892 0.000000 280.677966
57773.027148 0.000000 292.881356
61242.759590 0.000000 305.084746
64926.748094 0.000000 317.288136
68833.927021 0.000000 329.491525
72974.918607 0.000000 341.694915
77359.573372 0.000000 353.898305
81999.615369 0.000000 366.101695
86905.856799 0.000000 378.305085
92091.180222 0.000000 390.508475
97567.403872 0.000000 402.711864
103348.621587 0.000000 414.915254
109447.692503 0.000000 427.118644
115879.962036 0.000000 439.322034
122659.349182 0.000000 451.525424
129802.460722 0.000000 463.728814
137324.256052 0.000000 475.932203
145242.559393 0.000000 488.135593
153573.274525 0.000000 500.338983
162335.294425 0.000000 512.542373
171545.235094 0.000000 524.745763
181222.715965 0.000000 536.949153
191384.577454 0.000000 549.152542
202050.478290 0.000000 561.355932
213236.532280 0.000000 573.559322
224961.125183 0.000000 585.762712
237237.862097 0.000000 597.966102
250081.416653 0.000000 610.169492
263499.590611 0.000000 622.372881
277498.865287 0.000000 634.576271
292075.190917 0.000000 646.779661
307218.636991 0.000000 658.983051
322902.186200 0.000000 671.186441
339084.372561 0.000000 683.389831
355694.689471 0.000000 695.593220
372632.176817 0.000000 707.796610
389744.818578 0.000000 720.000000
406820.385688 0.000000 732.203390
423555.123897 0.000000 744.406780
439530.713211 0.000000 756.610169
454165.099254 0.000000 768.813559
466668.085167 0.000000 781.016949
475969.640189 0.000000 793.220339
480659.032494 0.000000 805.423729
478920.623837 0.000000 817.627119
468540.478745 0.000000 829.830508
447031.753351 0.000000 842.033898
412029.463444 0.000000 854.237288
362040.880206 0.000000 866.440678
297582.761234 0.000000 878.644068
222382.816473 0.000000 890.847458
143997.512776 0.000000 903.050847
72990.342706 0.000000 915.254237
55559570.003339 0.000000 927.457627
-2768337.332976 -0.000000 939.661017
-11324424.789971 -0.000000 951.864407
-13686403.659998 -0.000000 964.067797
-13060278.738623 -0.000000 976.271186
-12835625.839004 -0.000000 988.474576
-12807487.173836 -0.000000 1000.677966
-12855432.890351 -0.000000 1012.881356
-12856208.180193 -0.000000 1025.084746
-12781596.544447 -0.000000 1037.288136
-12661950.690293 -0.000000 1049.491525
-12579969.802161 -0.000000 1061.694915
-12586767.117991 -0.000000 1073.898305
-12663043.851506 -0.000000 1086.101695
-12732217.583048 -0.000000 1098.305085
-12762065.498440 -0.000000 1110.508475
-12770812.951280 -0.000000 1122.711864
-12771457.432944 -0.000000 1134.915254
-12767060.577894 -0.000000 1147.118644
-12759819.238811 -0.000000 1159.322034
-12752777.877079 -0.000000 1171.525424
-12747045.554765 -0.000000 1183.728814
-12742712.894208 -0.000000 1195.932203
-12736354.000745 -0.000000 1208.135593
-12735407.608995 -0.000000 1220.338983
-12742989.762471 -0.000000 1232.542373
-12744822.120856 -0.000000 1244.745763
-12743154.137068 -0.000000 1256.949153
-12743798.917492 -0.000000 1269.152542
-12739471.191499 -0.000000 1281.355932
-12735877.484535 -0.000000 1293.559322
-12737479.280135 -0.000000 1305.762712
-12747125.272089 -0.000000 1317.966102
-12756871.855679 -0.000000 1330.169492
-12756735.829641 -0.000000 1342.372881
-12737741.764292 -0.000000 1354.576271
-12690235.996979 -0.000000 1366.779661
-12646713.303524 -0.000000 1378.983051
-12653690.611402 -0.000000 1391.186441
-12668091.151185 -0.000000 1403.389831
-12656162.662232 -0.000000 1415.593220
-12629486.955445 -0.000000 1427.796610
-12600094.805565 -0.000000 1440.000000
-12570480.841340 -0.000000 1452.203390
-12535196.635333 -0.000000 1464.406780
-12484122.248000 -0.000000 1476.610169
-12419538.347229 -0.000000 1488.813559
-12343740.136205 -0.000000 1501.016949
-12257993.979692 -0.000000 1513.220339
-12167456.743309 -0.000000 1525.423729
-12075320.448231 -0.000000 1537.627119
-11982373.412919 -0.000000 1549.830508
-11894352.720831 -0.000000 1562.033898
-11812384.139774 -0.000000 1574.237288
-11736149.578138 -0.000000 1586.440678
-11655581.927489 -0.000000 1598.644068
-11566256.839732 -0.000000 1610.847458
-11463934.532305 -0.000000 1623.050847
-11355904.140920 -0.000000 1635.254237
-11243834.305896 -0.000000 1647.457627
-11127877.659907 -0.000000 1659.661017
-10995156.121354 -0.000000 1671.864407
-10841025.603742 -0.000000 1684.067797
-10665810.887854 -0.000000 1696.271186
-10468101.452269 -0.000000 1708.474576
-10224735.589091 -0.000000 1720.677966
-9892738.289473 -0.000000 1732.881356
-9411381.634651 -0.000000 1745.084746
-8707890.230741 -0.000000 1757.288136
-7720558.978057 -0.000000 1769.491525
-6409215.835060 -0.000000 1781.694915
-4657358.459870 -0.000000 1793.898305
-2281947.843697 -0.000000 1806.101695
867075.980166 0.000000 1818.305085
4695284.749568 0.000000 1830.508475
9195969.743421 0.000000 1842.711864
12276753.631286 0.000000 1854.915254
13306686.187308 0.000000 1867.118644
14353778.674264 0.000000 1879.322034
13532154.121822 0.000000 1891.525424
-6625649.253424 -0.000000 1903.728814
-20482992.926667 -0.000000 1915.932203
-17527954.744221 -0.000000 1928.135593
-52080119.719284 -0.000000 1940.338983
-23482119.432230 -0.000000 1952.542373
-15876156.216655 -0.000000 1964.745763
-13605092.672840 -0.000000 1976.949153
-12809901.460046 -0.000000 1989.152542
-13399214.540467 -0.000000 2001.355932
-14784794.975673 -0.000000 2013.559322
-16252403.720771 -0.000000 2025.762712
-18047730.023507 -0.000000 2037.966102
-20255523.937271 -0.000000 2050.169492
-23719970.742848 -0.000000 2062.372881
-26707189.423618 -0.000000 2074.576271
-26268745.713946 -0.000000 2086.779661
-1198478666.196134 -0.000000 2098.983051
-7052818.326519 -0.000000 2111.186441
8655050.226998 0.000000 2123.389831
80941866.898310 0.000000 2135.593220
18449829.924670 0.000000 2147.796610
16783928.778002 0.000000 2160.000000
7697128.285481 0.000000 2172.203390
15697089.376726 0.000000 2184.406780
13467013.577119 0.000000 2196.610169
17358761.720664 0.000000 2208.813559
20325837.403280 0.000000 2221.016949
27536016.823736 0.000000 2233.220339
39093354.804197 0.000000 2245.423729
27657452.913346 0.000000 2257.627119
11943228.842307 0.000000 2269.830508
5134489.153674 0.000000 2282.033898
-559199.081889 -0.000000 2294.237288
-2157844.073610 -0.000000 2306.440678
-1373461.636500 -0.000000 2318.644068
446743.153490 0.000000 2330.847458
2485759.376559 0.000000 2343.050847
4399336.341931 0.000000 2355.254237
6057926.593245 0.000000 2367.457627
7466078.396901 0.000000 2379.661017
8638941.619629 0.000000 2391.864407
9607402.515361 0.000000 2404.067797
10399545.682418 0.000000 2416.271186
11058357.974793 0.000000 2428.474576
11615969.563065 0.000000 2440.677966
12098848.419904 0.000000 2452.881356
12521627.797027 0.000000 2465.084746
12895536.768899 0.000000 2477.288136
13226734.338822 0.000000 2489.491525
13521359.597507 0.000000 2501.694915
13781311.049807 0.000000 2513.898305
14009132.145299 0.000000 2526.101695
14196884.071074 0.000000 2538.305085
14337246.988070 0.000000 2550.508475
14420531.680510 0.000000 2562.711864
14477013.411250 0.000000 2574.915254
14554036.397796 0.000000 2587.118644
14690984.971596 0.000000 2599.322034
14852595.475997 0.000000 2611.525424
14995574.459830 0.000000 2623.728814
15081027.676480 0.000000 2635.932203
15103254.023305 0.000000 2648.135593
15051039.014758 0.000000 2660.338983
14959644.951611 0.000000 2672.542373
14897641.967671 0.000000 2684.745763
14913970.397151 0.000000 2696.949153
14967319.247168 0.000000 2709.152542
14983579.167596 0.000000 2721.355932
14952601.402209 0.000000 2733.559322
14922937.578594 0.000000 2745.762712
14947879.330424 0.000000 2757.966102
15001368.169932 0.000000 2770.169492
15028244.039662 0.000000 2782.372881
14958720.478165 0.000000 2794.576271
14718600.414777 0.000000 2806.779661
14208239.317928 0.000000 2818.983051
13320180.625089 0.000000 2831.186441
11870170.957238 0.000000 2843.389831
9486903.539047 0.000000 2855.593220
5831874.942797 0.000000 2867.796610
1743222.726815 0.000000 2880.000000
391810.625372 0.000000 2892.203390
6969543.775880 0.000000 2904.406780
21737586.327992 0.000000 2916.610169
30368017.792373 0.000000 2928.813559
30175820.451191 0.000000 2941.016949
30319595.272345 0.000000 2953.220339
30915375.001918 0.000000 2965.423729
31077024.986146 0.000000 2977.627119
31116837.017352 0.000000 2989.830508
30865890.266690 0.000000 3002.033898
30334437.492898 0.000000 3014.237288
30121549.214348 0.000000 3026.440678
29811784.372413 0.000000 3038.644068
29432929.566568 0.000000 3050.847458
29137037.285455 0.000000 3063.050847
28863500.602013 0.000000 3075.254237
28683639.312906 0.000000 3087.457627
28568792.355995 0.000000 3099.661017
28498499.022920 0.000000 3111.864407
28435779.875999 0.000000 3124.067797
28371718.400265 0.000000 3136.271186
28296175.478580 0.000000 3148.474576
28225438.677303 0.000000 3160.677966
28170997.255328 0.000000 3172.881356
28162756.235222 0.000000 3185.084746
28238774.745085 0.000000 3197.288136
28516082.288129 0.000000 3209.491525
28970330.480948 0.000000 3221.694915
28836356.456851 0.000000 3233.898305
29284274.039385 0.000000 3246.101695
32107547.565176 0.000000 3258.305085
34192078.969340 0.000000 3270.508475
33616802.646334 0.000000 3282.711864
31921847.868510 0.000000 3294.915254
30314522.279129 0.000000 3307.118644
26776961.989157 0.000000 3319.322034
26147910.387807 0.000000 3331.525424
4422279.712155 0.000000 3343.728814
9806182.303812 0.000000 3355.932203
32826.977162 0.000000 3368.135593
57296.599028 0.000000 3380.338983
82038.323006 0.000000 3392.542373
105964.513837 0.000000 3404.745763
128548.764954 0.000000 3416.949153
149094.731792 0.000000 3429.152542
167308.211851 0.000000 3441.355932
183009.068764 0.000000 3453.559322
196255.512955 0.000000 3465.762712
207192.586495 0.000000 3477.966102
216068.201903 0.000000 3490.169492
223144.690477 0.000000 3502.372881
228703.277020 0.000000 3514.576271
232996.933445 0.000000 3526.779661
236260.504102 0.000000 3538.983051
238687.443591 0.000000 3551.186441
240442.342573 0.000000 3563.389831
241649.736227 0.000000 3575.593220
242404.506080 0.000000 3587.796610
242766.487254 0.000000 3600.000000
