301115.592700 0.000000 0.000000
302010.916172 0.000000 12.203390
303802.193376 0.000000 24.406780
306492.557334 0.000000 36.610169
310083.948471 0.000000 48.813559
314581.880004 0.000000 61.016949
319989.263169 0.000000 73.220339
326313.002732 0.000000 85.423729
333556.014751 0.000000 97.627119
341724.581426 0.000000 109.830508
350819.773201 0.000000 122.033898
360843.718417 0.000000 134.237288
371792.026726 0.000000 146.440678
383656.528247 0.000000 158.644068
396420.445124 0.000000 170.847458
410054.503955 0.000000 183.050847
424516.438262 0.000000 195.254237
439736.568024 0.000000 207.457627
455622.529708 0.000000 219.661017
472029.253958 0.000000 231.864407
488768.300768 0.000000 244.067797
505555.382293 0.000000 256.271186
522021.024029 0.000000 268.474576
537626.445082 0.000000 280.677966
551669.349004 0.000000 292.881356
563158.944246 0.000000 305.084746
570814.838365 0.000000 317.288136
572910.901815 0.000000 329.491525
567310.942202 0.000000 341.694915
551392.305282 0.000000 353.898305
522345.145968 0.000000 366.101695
477560.274517 0.000000 378.305085
415684.213215 0.000000 390.508475
337821.909505 0.000000 402.711864
248998.620923 0.000000 414.915254
158497.235099 0.000000 427.118644
78674.314396 0.000000 439.322034
271876148.978058 0.000000 451.525424
-5132627.858340 -0.000000 463.728814
-13123949.358244 -0.000000 475.932203
-13489161.505922 -0.000000 488.135593
-13030569.981527 -0.000000 500.338983
-12913860.591708 -0.000000 512.542373
-12884983.481719 -0.000000 524.745763
-12900551.400866 -0.000000 536.949153
-12888405.896141 -0.000000 549.152542
-12820909.450612 -0.000000 561.355932
-12709504.137944 -0.000000 573.559322
-12628648.883629 -0.000000 585.762712
-12648909.869673 -0.000000 597.966102
-12729843.982066 -0.000000 610.169492
-12787766.687221 -0.000000 622.372881
-12807184.639585 -0.000000 634.576271
-12812679.432303 -0.000000 646.779661
-12806482.728135 -0.000000 658.983051
-12799989.145946 -0.000000 671.186441
-12794189.488787 -0.000000 683.389831
-12788422.576717 -0.000000 695.593220
-12791217.664300 -0.000000 707.796610
-12796056.691362 -0.000000 720.000000
-12793192.562706 -0.000000 732.203390
-12790880.930759 -0.000000 744.406780
-12789159.851375 -0.000000 756.610169
-12787718.746707 -0.000000 768.813559
-12782920.441789 -0.000000 781.016949
-12774141.545918 -0.000000 793.220339
-12750423.858820 -0.000000 805.423729
-12723397.588853 -0.000000 817.627119
-12697514.189202 -0.000000 829.830508
-12668015.387910 -0.000000 842.033898
-12636428.494374 -0.000000 854.237288
-12605457.082040 -0.000000 866.440678
-12562070.603298 -0.000000 878.644068
-12494349.924065 -0.000000 890.847458
-12415607.639790 -0.000000 903.050847
-12323871.006358 -0.000000 915.254237
-12220469.038089 -0.000000 927.457627
-12115453.945954 -0.000000 939.661017
-12007954.242941 -0.000000 951.864407
-11899138.390323 -0.000000 964.067797
-11789015.707734 -0.000000 976.271186
-11677786.998532 -0.000000 988.474576
-11565320.899663 -0.000000 1000.677966
-11451237.246048 -0.000000 1012.881356
-11334928.082151 -0.000000 1025.084746
-11215675.721812 -0.000000 1037.288136
-11093450.114856 -0.000000 1049.491525
-10969758.116395 -0.000000 1061.694915
-10848531.102364 -0.000000 1073.898305
-10734625.812636 -0.000000 1086.101695
-10630330.274358 -0.000000 1098.305085
-10531811.315992 -0.000000 1110.508475
-10431437.097845 -0.000000 1122.711864
-10323924.134781 -0.000000 1134.915254
-10210212.617939 -0.000000 1147.118644
-10094003.006070 -0.000000 1159.322034
-9977589.972494 -0.000000 1171.525424
-9860547.484628 -0.000000 1183.728814
-9742118.527788 -0.000000 1195.932203
-9622293.601643 -0.000000 1208.135593
-9502148.212172 -0.000000 1220.338983
-9382580.172496 -0.000000 1232.542373
-9264246.413412 -0.000000 1244.745763
-9147126.010484 -0.000000 1256.949153
-9031154.517504 -0.000000 1269.152542
-8915998.565259 -0.000000 1281.355932
-8801532.600807 -0.000000 1293.559322
-8687490.350089 -0.000000 1305.762712
-8573816.461069 -0.000000 1317.966102
-8460330.360438 -0.000000 1330.169492
-8347031.514835 -0.000000 1342.372881
-8233804.549654 -0.000000 1354.576271
-8120682.919234 -0.000000 1366.779661
-8007594.325982 -0.000000 1378.983051
-7894587.140171 -0.000000 1391.186441
-7781614.112029 -0.000000 1403.389831
-7668726.408095 -0.000000 1415.593220
-7555890.902071 -0.000000 1427.796610
-7443156.013992 -0.000000 1440.000000
-7330497.084694 -0.000000 1452.203390
-7217958.137407 -0.000000 1464.406780
-7105520.302045 -0.000000 1476.610169
-6993223.361765 -0.000000 1488.813559
-6881053.044237 -0.000000 1501.016949
-6769045.665959 -0.000000 1513.220339
-6657191.005917 -0.000000 1525.423729
-6545522.633421 -0.000000 1537.627119
-6434034.032093 -0.000000 1549.830508
-6322756.262910 -0.000000 1562.033898
-6211686.067115 -0.000000 1574.237288
-6100851.401329 -0.000000 1586.440678
-5990251.730476 -0.000000 1598.644068
-5879910.565438 -0.000000 1610.847458
-5769831.015083 -0.000000 1623.050847
-5660032.669185 -0.000000 1635.254237
-5550531.987414 -0.000000 1647.457627
-5441358.974749 -0.000000 1659.661017
-5332587.269845 -0.000000 1671.864407
-5224324.908546 -0.000000 1684.067797
-5116853.304593 -0.000000 1696.271186
-5010586.440564 -0.000000 1708.474576
-4906447.225369 -0.000000 1720.677966
-4805782.002278 -0.000000 1732.881356
-4711219.239610 -0.000000 1745.084746
-4626452.685873 -0.000000 1757.288136
-4557953.067543 -0.000000 1769.491525
-4514135.684182 -0.000000 1781.694915
-4508219.128745 -0.000000 1793.898305
-4554644.083893 -0.000000 1806.101695
-4672807.027815 -0.000000 1818.305085
-4873537.878302 -0.000000 1830.508475
-5168016.005585 -0.000000 1842.711864
-5530484.740821 -0.000000 1854.915254
-5969987.248424 -0.000000 1867.118644
-6391855.341635 -0.000000 1879.322034
-6607195.905801 -0.000000 1891.525424
-1330330.758586 -0.000000 1903.728814
5801572.266965 0.000000 1915.932203
7748016.538539 0.000000 1928.135593
8242878.000954 0.000000 1940.338983
9013316.372843 0.000000 1952.542373
10493767.276129 0.000000 1964.745763
12879980.899688 0.000000 1976.949153
13775991.498309 0.000000 1989.152542
13503848.652078 0.000000 2001.355932
13831737.255478 0.000000 2013.559322
12790656.378787 0.000000 2025.762712
4893715.663575 0.000000 2037.966102
-8403262.585817 -0.000000 2050.169492
-20215209.239198 -0.000000 2062.372881
-41448733.525623 -0.000000 2074.576271
-21982314.181931 -0.000000 2086.779661
-16455622.151377 -0.000000 2098.983051
-22825120.304058 -0.000000 2111.186441
-18738773.116970 -0.000000 2123.389831
-20478320.117541 -0.000000 2135.593220
-20481911.402053 -0.000000 2147.796610
-20563547.524100 -0.000000 2160.000000
-20703598.378632 -0.000000 2172.203390
-20694525.101493 -0.000000 2184.406780
-20468362.306613 -0.000000 2196.610169
-18724634.710315 -0.000000 2208.813559
-22000201.535628 -0.000000 2221.016949
-892526407.169333 -0.000000 2233.220339
-2101341.198962 -0.000000 2245.423729
54775657.198135 0.000000 2257.627119
20756483.232366 0.000000 2269.830508
18345937.378965 0.000000 2282.033898
21444367.788197 0.000000 2294.237288
27739574.404391 0.000000 2306.440678
19939281.914478 0.000000 2318.644068
11804659.252388 0.000000 2330.847458
5596441.611363 0.000000 2343.050847
1224477.463146 0.000000 2355.254237
158497.070485 0.000000 2367.457627
1001555.245950 0.000000 2379.661017
2578721.849990 0.000000 2391.864407
4239485.561726 0.000000 2404.067797
5707768.519613 0.000000 2416.271186
6917817.889703 0.000000 2428.474576
7888114.343570 0.000000 2440.677966
8668344.907744 0.000000 2452.881356
9306713.510356 0.000000 2465.084746
9843519.583948 0.000000 2477.288136
10306300.694174 0.000000 2489.491525
10714652.489934 0.000000 2501.694915
11080188.877164 0.000000 2513.898305
11411213.510882 0.000000 2526.101695
11712264.914783 0.000000 2538.305085
11987011.405017 0.000000 2550.508475
12237513.653444 0.000000 2562.711864
12465757.625146 0.000000 2574.915254
12673207.461870 0.000000 2587.118644
12861412.359798 0.000000 2599.322034
13032034.116140 0.000000 2611.525424
13186644.550109 0.000000 2623.728814
13327096.255539 0.000000 2635.932203
13454743.476170 0.000000 2648.135593
13571201.844985 0.000000 2660.338983
13677452.415295 0.000000 2672.542373
13774835.364079 0.000000 2684.745763
13864323.089820 0.000000 2696.949153
13947216.078557 0.000000 2709.152542
14024856.060992 0.000000 2721.355932
14098482.612273 0.000000 2733.559322
14169676.836407 0.000000 2745.762712
14238465.107712 0.000000 2757.966102
14302460.307483 0.000000 2770.169492
14348887.609785 0.000000 2782.372881
14353145.669851 0.000000 2794.576271
14288464.607959 0.000000 2806.779661
14167970.749798 0.000000 2818.983051
14060075.626256 0.000000 2831.186441
14026083.160695 0.000000 2843.389831
14012645.834427 0.000000 2855.593220
13860817.316176 0.000000 2867.796610
13388258.224447 0.000000 2880.000000
12441461.881158 0.000000 2892.203390
10774748.419904 0.000000 2904.406780
8024434.929199 0.000000 2916.610169
4075922.675894 0.000000 2928.813559
392367.342152 0.000000 2941.016949
320972.931351 0.000000 2953.220339
8894739.504070 0.000000 2965.423729
24113309.684347 0.000000 2977.627119
30527154.815770 0.000000 2989.830508
30303734.270384 0.000000 3002.033898
30597209.265551 0.000000 3014.237288
31023193.600648 0.000000 3026.440678
31154594.207030 0.000000 3038.644068
31219307.411318 0.000000 3050.847458
30784645.840401 0.000000 3063.050847
30341815.421374 0.000000 3075.254237
30226534.613434 0.000000 3087.457627
29866899.187882 0.000000 3099.661017
29539412.833128 0.000000 3111.864407
29267754.217568 0.000000 3124.067797
29015441.919218 0.000000 3136.271186
28840464.359252 0.000000 3148.474576
28700598.811147 0.000000 3160.677966
28584866.504393 0.000000 3172.881356
28473411.094393 0.000000 3185.084746
28365512.793081 0.000000 3197.288136
28257869.089422 0.000000 3209.491525
28166418.648122 0.000000 3221.694915
28106076.344224 0.000000 3233.898305
28119575.421063 0.000000 3246.101695
28248529.056731 0.000000 3258.305085
28650101.833749 0.000000 3270.508475
29031668.897148 0.000000 3282.711864
28871983.553902 0.000000 3294.915254
30212469.731066 0.000000 3307.118644
33274514.565086 0.000000 3319.322034
34429801.140468 0.000000 3331.525424
33270446.822758 0.000000 3343.728814
31109995.361856 0.000000 3355.932203
29317505.059884 0.000000 3368.135593
28543165.092800 0.000000 3380.338983
18742972.699629 0.000000 3392.542373
-350043.705804 -0.000000 3404.745763
2546219.008956 0.000000 3416.949153
41393.266627 0.000000 3429.152542
69722.714538 0.000000 3441.355932
97325.586539 0.000000 3453.559322
123162.604984 0.000000 3465.762712
146959.836609 0.000000 3477.966102
168210.578607 0.000000 3490.169492
186756.570924 0.000000 3502.372881
202533.469985 0.000000 3514.576271
215654.106710 0.000000 3526.779661
226296.151249 0.000000 3538.983051
234694.531909 0.000000 3551.186441
241079.623947 0.000000 3563.389831
245666.174984 0.000000 3575.593220
248623.559881 0.000000 3587.796610
250072.040075 0.000000 3600.000000
