16848.146716 0.000000 0.000000
16936.300329 0.000000 12.203390
17113.022569 0.000000 24.406780
17378.700288 0.000000 36.610169
17734.762566 0.000000 48.813559
18181.689616 0.000000 61.016949
18722.010387 0.000000 73.220339
19356.419199 0.000000 85.423729
20088.503662 0.000000 97.627119
20919.174387 0.000000 109.830508
21853.110089 0.000000 122.033898
22891.428572 0.000000 134.237288
24039.948848 0.000000 146.440678
25299.981216 0.000000 158.644068
26678.545707 0.000000 170.847458
28177.126691 0.000000 183.050847
29804.018489 0.000000 195.254237
31560.856385 0.000000 207.457627
33457.295143 0.000000 219.661017
35495.092142 0.000000 231.864407
37685.361907 0.000000 244.067797
40029.949648 0.000000 256.271186
42541.542670 0.000000 268.474576
45222.033003 0.000000 280.677966
48085.808983 0.000000 292.881356
51134.761569 0.000000 305.084746
54385.122150 0.000000 317.288136
57838.726536 0.000000 329.491525
61513.807196 0.000000 341.694915
65412.083262 0.000000 353.898305
69553.962274 0.000000 366.101695
73940.979886 0.000000 378.305085
78595.906151 0.000000 390.508475
83520.023055 0.000000 402.711864
88738.664677 0.000000 414.915254
94252.785552 0.000000 427.118644
100090.495692 0.000000 439.322034
106252.352160 0.000000 451.525424
112769.454493 0.000000 463.728814
119641.897754 0.000000 475.932203
126903.980062 0.000000 488.135593
134555.277831 0.000000 500.338983
142633.473664 0.000000 512.542373
151137.584672 0.000000 524.745763
160108.812200 0.000000 536.949153
169545.585581 0.000000 549.152542
179492.668921 0.000000 561.355932
189947.877166 0.000000 573.559322
200959.421706 0.000000 585.762712
212524.454239 0.000000 597.966102
224694.252047 0.000000 610.169492
237465.161470 0.000000 622.372881
250890.709499 0.000000 634.576271
264966.065774 0.000000 646.779661
279745.470918 0.000000 658.983051
295222.040302 0.000000 671.186441
311447.997773 0.000000 683.389831
328412.483770 0.000000 695.593220
346160.959555 0.000000 707.796610
364674.615347 0.000000 720.000000
383983.922327 0.000000 732.203390
404054.156497 0.000000 744.406780
424886.422228 0.000000 756.610169
446414.501228 0.000000 768.813559
468584.660096 0.000000 781.016949
491269.118744 0.000000 793.220339
514313.488774 0.000000 805.423729
537471.068398 0.000000 817.627119
560403.642460 0.000000 829.830508
582637.952300 0.000000 842.033898
603502.185898 0.000000 854.237288
622102.309199 0.000000 866.440678
637177.091701 0.000000 878.644068
647097.476256 0.000000 890.847458
649650.736861 0.000000 903.050847
642128.218730 0.000000 915.254237
621191.293723 0.000000 927.457627
583360.907452 0.000000 939.661017
525489.776845 0.000000 951.864407
446307.943164 0.000000 964.067797
347938.041217 0.000000 976.271186
237910.102489 0.000000 988.474576
129247.347720 0.000000 1000.677966
21140186.040273 0.000000 1012.881356
-1737114.691045 -0.000000 1025.084746
-8621160.338650 -0.000000 1037.288136
-13822144.360317 -0.000000 1049.491525
-13277540.472515 -0.000000 1061.694915
-12967962.532316 -0.000000 1073.898305
-12870453.338637 -0.000000 1086.101695
-12871270.510694 -0.000000 1098.305085
-12883897.538305 -0.000000 1110.508475
-12850824.913417 -0.000000 1122.711864
-12729158.440036 -0.000000 1134.915254
-12597037.611275 -0.000000 1147.118644
-12562791.273609 -0.000000 1159.322034
-12661032.803023 -0.000000 1171.525424
-12742699.600163 -0.000000 1183.728814
-12772694.627638 -0.000000 1195.932203
-12769072.008606 -0.000000 1208.135593
-12776145.582569 -0.000000 1220.338983
-12763039.311358 -0.000000 1232.542373
-12762264.105994 -0.000000 1244.745763
-12753043.092435 -0.000000 1256.949153
-12755989.615951 -0.000000 1269.152542
-12742997.883622 -0.000000 1281.355932
-12725843.931297 -0.000000 1293.559322
-12688802.209141 -0.000000 1305.762712
-12657383.908017 -0.000000 1317.966102
-12617438.712567 -0.000000 1330.169492
-12575699.642783 -0.000000 1342.372881
-12506801.214750 -0.000000 1354.576271
-12405216.043804 -0.000000 1366.779661
-12296568.572229 -0.000000 1378.983051
-12178828.297807 -0.000000 1391.186441
-12052090.949956 -0.000000 1403.389831
-11927963.298856 -0.000000 1415.593220
-11804648.672104 -0.000000 1427.796610
-11682382.036072 -0.000000 1440.000000
-11559053.079824 -0.000000 1452.203390
-11434122.150346 -0.000000 1464.406780
-11307246.524546 -0.000000 1476.610169
-11178410.738845 -0.000000 1488.813559
-11046058.755103 -0.000000 1501.016949
-10908953.157816 -0.000000 1513.220339
-10765888.063787 -0.000000 1525.423729
-10618978.786042 -0.000000 1537.627119
-10471036.736944 -0.000000 1549.830508
-10329698.929245 -0.000000 1562.033898
-10200808.113419 -0.000000 1574.237288
-10086869.719633 -0.000000 1586.440678
-9975568.920112 -0.000000 1598.644068
-9854568.208490 -0.000000 1610.847458
-9717944.658259 -0.000000 1623.050847
-9569153.771913 -0.000000 1635.254237
-9404912.750481 -0.000000 1647.457627
-9221780.857928 -0.000000 1659.661017
-9014453.699557 -0.000000 1671.864407
-8776916.270670 -0.000000 1684.067797
-8494293.196098 -0.000000 1696.271186
-8136416.129583 -0.000000 1708.474576
-7658492.669550 -0.000000 1720.677966
-7018788.866429 -0.000000 1732.881356
-6190237.829658 -0.000000 1745.084746
-5070017.581920 -0.000000 1757.288136
-3506008.260885 -0.000000 1769.491525
-1354863.274764 -0.000000 1781.694915
1493657.531553 0.000000 1793.898305
5031985.845935 0.000000 1806.101695
9390512.981619 0.000000 1818.305085
12728042.940519 0.000000 1830.508475
13438186.276427 0.000000 1842.711864
14255551.370597 0.000000 1854.915254
11056713.504454 0.000000 1867.118644
-5254139.605111 -0.000000 1879.322034
-17367782.644077 -0.000000 1891.525424
-18515690.140955 -0.000000 1903.728814
-61192750.877944 -0.000000 1915.932203
-24058520.956939 -0.000000 1928.135593
-16105693.974849 -0.000000 1940.338983
-13753457.727620 -0.000000 1952.542373
-13086095.556747 -0.000000 1964.745763
-13960305.970733 -0.000000 1976.949153
-15782020.355972 -0.000000 1989.152542
-17683021.377248 -0.000000 2001.355932
-19801226.066841 -0.000000 2013.559322
-22356592.214831 -0.000000 2025.762712
-25512145.194617 -0.000000 2037.966102
-30676199.123543 -0.000000 2050.169492
-25474818.285831 -0.000000 2062.372881
-1886318878.207170 -0.000000 2074.576271
-23950265.835622 -0.000000 2086.779661
3002429.681439 0.000000 2098.983051
9504723.180022 0.000000 2111.186441
13925462.499881 0.000000 2123.389831
12205584.198356 0.000000 2135.593220
6888836.954622 0.000000 2147.796610
7543400902.234424 0.000000 2160.000000
17779089.869848 0.000000 2172.203390
23771569.108101 0.000000 2184.406780
33139741.421015 0.000000 2196.610169
36860463.813629 0.000000 2208.813559
16060213.232373 0.000000 2221.016949
10838089.083928 0.000000 2233.220339
5442073.726862 0.000000 2245.423729
-152327.631646 -0.000000 2257.627119
-3054643.418559 -0.000000 2269.830508
-3801169.148853 -0.000000 2282.033898
-3155732.257343 -0.000000 2294.237288
-1847647.177651 -0.000000 2306.440678
-335656.575050 -0.000000 2318.644068
1139348.446542 0.000000 2330.847458
2465147.580605 0.000000 2343.050847
3615279.945681 0.000000 2355.254237
4597150.316791 0.000000 2367.457627
5439766.073894 0.000000 2379.661017
6169843.901295 0.000000 2391.864407
6814463.338306 0.000000 2404.067797
7390623.661014 0.000000 2416.271186
7913080.524468 0.000000 2428.474576
8388832.378298 0.000000 2440.677966
8824849.343234 0.000000 2452.881356
9223684.863855 0.000000 2465.084746
9589454.914294 0.000000 2477.288136
9923667.440920 0.000000 2489.491525
10229761.276297 0.000000 2501.694915
10509159.742867 0.000000 2513.898305
10765045.664249 0.000000 2526.101695
10998642.655428 0.000000 2538.305085
11212793.554394 0.000000 2550.508475
11408276.157234 0.000000 2562.711864
11587554.294659 0.000000 2574.915254
11750891.944318 0.000000 2587.118644
11900447.022331 0.000000 2599.322034
12036119.144636 0.000000 2611.525424
12159890.727712 0.000000 2623.728814
12271780.530784 0.000000 2635.932203
12373742.711997 0.000000 2648.135593
12466714.539817 0.000000 2660.338983
12552469.210549 0.000000 2672.542373
12633324.945484 0.000000 2684.745763
12709068.232180 0.000000 2696.949153
12780621.257016 0.000000 2709.152542
12838121.828495 0.000000 2721.355932
12872947.496839 0.000000 2733.559322
12865536.377366 0.000000 2745.762712
12815353.468857 0.000000 2757.966102
12705604.877288 0.000000 2770.169492
12497814.193418 0.000000 2782.372881
12096253.682279 0.000000 2794.576271
11376431.108344 0.000000 2806.779661
10170589.655483 0.000000 2818.983051
8232931.904111 0.000000 2831.186441
5388094.172505 0.000000 2843.389831
1882825.587192 0.000000 2855.593220
-240405.307348 -0.000000 2867.796610
2244267.216068 0.000000 2880.000000
14443619.754377 0.000000 2892.203390
27814002.948720 0.000000 2904.406780
29871129.983726 0.000000 2916.610169
29905254.595528 0.000000 2928.813559
30373125.025556 0.000000 2941.016949
30622199.141058 0.000000 2953.220339
30751635.634984 0.000000 2965.423729
30580742.849415 0.000000 2977.627119
30050420.287447 0.000000 2989.830508
29826204.538720 0.000000 3002.033898
29601818.606940 0.000000 3014.237288
29245239.744036 0.000000 3026.440678
28951266.853563 0.000000 3038.644068
28667506.295231 0.000000 3050.847458
28454892.055119 0.000000 3063.050847
28293454.829334 0.000000 3075.254237
28170024.858858 0.000000 3087.457627
28062112.797753 0.000000 3099.661017
27967895.987384 0.000000 3111.864407
27869792.420737 0.000000 3124.067797
27779676.732722 0.000000 3136.271186
27712054.946532 0.000000 3148.474576
27702520.903719 0.000000 3160.677966
27796398.215338 0.000000 3172.881356
28102758.643632 0.000000 3185.084746
28594548.370569 0.000000 3197.288136
28538316.834093 0.000000 3209.491525
29119190.166711 0.000000 3221.694915
31704460.153414 0.000000 3233.898305
33690041.318207 0.000000 3246.101695
33319147.680438 0.000000 3258.305085
31932964.399696 0.000000 3270.508475
29839252.094911 0.000000 3282.711864
26546759.187507 0.000000 3294.915254
28626542.449857 0.000000 3307.118644
8115752.656211 0.000000 3319.322034
11978325.817137 0.000000 3331.525424
14285.059379 0.000000 3343.728814
25757.059331 0.000000 3355.932203
37410.816205 0.000000 3368.135593
48620.604188 0.000000 3380.338983
59246.331867 0.000000 3392.542373
68901.636590 0.000000 3404.745763
77467.119934 0.000000 3416.949153
84840.686937 0.000000 3429.152542
91054.518171 0.000000 3441.355932
96171.727040 0.000000 3453.559322
100312.417475 0.000000 3465.762712
103599.351776 0.000000 3477.966102
106169.076530 0.000000 3490.169492
108142.484426 0.000000 3502.372881
109635.838871 0.000000 3514.576271
110744.540336 0.000000 3526.779661
111554.182042 0.000000 3538.983051
112131.058707 0.000000 3551.186441
112531.523850 0.000000 3563.389831
112796.190474 0.000000 3575.593220
112956.616568 0.000000 3587.796610
113031.748659 0.000000 3600.000000
