13410.847865 0.000000 0.000000
13420.874610 0.000000 12.203390
13440.842678 0.000000 24.406780
13470.921215 0.000000 36.610169
13511.037058 0.000000 48.813559
13561.231564 0.000000 61.016949
13621.516071 0.000000 73.220339
13691.934138 0.000000 85.423729
13772.513325 0.000000 97.627119
13863.311514 0.000000 109.830508
13964.368626 0.000000 122.033898
14075.760962 0.000000 134.237288
14197.542582 0.000000 146.440678
14329.810409 0.000000 158.644068
14472.634243 0.000000 170.847458
14626.134146 0.000000 183.050847
14790.397506 0.000000 195.254237
14965.569824 0.000000 207.457627
15151.757870 0.000000 219.661017
15349.134369 0.000000 231.864407
15557.826883 0.000000 244.067797
15778.037376 0.000000 256.271186
16009.915338 0.000000 268.474576
16253.693587 0.000000 280.677966
16509.545421 0.000000 292.881356
16777.736210 0.000000 305.084746
17058.463972 0.000000 317.288136
17352.029365 0.000000 329.491525
17658.657102 0.000000 341.694915
17978.685676 0.000000 353.898305
18312.369761 0.000000 366.101695
18660.089341 0.000000 378.305085
19022.131855 0.000000 390.508475
19398.924039 0.000000 402.711864
19790.790781 0.000000 414.915254
20198.210133 0.000000 427.118644
20621.550355 0.000000 439.322034
21061.347717 0.000000 451.525424
21518.018525 0.000000 463.728814
21992.164554 0.000000 475.932203
22484.256793 0.000000 488.135593
22994.968369 0.000000 500.338983
23524.831730 0.000000 512.542373
24074.598885 0.000000 524.745763
24644.868587 0.000000 536.949153
25236.478818 0.000000 549.152542
25850.101087 0.000000 561.355932
26486.664879 0.000000 573.559322
27146.920434 0.000000 585.762712
27831.896732 0.000000 597.966102
28542.428595 0.000000 610.169492
29279.651658 0.000000 622.372881
30044.493691 0.000000 634.576271
30838.206412 0.000000 646.779661
31661.820077 0.000000 658.983051
32516.715023 0.000000 671.186441
33404.036304 0.000000 683.389831
34325.307216 0.000000 695.593220
35281.804234 0.000000 707.796610
36275.212615 0.000000 720.000000
37306.959957 0.000000 732.203390
38378.915761 0.000000 744.406780
39492.682148 0.000000 756.610169
40650.338653 0.000000 768.813559
41853.689583 0.000000 781.016949
43105.053473 0.000000 793.220339
44406.466147 0.000000 805.423729
45760.517027 0.000000 817.627119
47169.506050 0.000000 829.830508
48636.325435 0.000000 842.033898
50163.572542 0.000000 854.237288
51754.476480 0.000000 866.440678
53411.965382 0.000000 878.644068
55139.639074 0.000000 890.847458
56940.789592 0.000000 903.050847
58819.419624 0.000000 915.254237
60779.217257 0.000000 927.457627
62824.618470 0.000000 939.661017
64959.737824 0.000000 951.864407
67189.473599 0.000000 964.067797
69518.394196 0.000000 976.271186
71951.885554 0.000000 988.474576
74494.992553 0.000000 1000.677966
77153.610731 0.000000 1012.881356
79933.280773 0.000000 1025.084746
82840.424042 0.000000 1037.288136
85881.088280 0.000000 1049.491525
89062.230789 0.000000 1061.694915
92390.408971 0.000000 1073.898305
95873.118110 0.000000 1086.101695
99517.416817 0.000000 1098.305085
103331.330356 0.000000 1110.508475
107322.394450 0.000000 1122.711864
111499.144143 0.000000 1134.915254
115869.550888 0.000000 1147.118644
120442.624844 0.000000 1159.322034
125226.707736 0.000000 1171.525424
130231.235802 0.000000 1183.728814
135464.828335 0.000000 1195.932203
140937.281614 0.000000 1208.135593
146657.368267 0.000000 1220.338983
152635.161388 0.000000 1232.542373
158879.426052 0.000000 1244.745763
165400.417696 0.000000 1256.949153
172206.691105 0.000000 1269.152542
179308.580323 0.000000 1281.355932
186714.181304 0.000000 1293.559322
194433.805954 0.000000 1305.762712
202474.795475 0.000000 1317.966102
210847.352710 0.000000 1330.169492
219557.715433 0.000000 1342.372881
228615.929607 0.000000 1354.576271
238026.725015 0.000000 1366.779661
247800.002647 0.000000 1378.983051
257938.519716 0.000000 1391.186441
268452.145002 0.000000 1403.389831
279341.126057 0.000000 1415.593220
290615.543259 0.000000 1427.796610
302272.504076 0.000000 1440.000000
314322.719489 0.000000 1452.203390
326759.386918 0.000000 1464.406780
339594.473428 0.000000 1476.610169
352816.280464 0.000000 1488.813559
366438.863330 0.000000 1501.016949
380444.271071 0.000000 1513.220339
394849.649390 0.000000 1525.423729
409628.807503 0.000000 1537.627119
424802.999075 0.000000 1549.830508
440334.714381 0.000000 1562.033898
456250.013535 0.000000 1574.237288
472495.108234 0.000000 1586.440678
489100.590825 0.000000 1598.644068
505988.221659 0.000000 1610.847458
523190.697750 0.000000 1623.050847
540591.830348 0.000000 1635.254237
558220.067531 0.000000 1647.457627
575899.511810 0.000000 1659.661017
593642.543732 0.000000 1671.864407
611181.550388 0.000000 1684.067797
628499.690207 0.000000 1696.271186
645203.602838 0.000000 1708.474576
661267.109064 0.000000 1720.677966
676187.896281 0.000000 1732.881356
690139.356023 0.000000 1745.084746
702733.614832 0.000000 1757.288136
715253.995617 0.000000 1769.491525
727618.391861 0.000000 1781.694915
745774.182658 0.000000 1793.898305
766485.574673 0.000000 1806.101695
828681.561897 0.000000 1818.305085
1016304.914150 0.000000 1830.508475
1334347.001489 0.000000 1842.711864
8451130.279077 0.000000 1854.915254
907197377.512083 0.000000 1867.118644
1732603.819467 0.000000 1879.322034
-336458687.022371 -0.000000 1891.525424
-28007122.770427 -0.000000 1903.728814
-19111182.174647 -0.000000 1915.932203
-20930275.615715 -0.000000 1928.135593
-20481323.980743 -0.000000 1940.338983
-19622886.397745 -0.000000 1952.542373
-19568453.134923 -0.000000 1964.745763
-20080428.941883 -0.000000 1976.949153
-20956248.111037 -0.000000 1989.152542
-21989722.935990 -0.000000 2001.355932
-23105113.820769 -0.000000 2013.559322
-24248152.652280 -0.000000 2025.762712
-25534959.198831 -0.000000 2037.966102
-26914741.416565 -0.000000 2050.169492
-28749275.122548 -0.000000 2062.372881
-24782153.011233 -0.000000 2074.576271
-20207664.352755 -0.000000 2086.779661
-8389501.017722 -0.000000 2098.983051
-8464964.835831 -0.000000 2111.186441
-5267228.059081 -0.000000 2123.389831
2382214.722123 0.000000 2135.593220
6542657.711710 0.000000 2147.796610
5821662.135480 0.000000 2160.000000
7259897.324430 0.000000 2172.203390
21886044.403265 0.000000 2184.406780
137759218.580745 0.000000 2196.610169
32958470.088679 0.000000 2208.813559
11716091.689584 0.000000 2221.016949
12994781.206173 0.000000 2233.220339
10886655.105416 0.000000 2245.423729
8294458.016986 0.000000 2257.627119
6123285.209165 0.000000 2269.830508
4927648.105529 0.000000 2282.033898
4754907.460347 0.000000 2294.237288
5300844.724091 0.000000 2306.440678
6210146.846926 0.000000 2318.644068
7240871.762388 0.000000 2330.847458
8243119.603844 0.000000 2343.050847
9152392.521755 0.000000 2355.254237
9942424.502514 0.000000 2367.457627
10615976.461687 0.000000 2379.661017
11177177.302533 0.000000 2391.864407
11634522.230379 0.000000 2404.067797
11999440.200621 0.000000 2416.271186
12306668.863350 0.000000 2428.474576
12597138.911503 0.000000 2440.677966
12888328.868256 0.000000 2452.881356
13156737.124244 0.000000 2465.084746
13382721.645908 0.000000 2477.288136
13561880.732751 0.000000 2489.491525
13707912.855963 0.000000 2501.694915
13828405.199513 0.000000 2513.898305
13932100.674930 0.000000 2526.101695
14020391.919526 0.000000 2538.305085
14097714.650311 0.000000 2550.508475
14165258.793210 0.000000 2562.711864
14225766.126755 0.000000 2574.915254
14280880.997722 0.000000 2587.118644
14330386.967222 0.000000 2599.322034
14373337.905419 0.000000 2611.525424
14399820.793862 0.000000 2623.728814
14398531.608806 0.000000 2635.932203
14358735.288782 0.000000 2648.135593
14305345.734154 0.000000 2660.338983
14286157.553769 0.000000 2672.542373
14334872.668482 0.000000 2684.745763
14419203.599037 0.000000 2696.949153
14485091.961883 0.000000 2709.152542
14492862.221187 0.000000 2721.355932
14434374.993601 0.000000 2733.559322
14330108.770061 0.000000 2745.762712
14231912.568591 0.000000 2757.966102
14178505.650871 0.000000 2770.169492
14133696.856042 0.000000 2782.372881
13985137.334607 0.000000 2794.576271
13601484.371848 0.000000 2806.779661
12872852.861660 0.000000 2818.983051
11693410.462845 0.000000 2831.186441
9802296.786260 0.000000 2843.389831
6820401.041782 0.000000 2855.593220
2871077.600829 0.000000 2867.796610
465243.985628 0.000000 2880.000000
4413252.035004 0.000000 2892.203390
18116390.843413 0.000000 2904.406780
29370950.090817 0.000000 2916.610169
29699021.102457 0.000000 2928.813559
29733468.856541 0.000000 2941.016949
30372929.632945 0.000000 2953.220339
30568691.451531 0.000000 2965.423729
30635761.800130 0.000000 2977.627119
30491079.389042 0.000000 2989.830508
29964628.876208 0.000000 3002.033898
29756200.733398 0.000000 3014.237288
29566976.684908 0.000000 3026.440678
29223208.576733 0.000000 3038.644068
28945875.249371 0.000000 3050.847458
28684167.723366 0.000000 3063.050847
28475306.269953 0.000000 3075.254237
28314871.940143 0.000000 3087.457627
28177897.505660 0.000000 3099.661017
28048220.906271 0.000000 3111.864407
27921280.515056 0.000000 3124.067797
27802309.391276 0.000000 3136.271186
27706916.759305 0.000000 3148.474576
27645061.050940 0.000000 3160.677966
27620834.718467 0.000000 3172.881356
27662994.767689 0.000000 3185.084746
27881037.315630 0.000000 3197.288136
28303299.912618 0.000000 3209.491525
28119497.942927 0.000000 3221.694915
28514192.512858 0.000000 3233.898305
31687899.527913 0.000000 3246.101695
34046195.603558 0.000000 3258.305085
33426729.046808 0.000000 3270.508475
31598709.163434 0.000000 3282.711864
30037625.514646 0.000000 3294.915254
26503066.377225 0.000000 3307.118644
26960488.406107 0.000000 3319.322034
6063981.653739 0.000000 3331.525424
12021709.034556 0.000000 3343.728814
25450.048768 0.000000 3355.932203
45136.493899 0.000000 3368.135593
65132.941464 0.000000 3380.338983
84464.038507 0.000000 3392.542373
102777.217175 0.000000 3404.745763
119445.054157 0.000000 3416.949153
134236.930564 0.000000 3429.152542
146980.596330 0.000000 3441.355932
157725.746718 0.000000 3453.559322
166579.931761 0.000000 3465.762712
173749.788361 0.000000 3477.966102
179445.987487 0.000000 3490.169492
183904.689023 0.000000 3502.372881
187333.300240 0.000000 3514.576271
189931.990761 0.000000 3526.779661
191863.020964 0.000000 3538.983051
193271.290394 0.000000 3551.186441
194266.578997 0.000000 3563.389831
194939.858355 0.000000 3575.593220
195353.242510 0.000000 3587.796610
195549.923463 0.000000 3600.000000
