1425814.330820 0.000000 0.000000
1395174.785728 0.000000 12.203390
1331824.648657 0.000000 24.406780
1232196.807121 0.000000 36.610169
1092450.993391 0.000000 48.813559
910346.683676 0.000000 61.016949
687289.404727 0.000000 73.220339
429452.729086 0.000000 85.423729
498117161.980550 0.000000 97.627119
-1522138.280417 -0.000000 109.830508
-7599236.839085 -0.000000 122.033898
-12651263.522295 -0.000000 134.237288
-13484997.191029 -0.000000 146.440678
-13117673.402946 -0.000000 158.644068
-12984787.285235 -0.000000 170.847458
-12948908.814328 -0.000000 183.050847
-12927007.830350 -0.000000 195.254237
-12868210.531606 -0.000000 207.457627
-12764474.575752 -0.000000 219.661017
-12668597.679332 -0.000000 231.864407
-12634960.009306 -0.000000 244.067797
-12705577.058568 -0.000000 256.271186
-12777817.147209 -0.000000 268.474576
-12799935.575343 -0.000000 280.677966
-12807969.335074 -0.000000 292.881356
-12808492.088186 -0.000000 305.084746
-12807552.496310 -0.000000 317.288136
-12803910.822373 -0.000000 329.491525
-12801886.949599 -0.000000 341.694915
-12798524.905858 -0.000000 353.898305
-12797436.696190 -0.000000 366.101695
-12795457.798520 -0.000000 378.305085
-12795433.648496 -0.000000 390.508475
-12794504.820568 -0.000000 402.711864
-12794927.256190 -0.000000 414.915254
-12793616.120431 -0.000000 427.118644
-12788389.175923 -0.000000 439.322034
-12774210.106040 -0.000000 451.525424
-12756639.424124 -0.000000 463.728814
-12740889.103430 -0.000000 475.932203
-12725568.244404 -0.000000 488.135593
-12709327.006682 -0.000000 500.338983
-12692997.569955 -0.000000 512.542373
-12676093.973198 -0.000000 524.745763
-12658650.983316 -0.000000 536.949153
-12640512.665405 -0.000000 549.152542
-12622084.640499 -0.000000 561.355932
-12603507.474434 -0.000000 573.559322
-12584172.042577 -0.000000 585.762712
-12565484.197125 -0.000000 597.966102
-12530693.864863 -0.000000 610.169492
-12469991.910202 -0.000000 622.372881
-12411957.702372 -0.000000 634.576271
-12358378.717215 -0.000000 646.779661
-12298332.862894 -0.000000 658.983051
-12237387.083312 -0.000000 671.186441
-12175005.433301 -0.000000 683.389831
-12111901.265909 -0.000000 695.593220
-12048093.645430 -0.000000 707.796610
-11983853.576518 -0.000000 720.000000
-11919277.407002 -0.000000 732.203390
-11854471.887207 -0.000000 744.406780
-11789480.798854 -0.000000 756.610169
-11724202.895113 -0.000000 768.813559
-11658540.979207 -0.000000 781.016949
-11592081.303690 -0.000000 793.220339
-11524567.488884 -0.000000 805.423729
-11455600.512490 -0.000000 817.627119
-11385861.010275 -0.000000 829.830508
-11316983.441433 -0.000000 842.033898
-11252122.037677 -0.000000 854.237288
-11193349.576645 -0.000000 866.440678
-11139190.278435 -0.000000 878.644068
-11084218.850075 -0.000000 890.847458
-11022452.353309 -0.000000 903.050847
-10947766.874832 -0.000000 915.254237
-10851739.779072 -0.000000 927.457627
-10743592.231022 -0.000000 939.661017
-10667753.394698 -0.000000 951.864407
-10629801.338104 -0.000000 964.067797
-10588721.518861 -0.000000 976.271186
-10531169.564274 -0.000000 988.474576
-10466537.461988 -0.000000 1000.677966
-10399947.007929 -0.000000 1012.881356
-10332976.554463 -0.000000 1025.084746
-10265644.006419 -0.000000 1037.288136
-10198542.223553 -0.000000 1049.491525
-10131594.734273 -0.000000 1061.694915
-10064850.902985 -0.000000 1073.898305
-9998273.602922 -0.000000 1086.101695
-9931775.890923 -0.000000 1098.305085
-9865379.753002 -0.000000 1110.508475
-9798983.999679 -0.000000 1122.711864
-9732649.597446 -0.000000 1134.915254
-9666280.641166 -0.000000 1147.118644
-9599958.230479 -0.000000 1159.322034
-9533589.506334 -0.000000 1171.525424
-9467264.754898 -0.000000 1183.728814
-9400890.919033 -0.000000 1195.932203
-9334561.751582 -0.000000 1208.135593
-9268182.793316 -0.000000 1220.338983
-9201847.569538 -0.000000 1232.542373
-9135460.876468 -0.000000 1244.745763
-9069112.910264 -0.000000 1256.949153
-9002711.749552 -0.000000 1269.152542
-8936344.357641 -0.000000 1281.355932
-8869937.855725 -0.000000 1293.559322
-8803593.557054 -0.000000 1305.762712
-8737313.682772 -0.000000 1317.966102
-8671296.420876 -0.000000 1330.169492
-8605796.722538 -0.000000 1342.372881
-8541386.235088 -0.000000 1354.576271
-8479071.125716 -0.000000 1366.779661
-8420560.771257 -0.000000 1378.983051
-8368836.295798 -0.000000 1391.186441
-8328512.380681 -0.000000 1403.389831
-8307062.855339 -0.000000 1415.593220
-8315198.196083 -0.000000 1427.796610
-8368607.713561 -0.000000 1440.000000
-8487071.463614 -0.000000 1452.203390
-8695204.847394 -0.000000 1464.406780
-9014797.387861 -0.000000 1476.610169
-9463994.445425 -0.000000 1488.813559
-10034802.689390 -0.000000 1501.016949
-10728304.590736 -0.000000 1513.220339
-11500865.833691 -0.000000 1525.423729
-12377936.055943 -0.000000 1537.627119
-8582317.790387 -0.000000 1549.830508
-50098.829643 -0.000000 1562.033898
3724202.866211 0.000000 1574.237288
2873813.194770 0.000000 1586.440678
2113589.717122 0.000000 1598.644068
1437805.598359 0.000000 1610.847458
904889.747434 0.000000 1623.050847
519205.063658 0.000000 1635.254237
303478.118993 0.000000 1647.457627
258430.525119 0.000000 1659.661017
384961.092767 0.000000 1671.864407
683275.535355 0.000000 1684.067797
1150700.689132 0.000000 1696.271186
1777822.672864 0.000000 1708.474576
2538872.079419 0.000000 1720.677966
3422739.812225 0.000000 1732.881356
4359028.918518 0.000000 1745.084746
3030971.473513 0.000000 1757.288136
-5060683.604191 -0.000000 1769.491525
-11046707.002964 -0.000000 1781.694915
-10307488.156291 -0.000000 1793.898305
-9401715.672846 -0.000000 1806.101695
-8535420.421801 -0.000000 1818.305085
-7805229.641755 -0.000000 1830.508475
-7188353.560837 -0.000000 1842.711864
-6704805.016477 -0.000000 1854.915254
-6334511.676465 -0.000000 1867.118644
-6055221.098958 -0.000000 1879.322034
-5839069.890023 -0.000000 1891.525424
-5661143.444515 -0.000000 1903.728814
-5500739.524519 -0.000000 1915.932203
-5336644.332484 -0.000000 1928.135593
-5149053.639396 -0.000000 1940.338983
-4910444.254767 -0.000000 1952.542373
-4588625.138464 -0.000000 1964.745763
-4134557.986106 -0.000000 1976.949153
-3485816.722973 -0.000000 1989.152542
-2554625.035727 -0.000000 2001.355932
-1233893.166696 -0.000000 2013.559322
590614.783727 0.000000 2025.762712
3036421.653394 0.000000 2037.966102
6005505.476478 0.000000 2050.169492
9461560.539266 0.000000 2062.372881
12546953.987164 0.000000 2074.576271
13721164.562901 0.000000 2086.779661
12339092.333100 0.000000 2098.983051
3313626.405332 0.000000 2111.186441
-11080140.564838 -0.000000 2123.389831
-18754834.033772 -0.000000 2135.593220
-19586467.134177 -0.000000 2147.796610
-38897787.111638 -0.000000 2160.000000
-23262583.366936 -0.000000 2172.203390
-16552322.638724 -0.000000 2184.406780
-14181410.106988 -0.000000 2196.610169
-14602281.230012 -0.000000 2208.813559
-15365120.677585 -0.000000 2221.016949
-14576628.986993 -0.000000 2233.220339
-14132879.169642 -0.000000 2245.423729
-14550637.663751 -0.000000 2257.627119
-14999681.680730 -0.000000 2269.830508
-15197188.791212 -0.000000 2282.033898
-15267207.562616 -0.000000 2294.237288
-15230928.209152 -0.000000 2306.440678
-15195449.879001 -0.000000 2318.644068
-15380009.611912 -0.000000 2330.847458
-15968262.418444 -0.000000 2343.050847
-17188004.871985 -0.000000 2355.254237
-19359015.192200 -0.000000 2367.457627
-23110156.824309 -0.000000 2379.661017
-30012756.690414 -0.000000 2391.864407
-37881074.091721 -0.000000 2404.067797
-15662004.422313 -0.000000 2416.271186
-7185365.926754 -0.000000 2428.474576
-3094397.564743 -0.000000 2440.677966
943052.165249 0.000000 2452.881356
3824389.201935 0.000000 2465.084746
5794635.910999 0.000000 2477.288136
7209504.044681 0.000000 2489.491525
8325328.244702 0.000000 2501.694915
9294579.438633 0.000000 2513.898305
10187378.257552 0.000000 2526.101695
11033812.354204 0.000000 2538.305085
11834578.331695 0.000000 2550.508475
12584480.165051 0.000000 2562.711864
13271142.252873 0.000000 2574.915254
13887073.326271 0.000000 2587.118644
14424195.484121 0.000000 2599.322034
14871820.996286 0.000000 2611.525424
15191772.487968 0.000000 2623.728814
15398635.548109 0.000000 2635.932203
15506072.454240 0.000000 2648.135593
15535909.319154 0.000000 2660.338983
15547482.743492 0.000000 2672.542373
15544413.918811 0.000000 2684.745763
15548482.573694 0.000000 2696.949153
15555579.645969 0.000000 2709.152542
15554738.256808 0.000000 2721.355932
15560125.579991 0.000000 2733.559322
15564543.582237 0.000000 2745.762712
15565030.925304 0.000000 2757.966102
15564962.806162 0.000000 2770.169492
15563881.487307 0.000000 2782.372881
15561376.689299 0.000000 2794.576271
15555330.543920 0.000000 2806.779661
15545662.009448 0.000000 2818.983051
15534510.951630 0.000000 2831.186441
15522322.460806 0.000000 2843.389831
15514249.466942 0.000000 2855.593220
15513135.134429 0.000000 2867.796610
15524395.535779 0.000000 2880.000000
15542378.875624 0.000000 2892.203390
15566519.650343 0.000000 2904.406780
15588119.890803 0.000000 2916.610169
15610297.890116 0.000000 2928.813559
15624030.364793 0.000000 2941.016949
15618069.611753 0.000000 2953.220339
15620299.829658 0.000000 2965.423729
15701715.083028 0.000000 2977.627119
15797356.044987 0.000000 2989.830508
15271083.516109 0.000000 3002.033898
12934896.782132 0.000000 3014.237288
7988375.497601 0.000000 3026.440678
2287394.548219 0.000000 3038.644068
-646113.635420 -0.000000 3050.847458
8683265.114619 0.000000 3063.050847
26787975.378413 0.000000 3075.254237
30972691.287087 0.000000 3087.457627
30301243.401034 0.000000 3099.661017
30673914.575455 0.000000 3111.864407
31384643.978074 0.000000 3124.067797
31759440.866098 0.000000 3136.271186
31595512.614355 0.000000 3148.474576
31251922.987365 0.000000 3160.677966
30697397.921003 0.000000 3172.881356
30475908.905272 0.000000 3185.084746
30381465.561199 0.000000 3197.288136
30047531.216378 0.000000 3209.491525
29791322.276629 0.000000 3221.694915
29563260.822681 0.000000 3233.898305
29368287.636888 0.000000 3246.101695
29218041.738076 0.000000 3258.305085
29084171.707745 0.000000 3270.508475
28953502.486490 0.000000 3282.711864
28818607.140655 0.000000 3294.915254
28677386.382957 0.000000 3307.118644
28536395.029206 0.000000 3319.322034
28409297.328713 0.000000 3331.525424
28331909.558453 0.000000 3343.728814
28359343.823089 0.000000 3355.932203
28645637.164268 0.000000 3368.135593
28989342.488603 0.000000 3380.338983
28474759.901736 0.000000 3392.542373
29887738.064765 0.000000 3404.745763
34032182.628423 0.000000 3416.949153
35707697.800569 0.000000 3429.152542
34197980.567413 0.000000 3441.355932
32199363.915414 0.000000 3453.559322
29971921.564133 0.000000 3465.762712
29550719.196716 0.000000 3477.966102
17679215.567139 0.000000 3490.169492
1045452.921532 0.000000 3502.372881
7116657.869582 0.000000 3514.576271
251276.367926 0.000000 3526.779661
394676.073001 0.000000 3538.983051
515215.242648 0.000000 3551.186441
612279.439924 0.000000 3563.389831
685684.226957 0.000000 3575.593220
734828.226826 0.000000 3587.796610
759488.590643 0.000000 3600.000000
