10138.933752 0.000000 0.000000
10143.218993 0.000000 12.203390
10151.963096 0.000000 24.406780
10165.053660 0.000000 36.610169
10182.767596 0.000000 48.813559
10205.270975 0.000000 61.016949
10232.843196 0.000000 73.220339
10265.750107 0.000000 85.423729
10304.358690 0.000000 97.627119
10349.009940 0.000000 109.830508
10400.152246 0.000000 122.033898
10458.187619 0.000000 134.237288
10523.634049 0.000000 146.440678
10596.939657 0.000000 158.644068
10678.677920 0.000000 170.847458
10769.328831 0.000000 183.050847
10869.507742 0.000000 195.254237
10979.713280 0.000000 207.457627
11100.590738 0.000000 219.661017
11232.646019 0.000000 231.864407
11376.544913 0.000000 244.067797
11532.792705 0.000000 256.271186
11702.069780 0.000000 268.474576
11884.876522 0.000000 280.677966
12081.907098 0.000000 292.881356
12293.657145 0.000000 305.084746
12520.837444 0.000000 317.288136
12763.944488 0.000000 329.491525
13023.714061 0.000000 341.694915
13300.653086 0.000000 353.898305
13595.536234 0.000000 366.101695
13908.895184 0.000000 378.305085
14241.560564 0.000000 390.508475
14594.107822 0.000000 402.711864
14967.445566 0.000000 414.915254
15362.213776 0.000000 427.118644
15779.424754 0.000000 439.322034
16219.807870 0.000000 451.525424
16684.505660 0.000000 463.728814
17174.363451 0.000000 475.932203
17690.684090 0.000000 488.135593
18234.454964 0.000000 500.338983
18807.170770 0.000000 512.542373
19409.989176 0.000000 524.745763
20044.627489 0.000000 536.949153
20712.441617 0.000000 549.152542
21415.404562 0.000000 561.355932
22155.096560 0.000000 573.559322
22933.779321 0.000000 585.762712
23753.284924 0.000000 597.966102
24616.196519 0.000000 610.169492
25524.622968 0.000000 622.372881
26481.503328 0.000000 634.576271
27489.247801 0.000000 646.779661
28551.185651 0.000000 658.983051
29670.052616 0.000000 671.186441
30849.603504 0.000000 683.389831
32092.921545 0.000000 695.593220
33404.224781 0.000000 707.796610
34786.966020 0.000000 720.000000
36245.865722 0.000000 732.203390
37784.767498 0.000000 744.406780
39408.936352 0.000000 756.610169
41122.627322 0.000000 768.813559
42931.696812 0.000000 781.016949
44840.832075 0.000000 793.220339
46856.531620 0.000000 805.423729
48983.936349 0.000000 817.627119
51230.244716 0.000000 829.830508
53601.071452 0.000000 842.033898
56104.379308 0.000000 854.237288
58746.278448 0.000000 866.440678
61535.567914 0.000000 878.644068
64478.874244 0.000000 890.847458
67585.913529 0.000000 903.050847
70863.847369 0.000000 915.254237
74323.399105 0.000000 927.457627
77972.281120 0.000000 939.661017
81822.324046 0.000000 951.864407
85881.803152 0.000000 964.067797
90163.766245 0.000000 976.271186
94677.056612 0.000000 988.474576
99436.058544 0.000000 1000.677966
104450.180338 0.000000 1012.881356
109735.274500 0.000000 1025.084746
115301.299696 0.000000 1037.288136
121165.717990 0.000000 1049.491525
127339.010357 0.000000 1061.694915
133840.400673 0.000000 1073.898305
140680.847533 0.000000 1086.101695
147881.499215 0.000000 1098.305085
155453.726832 0.000000 1110.508475
163420.772352 0.000000 1122.711864
171794.329428 0.000000 1134.915254
180599.907108 0.000000 1147.118644
189849.400651 0.000000 1159.322034
199570.752308 0.000000 1171.525424
209775.900786 0.000000 1183.728814
220495.366518 0.000000 1195.932203
231740.922252 0.000000 1208.135593
243545.764764 0.000000 1220.338983
255921.219283 0.000000 1232.542373
268903.165850 0.000000 1244.745763
282502.098624 0.000000 1256.949153
296756.421545 0.000000 1269.152542
311675.247167 0.000000 1281.355932
327299.052749 0.000000 1293.559322
343634.743568 0.000000 1305.762712
360723.919472 0.000000 1317.966102
378569.965583 0.000000 1330.169492
397213.786303 0.000000 1342.372881
416653.062469 0.000000 1354.576271
436924.682625 0.000000 1366.779661
458016.822222 0.000000 1378.983051
479956.402043 0.000000 1391.186441
502715.284418 0.000000 1403.389831
526299.780321 0.000000 1415.593220
550652.936782 0.000000 1427.796610
575741.316389 0.000000 1440.000000
601455.830340 0.000000 1452.203390
627688.488571 0.000000 1464.406780
654234.089901 0.000000 1476.610169
680846.099678 0.000000 1488.813559
707139.973525 0.000000 1501.016949
732612.471493 0.000000 1513.220339
756543.949471 0.000000 1525.423729
777960.175417 0.000000 1537.627119
795528.387137 0.000000 1549.830508
807444.677050 0.000000 1562.033898
811339.315752 0.000000 1574.237288
804136.772764 0.000000 1586.440678
782130.459523 0.000000 1598.644068
741153.119082 0.000000 1610.847458
677427.521541 0.000000 1623.050847
588849.840861 0.000000 1635.254237
477186.579027 0.000000 1647.457627
349896.000485 0.000000 1659.661017
220917.648246 0.000000 1671.864407
108275.599502 0.000000 1684.067797
33408942.626812 0.000000 1696.271186
-2204028.649405 -0.000000 1708.474576
-7310142.831477 -0.000000 1720.677966
-11379926.673184 -0.000000 1732.881356
-12492460.610695 -0.000000 1745.084746
-11756319.618584 -0.000000 1757.288136
-9639658.784451 -0.000000 1769.491525
-6581028.120002 -0.000000 1781.694915
-2915543.608769 -0.000000 1793.898305
1019767.572744 0.000000 1806.101695
4915373.966932 0.000000 1818.305085
8382765.611369 0.000000 1830.508475
11095906.032813 0.000000 1842.711864
12271576.403151 0.000000 1854.915254
8896721.835322 0.000000 1867.118644
-3935812.400154 -0.000000 1879.322034
-15504943.428132 -0.000000 1891.525424
-24799507.482428 -0.000000 1903.728814
-66502190.703781 -0.000000 1915.932203
-22824542.196766 -0.000000 1928.135593
-15578943.928859 -0.000000 1940.338983
-13552607.061168 -0.000000 1952.542373
-13458025.268551 -0.000000 1964.745763
-15009233.245876 -0.000000 1976.949153
-17109407.044612 -0.000000 1989.152542
-19095122.111558 -0.000000 2001.355932
-20989211.027397 -0.000000 2013.559322
-22793028.585785 -0.000000 2025.762712
-24563448.015940 -0.000000 2037.966102
-26406257.270261 -0.000000 2050.169492
-28281786.256468 -0.000000 2062.372881
-31159311.689004 -0.000000 2074.576271
-24922062.047157 -0.000000 2086.779661
-51407936.938580 -0.000000 2098.983051
-7928381.747276 -0.000000 2111.186441
-10274221.187582 -0.000000 2123.389831
-5232272.324958 -0.000000 2135.593220
2848121.321141 0.000000 2147.796610
7671620.438548 0.000000 2160.000000
6531715.560687 0.000000 2172.203390
8223448.277342 0.000000 2184.406780
51159180.622463 0.000000 2196.610169
224352012.887031 0.000000 2208.813559
10679708.073079 0.000000 2221.016949
11247810.144917 0.000000 2233.220339
10172182.654018 0.000000 2245.423729
7957678.092540 0.000000 2257.627119
5013453.848501 0.000000 2269.830508
2949521.782106 0.000000 2282.033898
2110957.401794 0.000000 2294.237288
2208594.310201 0.000000 2306.440678
2882332.396711 0.000000 2318.644068
3827737.195585 0.000000 2330.847458
4842148.036372 0.000000 2343.050847
5807927.675785 0.000000 2355.254237
6666140.732493 0.000000 2367.457627
7389985.828290 0.000000 2379.661017
7975195.610522 0.000000 2391.864407
8448283.311068 0.000000 2404.067797
8858122.369040 0.000000 2416.271186
9247598.791292 0.000000 2428.474576
9625971.364816 0.000000 2440.677966
9987260.356779 0.000000 2452.881356
10313917.450726 0.000000 2465.084746
10591785.689623 0.000000 2477.288136
10817934.372869 0.000000 2489.491525
11004246.156894 0.000000 2501.694915
11162601.108691 0.000000 2513.898305
11301856.641379 0.000000 2526.101695
11426238.586974 0.000000 2538.305085
11538616.994140 0.000000 2550.508475
11640118.844580 0.000000 2562.711864
11730383.752178 0.000000 2574.915254
11804143.948400 0.000000 2587.118644
11852502.516998 0.000000 2599.322034
11867344.151214 0.000000 2611.525424
11857078.842982 0.000000 2623.728814
11845394.013705 0.000000 2635.932203
11860131.741746 0.000000 2648.135593
11918495.300534 0.000000 2660.338983
12014367.493861 0.000000 2672.542373
12101608.529931 0.000000 2684.745763
12129573.240206 0.000000 2696.949153
12093861.423335 0.000000 2709.152542
12042643.710142 0.000000 2721.355932
12031853.909633 0.000000 2733.559322
12079023.395538 0.000000 2745.762712
12152984.672478 0.000000 2757.966102
12191579.562426 0.000000 2770.169492
12143735.741140 0.000000 2782.372881
11975843.180787 0.000000 2794.576271
11620253.877094 0.000000 2806.779661
10956160.271467 0.000000 2818.983051
9830031.236773 0.000000 2831.186441
8070241.849810 0.000000 2843.389831
5496588.029649 0.000000 2855.593220
2252571.902500 0.000000 2867.796610
-499634.948903 -0.000000 2880.000000
-141394.899038 -0.000000 2892.203390
7725898.414299 0.000000 2904.406780
22236000.798692 0.000000 2916.610169
29928301.187442 0.000000 2928.813559
29858716.081363 0.000000 2941.016949
29959458.889134 0.000000 2953.220339
30397135.711149 0.000000 2965.423729
30632284.502447 0.000000 2977.627119
30638365.889082 0.000000 2989.830508
30134434.355616 0.000000 3002.033898
29789107.088247 0.000000 3014.237288
29617970.619074 0.000000 3026.440678
29238305.653077 0.000000 3038.644068
28941284.734516 0.000000 3050.847458
28665338.085299 0.000000 3063.050847
28432498.768246 0.000000 3075.254237
28262957.230553 0.000000 3087.457627
28132067.737080 0.000000 3099.661017
28025028.145889 0.000000 3111.864407
27926698.864021 0.000000 3124.067797
27834354.921991 0.000000 3136.271186
27746077.599205 0.000000 3148.474576
27677120.678941 0.000000 3160.677966
27628230.467808 0.000000 3172.881356
27649662.977275 0.000000 3185.084746
27776028.207651 0.000000 3197.288136
28185264.939457 0.000000 3209.491525
28538449.249254 0.000000 3221.694915
28450078.038066 0.000000 3233.898305
29942801.642194 0.000000 3246.101695
32859680.138014 0.000000 3258.305085
33673425.894490 0.000000 3270.508475
32568545.800088 0.000000 3282.711864
30586324.622193 0.000000 3294.915254
29061844.140610 0.000000 3307.118644
26723475.324238 0.000000 3319.322034
22483202.461077 0.000000 3331.525424
-1033565.926857 -0.000000 3343.728814
1584556.740904 0.000000 3355.932203
6594.678162 0.000000 3368.135593
11690.472308 0.000000 3380.338983
17033.001900 0.000000 3392.542373
21931.278826 0.000000 3404.745763
26520.021095 0.000000 3416.949153
30647.810405 0.000000 3429.152542
34280.505329 0.000000 3441.355932
37417.053142 0.000000 3453.559322
40063.902207 0.000000 3465.762712
42272.087199 0.000000 3477.966102
44079.140301 0.000000 3490.169492
45546.822583 0.000000 3502.372881
46718.331826 0.000000 3514.576271
47646.835628 0.000000 3526.779661
48368.098028 0.000000 3538.983051
48920.753497 0.000000 3551.186441
49329.523870 0.000000 3563.389831
49618.660461 0.000000 3575.593220
49802.128875 0.000000 3587.796610
49891.656317 0.000000 3600.000000
