149204.904636 0.000000 0.000000
149751.540035 0.000000 12.203390
150845.816849 0.000000 24.406780
152490.229417 0.000000 36.610169
154687.959742 0.000000 48.813559
157443.748035 0.000000 61.016949
160763.017393 0.000000 73.220339
164652.901679 0.000000 85.423729
169121.002348 0.000000 97.627119
174176.899827 0.000000 109.830508
179830.359249 0.000000 122.033898
186093.454718 0.000000 134.237288
192978.085727 0.000000 146.440678
200498.849587 0.000000 158.644068
208669.710065 0.000000 170.847458
217507.771271 0.000000 183.050847
227028.914009 0.000000 195.254237
237252.631833 0.000000 207.457627
248196.432881 0.000000 219.661017
259881.882796 0.000000 231.864407
272327.569214 0.000000 244.067797
285556.445695 0.000000 256.271186
299587.163225 0.000000 268.474576
314442.708854 0.000000 280.677966
330139.938469 0.000000 292.881356
346699.314369 0.000000 305.084746
364132.509537 0.000000 317.288136
382452.739861 0.000000 329.491525
401660.324515 0.000000 341.694915
421752.597048 0.000000 353.898305
442707.234953 0.000000 366.101695
464489.920423 0.000000 378.305085
487034.922873 0.000000 390.508475
510247.376346 0.000000 402.711864
533979.735556 0.000000 414.915254
558023.426925 0.000000 427.118644
582077.977270 0.000000 439.322034
605723.586641 0.000000 451.525424
628376.688370 0.000000 463.728814
649231.390357 0.000000 475.932203
667193.405003 0.000000 488.135593
680781.204373 0.000000 500.338983
688045.721895 0.000000 512.542373
686466.404128 0.000000 524.745763
672964.124599 0.000000 536.949153
644023.299977 0.000000 549.152542
596216.510376 0.000000 561.355932
527145.180446 0.000000 573.559322
437025.080576 0.000000 585.762712
330393.576951 0.000000 597.966102
217293.970487 0.000000 610.169492
112470.615550 0.000000 622.372881
86730361.994975 0.000000 634.576271
-2227285.739135 -0.000000 646.779661
-9128708.882380 -0.000000 658.983051
-13577607.485417 -0.000000 671.186441
-13370178.292680 -0.000000 683.389831
-13015590.001866 -0.000000 695.593220
-12916113.133483 -0.000000 707.796610
-12927433.434908 -0.000000 720.000000
-12922447.416866 -0.000000 732.203390
-12857023.514569 -0.000000 744.406780
-12728417.039135 -0.000000 756.610169
-12606180.990296 -0.000000 768.813559
-12604838.866172 -0.000000 781.016949
-12709458.589194 -0.000000 793.220339
-12772323.098941 -0.000000 805.423729
-12787124.608826 -0.000000 817.627119
-12792001.198727 -0.000000 829.830508
-12788519.634748 -0.000000 842.033898
-12780449.744286 -0.000000 854.237288
-12760040.772308 -0.000000 866.440678
-12727046.759195 -0.000000 878.644068
-12689168.918113 -0.000000 890.847458
-12644633.437629 -0.000000 903.050847
-12598320.174326 -0.000000 915.254237
-12553252.922866 -0.000000 927.457627
-12498906.338328 -0.000000 939.661017
-12424120.389126 -0.000000 951.864407
-12314801.401154 -0.000000 964.067797
-12177752.561782 -0.000000 976.271186
-12029165.563100 -0.000000 988.474576
-11877309.178385 -0.000000 1000.677966
-11727685.082746 -0.000000 1012.881356
-11580800.007538 -0.000000 1025.084746
-11434812.992475 -0.000000 1037.288136
-11283423.353050 -0.000000 1049.491525
-11112160.108915 -0.000000 1061.694915
-10917483.201477 -0.000000 1073.898305
-10743125.320473 -0.000000 1086.101695
-10626914.638761 -0.000000 1098.305085
-10533489.839694 -0.000000 1110.508475
-10420657.069207 -0.000000 1122.711864
-10291432.346335 -0.000000 1134.915254
-10157334.311469 -0.000000 1147.118644
-10020058.732600 -0.000000 1159.322034
-9877999.449050 -0.000000 1171.525424
-9730871.465915 -0.000000 1183.728814
-9579792.946268 -0.000000 1195.932203
-9425943.282579 -0.000000 1208.135593
-9270029.208569 -0.000000 1220.338983
-9112739.396006 -0.000000 1232.542373
-8955805.534638 -0.000000 1244.745763
-8803563.999882 -0.000000 1256.949153
-8661128.697833 -0.000000 1269.152542
-8530942.041924 -0.000000 1281.355932
-8407565.999168 -0.000000 1293.559322
-8280838.695116 -0.000000 1305.762712
-8141944.642765 -0.000000 1317.966102
-7990834.274569 -0.000000 1330.169492
-7831711.356078 -0.000000 1342.372881
-7670724.118544 -0.000000 1354.576271
-7510541.220900 -0.000000 1366.779661
-7355737.477647 -0.000000 1378.983051
-7209724.985961 -0.000000 1391.186441
-7077277.034930 -0.000000 1403.389831
-6954068.505201 -0.000000 1415.593220
-6831367.931789 -0.000000 1427.796610
-6696618.040587 -0.000000 1440.000000
-6542838.641455 -0.000000 1452.203390
-6363896.368446 -0.000000 1464.406780
-6175144.339818 -0.000000 1476.610169
-6024808.261611 -0.000000 1488.813559
-5914289.920054 -0.000000 1501.016949
-5796150.368446 -0.000000 1513.220339
-5654619.918169 -0.000000 1525.423729
-5508876.486436 -0.000000 1537.627119
-5368063.515244 -0.000000 1549.830508
-5235495.658809 -0.000000 1562.033898
-5103108.426219 -0.000000 1574.237288
-4969061.779500 -0.000000 1586.440678
-4828617.202705 -0.000000 1598.644068
-4685129.490764 -0.000000 1610.847458
-4538712.082730 -0.000000 1623.050847
-4393282.324068 -0.000000 1635.254237
-4248507.533120 -0.000000 1647.457627
-4106008.166609 -0.000000 1659.661017
-3964673.724995 -0.000000 1671.864407
-3824896.708918 -0.000000 1684.067797
-3685611.094151 -0.000000 1696.271186
-3546629.448128 -0.000000 1708.474576
-3406888.267005 -0.000000 1720.677966
-3265496.576700 -0.000000 1732.881356
-3120926.238013 -0.000000 1745.084746
-2970696.931370 -0.000000 1757.288136
-2811702.587019 -0.000000 1769.491525
-2637223.649907 -0.000000 1781.694915
-2439435.584403 -0.000000 1793.898305
-2200305.812580 -0.000000 1806.101695
-1898323.024122 -0.000000 1818.305085
-1486838.000878 -0.000000 1830.508475
-908186.386605 -0.000000 1842.711864
-54266.977707 -0.000000 1854.915254
1204658.095174 0.000000 1867.118644
3059109.789064 0.000000 1879.322034
5645659.589904 0.000000 1891.525424
9790934.568170 0.000000 1903.728814
13427447.754096 0.000000 1915.932203
13508723.879343 0.000000 1928.135593
13311745.438284 0.000000 1940.338983
14795459.679255 0.000000 1952.542373
9094038.198805 0.000000 1964.745763
-10133628.893660 -0.000000 1976.949153
-19784764.129775 -0.000000 1989.152542
-22546360.568728 -0.000000 2001.355932
-60823179.416085 -0.000000 2013.559322
-21725996.321731 -0.000000 2025.762712
-15235005.458940 -0.000000 2037.966102
-15280337.753819 -0.000000 2050.169492
-21040320.017886 -0.000000 2062.372881
-26134475.480290 -0.000000 2074.576271
-17571182.454415 -0.000000 2086.779661
-10587273.677550 -0.000000 2098.983051
-12904787.507178 -0.000000 2111.186441
-14398382.055130 -0.000000 2123.389831
-16640543.705228 -0.000000 2135.593220
-24400308.288151 -0.000000 2147.796610
-38359359.783417 -0.000000 2160.000000
-6085949.448270 -0.000000 2172.203390
-41596511.659004 -0.000000 2184.406780
-32487616.392732 -0.000000 2196.610169
-22193215.105512 -0.000000 2208.813559
-22235226.081558 -0.000000 2221.016949
-63904663.777576 -0.000000 2233.220339
-740153980.511987 -0.000000 2245.423729
-2481422.763666 -0.000000 2257.627119
9999344.409028 0.000000 2269.830508
11746946.751659 0.000000 2282.033898
7615602.986965 0.000000 2294.237288
3587588.683467 0.000000 2306.440678
892755.480543 0.000000 2318.644068
-431020.088411 -0.000000 2330.847458
-503167.515970 -0.000000 2343.050847
251629.163090 0.000000 2355.254237
1431686.801167 0.000000 2367.457627
2732350.740686 0.000000 2379.661017
3996663.951865 0.000000 2391.864407
5139374.992676 0.000000 2404.067797
6149742.332999 0.000000 2416.271186
7028823.358040 0.000000 2428.474576
7802046.488602 0.000000 2440.677966
8482299.430772 0.000000 2452.881356
9091380.811725 0.000000 2465.084746
9635598.867412 0.000000 2477.288136
10129585.083904 0.000000 2489.491525
10574412.648352 0.000000 2501.694915
10981493.118397 0.000000 2513.898305
11349475.232458 0.000000 2526.101695
11688440.373355 0.000000 2538.305085
11995418.406695 0.000000 2550.508475
12277798.496233 0.000000 2562.711864
12526485.925442 0.000000 2574.915254
12735335.306699 0.000000 2587.118644
12885444.220733 0.000000 2599.322034
12986087.807757 0.000000 2611.525424
13081693.132709 0.000000 2623.728814
13226300.590798 0.000000 2635.932203
13407139.160004 0.000000 2648.135593
13555808.248948 0.000000 2660.338983
13649974.719650 0.000000 2672.542373
13732038.904460 0.000000 2684.745763
13853503.614985 0.000000 2696.949153
13996307.816747 0.000000 2709.152542
14125130.929834 0.000000 2721.355932
14213556.654370 0.000000 2733.559322
14267761.193190 0.000000 2745.762712
14285922.320487 0.000000 2757.966102
14277933.040635 0.000000 2770.169492
14256226.372653 0.000000 2782.372881
14238872.954146 0.000000 2794.576271
14225358.299619 0.000000 2806.779661
14208320.722124 0.000000 2818.983051
14160457.608329 0.000000 2831.186441
14009350.064923 0.000000 2843.389831
13674164.534254 0.000000 2855.593220
13061974.698221 0.000000 2867.796610
12053022.706033 0.000000 2880.000000
10344731.652822 0.000000 2892.203390
7532107.377766 0.000000 2904.406780
3550897.598720 0.000000 2916.610169
457437.883970 0.000000 2928.813559
1830687.434117 0.000000 2941.016949
13730929.614046 0.000000 2953.220339
27893265.233788 0.000000 2965.423729
30220732.546212 0.000000 2977.627119
30240212.644694 0.000000 2989.830508
30797500.710849 0.000000 3002.033898
31036339.192346 0.000000 3014.237288
31145149.890602 0.000000 3026.440678
31120736.827465 0.000000 3038.644068
30559412.914543 0.000000 3050.847458
30254183.659301 0.000000 3063.050847
30093709.527334 0.000000 3075.254237
29708468.726834 0.000000 3087.457627
29404470.871145 0.000000 3099.661017
29130860.256359 0.000000 3111.864407
28906347.588478 0.000000 3124.067797
28742977.732726 0.000000 3136.271186
28614092.347192 0.000000 3148.474576
28504937.740262 0.000000 3160.677966
28408015.601442 0.000000 3172.881356
28318547.783024 0.000000 3185.084746
28239986.687089 0.000000 3197.288136
28182895.732110 0.000000 3209.491525
28165322.949617 0.000000 3221.694915
28229710.378039 0.000000 3233.898305
28456685.472382 0.000000 3246.101695
28893822.252005 0.000000 3258.305085
28963590.105528 0.000000 3270.508475
29143159.340449 0.000000 3282.711864
31383410.474398 0.000000 3294.915254
33920673.388893 0.000000 3307.118644
34018194.285005 0.000000 3319.322034
32681219.513610 0.000000 3331.525424
30692111.413115 0.000000 3343.728814
27262915.133588 0.000000 3355.932203
28562407.739167 0.000000 3368.135593
10348365.091010 0.000000 3380.338983
26277243.457582 0.000000 3392.542373
36635.150046 0.000000 3404.745763
63277.301821 0.000000 3416.949153
89089.172199 0.000000 3429.152542
113769.079068 0.000000 3441.355932
136690.382918 0.000000 3453.559322
157371.571281 0.000000 3465.762712
175567.080707 0.000000 3477.966102
191183.990026 0.000000 3490.169492
204310.327360 0.000000 3502.372881
215116.924170 0.000000 3514.576271
223849.154651 0.000000 3526.779661
230758.945214 0.000000 3538.983051
236100.142632 0.000000 3551.186441
240091.739091 0.000000 3563.389831
242921.209630 0.000000 3575.593220
244727.831867 0.000000 3587.796610
245607.630840 0.000000 3600.000000
