2081993.746971 0.000000 0.000000
2074709.666687 0.000000 12.203390
2058957.993054 0.000000 24.406780
2032252.563588 0.000000 36.610169
1990789.660712 0.000000 48.813559
1929212.753676 0.000000 61.016949
1840875.658428 0.000000 73.220339
1718071.930296 0.000000 85.423729
1553474.827378 0.000000 97.627119
1341948.092454 0.000000 109.830508
1083828.681320 0.000000 122.033898
787376.417865 0.000000 134.237288
469937.830625 0.000000 146.440678
1253905126.807341 0.000000 158.644068
-1138352.236555 -0.000000 170.847458
-6807302.421765 -0.000000 183.050847
-11825736.383099 -0.000000 195.254237
-13550798.630434 -0.000000 207.457627
-13285864.367105 -0.000000 219.661017
-13088772.066162 -0.000000 231.864407
-13070171.933013 -0.000000 244.067797
-13008734.428291 -0.000000 256.271186
-12622898.575547 -0.000000 268.474576
-12172817.657666 -0.000000 280.677966
-11983079.058681 -0.000000 292.881356
-11766033.678060 -0.000000 305.084746
-11532064.075393 -0.000000 317.288136
-11351334.294367 -0.000000 329.491525
-11187803.248650 -0.000000 341.694915
-11035600.848476 -0.000000 353.898305
-10884879.171443 -0.000000 366.101695
-10733714.625766 -0.000000 378.305085
-10580745.393795 -0.000000 390.508475
-10426756.042808 -0.000000 402.711864
-10271628.464671 -0.000000 414.915254
-10116323.313190 -0.000000 427.118644
-9960400.395648 -0.000000 439.322034
-9804445.876092 -0.000000 451.525424
-9647770.303023 -0.000000 463.728814
-9490607.030212 -0.000000 475.932203
-9332272.169819 -0.000000 488.135593
-9172853.600028 -0.000000 500.338983
-9012092.733239 -0.000000 512.542373
-8850693.774246 -0.000000 524.745763
-8689870.619383 -0.000000 536.949153
-8531831.045618 -0.000000 549.152542
-8378576.902133 -0.000000 561.355932
-8230572.936496 -0.000000 573.559322
-8085527.577923 -0.000000 585.762712
-7939080.976876 -0.000000 597.966102
-7787256.101032 -0.000000 610.169492
-7628565.589679 -0.000000 622.372881
-7464379.662893 -0.000000 634.576271
-7297334.321203 -0.000000 646.779661
-7129863.658066 -0.000000 658.983051
-6963321.185585 -0.000000 671.186441
-6798215.566074 -0.000000 683.389831
-6634464.640436 -0.000000 695.593220
-6471847.392692 -0.000000 707.796610
-6310050.279620 -0.000000 720.000000
-6148840.226855 -0.000000 732.203390
-5987980.272306 -0.000000 744.406780
-5827323.694138 -0.000000 756.610169
-5666728.843702 -0.000000 768.813559
-5506126.508584 -0.000000 781.016949
-5345447.944422 -0.000000 793.220339
-5184673.219138 -0.000000 805.423729
-5023776.796061 -0.000000 817.627119
-4862761.849678 -0.000000 829.830508
-4701624.574310 -0.000000 842.033898
-4540375.162384 -0.000000 854.237288
-4379019.922620 -0.000000 866.440678
-4217568.068847 -0.000000 878.644068
-4056030.837591 -0.000000 890.847458
-3894413.088131 -0.000000 903.050847
-3732729.138311 -0.000000 915.254237
-3570978.335319 -0.000000 927.457627
-3409177.695303 -0.000000 939.661017
-3247320.818696 -0.000000 951.864407
-3085427.577648 -0.000000 964.067797
-2923485.931242 -0.000000 976.271186
-2761518.883361 -0.000000 988.474576
-2599508.943685 -0.000000 1000.677966
-2437482.517253 -0.000000 1012.881356
-2275416.853694 -0.000000 1025.084746
-2113341.946338 -0.000000 1037.288136
-1951229.990309 -0.000000 1049.491525
-1789114.701717 -0.000000 1061.694915
-1626963.377268 -0.000000 1073.898305
-1464813.538141 -0.000000 1086.101695
-1302627.755988 -0.000000 1098.305085
-1140447.401375 -0.000000 1110.508475
-978230.475757 -0.000000 1122.711864
-816022.188129 -0.000000 1134.915254
-653776.167854 -0.000000 1147.118644
-491541.429115 -0.000000 1159.322034
-329267.454491 -0.000000 1171.525424
-167006.916894 -0.000000 1183.728814
-4705.495258 -0.000000 1195.932203
157580.767526 0.000000 1208.135593
319909.498101 0.000000 1220.338983
482221.908935 0.000000 1232.542373
644578.166389 0.000000 1244.745763
806918.031037 0.000000 1256.949153
969302.980329 0.000000 1269.152542
1131673.727170 0.000000 1281.355932
1294091.025808 0.000000 1293.559322
1456500.292406 0.000000 1305.762712
1618957.400649 0.000000 1317.966102
1781415.806990 0.000000 1330.169492
1943915.413551 0.000000 1342.372881
2106411.089172 0.000000 1354.576271
2268892.365813 0.000000 1366.779661
2431265.105385 0.000000 1378.983051
2593361.832457 0.000000 1391.186441
2754848.208558 0.000000 1403.389831
2915093.141268 0.000000 1415.593220
3072955.022354 0.000000 1427.796610
3226552.080537 0.000000 1440.000000
3372526.513832 0.000000 1452.203390
3506020.090115 0.000000 1464.406780
3618582.644307 0.000000 1476.610169
3699512.800660 0.000000 1488.813559
3731114.467997 0.000000 1501.016949
3695233.193710 0.000000 1513.220339
3564228.565438 0.000000 1525.423729
3323929.796266 0.000000 1537.627119
2950729.869655 0.000000 1549.830508
2474287.492992 0.000000 1562.033898
1853784.706421 0.000000 1574.237288
1206843.699978 0.000000 1586.440678
546788.391077 0.000000 1598.644068
5842586.345286 0.000000 1610.847458
12937131.931410 0.000000 1623.050847
13772498.081268 0.000000 1635.254237
13228015.237764 0.000000 1647.457627
13000085.534926 0.000000 1659.661017
12855409.160706 0.000000 1671.864407
12717734.007226 0.000000 1684.067797
12619847.657712 0.000000 1696.271186
12560274.092881 0.000000 1708.474576
12547745.578894 0.000000 1720.677966
12532209.035544 0.000000 1732.881356
12645277.013456 0.000000 1745.084746
12968606.102194 0.000000 1757.288136
13107578.396065 0.000000 1769.491525
13123111.108199 0.000000 1781.694915
13285733.443326 0.000000 1793.898305
14234661.643100 0.000000 1806.101695
12938235.604356 0.000000 1818.305085
5660661.930065 0.000000 1830.508475
2774050.206104 0.000000 1842.711864
4267792.021909 0.000000 1854.915254
5342786.539771 0.000000 1867.118644
6356289.430154 0.000000 1879.322034
7208485.095471 0.000000 1891.525424
7932105.716705 0.000000 1903.728814
8512565.345680 0.000000 1915.932203
8974894.864814 0.000000 1928.135593
9351400.653725 0.000000 1940.338983
9675159.213213 0.000000 1952.542373
9989230.793803 0.000000 1964.745763
10326058.821917 0.000000 1976.949153
10734033.542157 0.000000 1989.152542
11206068.448438 0.000000 2001.355932
11644197.892925 0.000000 2013.559322
12300086.410538 0.000000 2025.762712
12924202.048309 0.000000 2037.966102
13051619.213546 0.000000 2050.169492
13185128.003323 0.000000 2062.372881
13277586.131636 0.000000 2074.576271
11036827.206263 0.000000 2086.779661
5351626.328004 0.000000 2098.983051
-3611461.580943 -0.000000 2111.186441
-14000402.975162 -0.000000 2123.389831
-34608956.217519 -0.000000 2135.593220
-81000282.416426 -0.000000 2147.796610
-22316936.910444 -0.000000 2160.000000
-15491713.067981 -0.000000 2172.203390
-15843691.289950 -0.000000 2184.406780
-19254690.602792 -0.000000 2196.610169
-23416258.271364 -0.000000 2208.813559
-27569559.227108 -0.000000 2221.016949
-31066084.320441 -0.000000 2233.220339
-29806996.703398 -0.000000 2245.423729
-25670373.932657 -0.000000 2257.627119
-22716789.288923 -0.000000 2269.830508
-19988936.216347 -0.000000 2282.033898
-17540072.537189 -0.000000 2294.237288
-16600957.465769 -0.000000 2306.440678
-16749724.142266 -0.000000 2318.644068
-17222185.056455 -0.000000 2330.847458
-16950840.031048 -0.000000 2343.050847
-17323696.794985 -0.000000 2355.254237
-19682774.010916 -0.000000 2367.457627
-24975801.597929 -0.000000 2379.661017
-29661939.476795 -0.000000 2391.864407
-12768386.282215 -0.000000 2404.067797
-9538004.883696 -0.000000 2416.271186
-7621202.546948 -0.000000 2428.474576
-4315810.484234 -0.000000 2440.677966
-1123732.622765 -0.000000 2452.881356
1619716.711097 0.000000 2465.084746
3897833.698690 0.000000 2477.288136
5782254.238495 0.000000 2489.491525
7365899.450420 0.000000 2501.694915
8718498.280012 0.000000 2513.898305
9898746.851488 0.000000 2526.101695
10938188.087528 0.000000 2538.305085
11862433.859117 0.000000 2550.508475
12679923.600248 0.000000 2562.711864
13400870.952710 0.000000 2574.915254
14024295.634299 0.000000 2587.118644
14559962.568456 0.000000 2599.322034
14978350.254724 0.000000 2611.525424
15255899.787107 0.000000 2623.728814
15449659.998700 0.000000 2635.932203
15553603.332810 0.000000 2648.135593
15591076.547070 0.000000 2660.338983
15603824.769935 0.000000 2672.542373
15597828.118114 0.000000 2684.745763
15595542.073345 0.000000 2696.949153
15593890.570137 0.000000 2709.152542
15563558.452073 0.000000 2721.355932
15497664.999800 0.000000 2733.559322
15472490.805370 0.000000 2745.762712
15527152.014540 0.000000 2757.966102
15595749.077931 0.000000 2770.169492
15608940.439315 0.000000 2782.372881
15564881.222016 0.000000 2794.576271
15480550.217951 0.000000 2806.779661
15391315.590862 0.000000 2818.983051
15397051.513108 0.000000 2831.186441
15555007.262645 0.000000 2843.389831
15747730.409903 0.000000 2855.593220
15845798.733479 0.000000 2867.796610
15845618.042433 0.000000 2880.000000
15799942.584363 0.000000 2892.203390
15765391.573599 0.000000 2904.406780
15753577.891586 0.000000 2916.610169
15706079.269474 0.000000 2928.813559
15622589.316690 0.000000 2941.016949
15818292.649619 0.000000 2953.220339
16589235.694931 0.000000 2965.423729
17750804.909020 0.000000 2977.627119
17176956.646559 0.000000 2989.830508
10060605.876264 0.000000 3002.033898
2934680.343716 0.000000 3014.237288
-1130882.108570 -0.000000 3026.440678
4064042.173760 0.000000 3038.644068
23230687.229231 0.000000 3050.847458
31980517.804743 0.000000 3063.050847
30672712.805295 0.000000 3075.254237
30757412.551123 0.000000 3087.457627
31515186.713784 0.000000 3099.661017
32121217.293163 0.000000 3111.864407
32050408.804963 0.000000 3124.067797
31727210.225320 0.000000 3136.271186
31123865.117461 0.000000 3148.474576
30771052.755314 0.000000 3160.677966
30702871.870151 0.000000 3172.881356
30385552.251030 0.000000 3185.084746
30105593.138593 0.000000 3197.288136
29868489.044407 0.000000 3209.491525
29657827.100668 0.000000 3221.694915
29502744.296666 0.000000 3233.898305
29368321.927528 0.000000 3246.101695
29241014.598351 0.000000 3258.305085
29108550.759790 0.000000 3270.508475
28969722.801704 0.000000 3282.711864
28825139.031534 0.000000 3294.915254
28691253.400434 0.000000 3307.118644
28582104.225279 0.000000 3319.322034
28560851.701060 0.000000 3331.525424
28690599.846450 0.000000 3343.728814
29114647.056960 0.000000 3355.932203
28979331.299706 0.000000 3368.135593
28987355.053572 0.000000 3380.338983
32400380.638125 0.000000 3392.542373
35687660.210129 0.000000 3404.745763
35225667.390257 0.000000 3416.949153
33549423.219989 0.000000 3429.152542
31621261.835311 0.000000 3441.355932
28798478.343266 0.000000 3453.559322
25459878.847138 0.000000 3465.762712
6744536.846790 0.000000 3477.966102
36546743.675433 0.000000 3490.169492
223259.438068 0.000000 3502.372881
358841.828540 0.000000 3514.576271
478599.878696 0.000000 3526.779661
582625.536223 0.000000 3538.983051
670064.667268 0.000000 3551.186441
740285.602261 0.000000 3563.389831
793009.032847 0.000000 3575.593220
828115.012453 0.000000 3587.796610
845649.261860 0.000000 3600.000000
