5945.608864 0.000000 0.000000
5966.807338 0.000000 12.203390
6009.259920 0.000000 24.406780
6073.248566 0.000000 36.610169
6159.117065 0.000000 48.813559
6267.143816 0.000000 61.016949
6398.033377 0.000000 73.220339
6552.184870 0.000000 85.423729
6730.603658 0.000000 97.627119
6933.820636 0.000000 109.830508
7163.146625 0.000000 122.033898
7419.247930 0.000000 134.237288
7703.754154 0.000000 146.440678
8017.469478 0.000000 158.644068
8362.359196 0.000000 170.847458
8739.369173 0.000000 183.050847
9150.822073 0.000000 195.254237
9597.810481 0.000000 207.457627
10083.041163 0.000000 219.661017
10607.759885 0.000000 231.864407
11175.089676 0.000000 244.067797
11786.438152 0.000000 256.271186
12445.383008 0.000000 268.474576
13153.504331 0.000000 280.677966
13914.880535 0.000000 292.881356
14731.277102 0.000000 305.084746
15607.325827 0.000000 317.288136
16544.993427 0.000000 329.491525
17549.526290 0.000000 341.694915
18623.109839 0.000000 353.898305
19771.675615 0.000000 366.101695
20997.646898 0.000000 378.305085
22307.718456 0.000000 390.508475
23704.572501 0.000000 402.711864
25195.754797 0.000000 414.915254
26784.226226 0.000000 427.118644
28478.480678 0.000000 439.322034
30281.777422 0.000000 451.525424
32203.662722 0.000000 463.728814
34247.711882 0.000000 475.932203
36424.637275 0.000000 488.135593
38738.342537 0.000000 500.338983
41200.828703 0.000000 512.542373
43816.336025 0.000000 524.745763
46598.283644 0.000000 536.949153
49551.250696 0.000000 549.152542
52690.213603 0.000000 561.355932
56020.083536 0.000000 573.559322
59557.542316 0.000000 585.762712
63307.821209 0.000000 597.966102
67289.464598 0.000000 610.169492
71508.002035 0.000000 622.372881
75984.010012 0.000000 634.576271
80723.288493 0.000000 646.779661
85748.626163 0.000000 658.983051
91066.060102 0.000000 671.186441
96700.784793 0.000000 683.389831
102659.036435 0.000000 695.593220
108968.622125 0.000000 707.796610
115635.938923 0.000000 720.000000
122691.625294 0.000000 732.203390
130142.202960 0.000000 744.406780
138021.369958 0.000000 756.610169
146335.741604 0.000000 768.813559
155122.308670 0.000000 781.016949
164387.759296 0.000000 793.220339
174172.601582 0.000000 805.423729
184483.589761 0.000000 817.627119
195364.949874 0.000000 829.830508
206823.503277 0.000000 842.033898
218907.340017 0.000000 854.237288
231623.357727 0.000000 866.440678
245023.552087 0.000000 878.644068
259114.885621 0.000000 890.847458
273953.117656 0.000000 903.050847
289545.197504 0.000000 915.254237
305950.196140 0.000000 927.457627
323174.793071 0.000000 939.661017
341280.394828 0.000000 951.864407
360272.777143 0.000000 964.067797
380213.824705 0.000000 976.271186
401107.005169 0.000000 988.474576
423011.326910 0.000000 1000.677966
445925.037511 0.000000 1012.881356
469898.347317 0.000000 1025.084746
494918.494497 0.000000 1037.288136
521016.455800 0.000000 1049.491525
548157.217752 0.000000 1061.694915
576334.038421 0.000000 1073.898305
605468.136996 0.000000 1086.101695
635481.910143 0.000000 1098.305085
666211.929810 0.000000 1110.508475
697449.620256 0.000000 1122.711864
728869.748631 0.000000 1134.915254
760023.048366 0.000000 1147.118644
790278.738409 0.000000 1159.322034
818748.836326 0.000000 1171.525424
844239.106141 0.000000 1183.728814
865085.098679 0.000000 1195.932203
879115.237373 0.000000 1208.135593
883416.244551 0.000000 1220.338983
874400.999272 0.000000 1232.542373
847718.234063 0.000000 1244.745763
798865.124113 0.000000 1256.949153
723950.124811 0.000000 1269.152542
621672.011342 0.000000 1281.355932
495293.512686 0.000000 1293.559322
354814.958910 0.000000 1305.762712
216652.078619 0.000000 1317.966102
100937.711027 0.000000 1330.169492
292972989.049158 0.000000 1342.372881
-3542826.807995 -0.000000 1354.576271
-10324400.177710 -0.000000 1366.779661
-13469226.199751 -0.000000 1378.983051
-13317607.944687 -0.000000 1391.186441
-13007113.354373 -0.000000 1403.389831
-12934237.354904 -0.000000 1415.593220
-12944007.688960 -0.000000 1427.796610
-12909788.498877 -0.000000 1440.000000
-12753758.592345 -0.000000 1452.203390
-12524513.188752 -0.000000 1464.406780
-12459435.592343 -0.000000 1476.610169
-12508768.702243 -0.000000 1488.813559
-12477578.216261 -0.000000 1501.016949
-12396044.336116 -0.000000 1513.220339
-12316330.873698 -0.000000 1525.423729
-12216936.868609 -0.000000 1537.627119
-12103307.999333 -0.000000 1549.830508
-11983169.115340 -0.000000 1562.033898
-11863288.493454 -0.000000 1574.237288
-11741424.469008 -0.000000 1586.440678
-11607983.599670 -0.000000 1598.644068
-11455976.364545 -0.000000 1610.847458
-11285115.541012 -0.000000 1623.050847
-11103048.698411 -0.000000 1635.254237
-10914274.805115 -0.000000 1647.457627
-10722642.112391 -0.000000 1659.661017
-10527266.275060 -0.000000 1671.864407
-10331802.523427 -0.000000 1684.067797
-10134237.398490 -0.000000 1696.271186
-9930097.423012 -0.000000 1708.474576
-9721776.733318 -0.000000 1720.677966
-9524661.687809 -0.000000 1732.881356
-9291417.926665 -0.000000 1745.084746
-8940985.090151 -0.000000 1757.288136
-8437156.986517 -0.000000 1769.491525
-7755299.244812 -0.000000 1781.694915
-6842079.459165 -0.000000 1793.898305
-5607762.980445 -0.000000 1806.101695
-3938820.731108 -0.000000 1818.305085
-1707178.560680 -0.000000 1830.508475
1212367.734350 0.000000 1842.711864
4773165.698917 0.000000 1854.915254
9112910.668223 0.000000 1867.118644
12578601.741491 0.000000 1879.322034
13479305.639663 0.000000 1891.525424
14205440.953534 0.000000 1903.728814
10995052.996258 0.000000 1915.932203
-4526513.284918 -0.000000 1928.135593
-16251297.908253 -0.000000 1940.338983
-18520988.119989 -0.000000 1952.542373
-69957971.469729 -0.000000 1964.745763
-24231186.369009 -0.000000 1976.949153
-16063292.099126 -0.000000 1989.152542
-13749323.296209 -0.000000 2001.355932
-13492609.653634 -0.000000 2013.559322
-15115452.018331 -0.000000 2025.762712
-17517537.259023 -0.000000 2037.966102
-19826512.020675 -0.000000 2050.169492
-21921493.705445 -0.000000 2062.372881
-23668804.421490 -0.000000 2074.576271
-25040569.350280 -0.000000 2086.779661
-26098601.134867 -0.000000 2098.983051
-26672184.330691 -0.000000 2111.186441
-27038125.712463 -0.000000 2123.389831
-22492816.667934 -0.000000 2135.593220
-61264378.602046 -0.000000 2147.796610
-965178205.045370 -0.000000 2160.000000
-6584071.552512 -0.000000 2172.203390
-1207477.993941 -0.000000 2184.406780
-1548519.792436 -0.000000 2196.610169
-2194941.274533 -0.000000 2208.813559
-2645546.885749 -0.000000 2221.016949
-3141958.441207 -0.000000 2233.220339
-3145410.206793 -0.000000 2245.423729
-2492251.072512 -0.000000 2257.627119
-1313865.661551 -0.000000 2269.830508
149152.041032 0.000000 2282.033898
1603038.827776 0.000000 2294.237288
2914323.156172 0.000000 2306.440678
4031256.852613 0.000000 2318.644068
5016447.144564 0.000000 2330.847458
5900806.041352 0.000000 2343.050847
6705920.566992 0.000000 2355.254237
7412095.606349 0.000000 2367.457627
8030186.888165 0.000000 2379.661017
8567789.605295 0.000000 2391.864407
9045309.747866 0.000000 2404.067797
9468867.126760 0.000000 2416.271186
9848863.230417 0.000000 2428.474576
10186714.302904 0.000000 2440.677966
10489797.620545 0.000000 2452.881356
10758768.220821 0.000000 2465.084746
11000754.745554 0.000000 2477.288136
11215800.795159 0.000000 2489.491525
11409581.165906 0.000000 2501.694915
11577943.227012 0.000000 2513.898305
11718396.664047 0.000000 2526.101695
11820267.140187 0.000000 2538.305085
11885590.315753 0.000000 2550.508475
11927951.341433 0.000000 2562.711864
11967833.270258 0.000000 2574.915254
12019641.899202 0.000000 2587.118644
12098768.392587 0.000000 2599.322034
12217010.621582 0.000000 2611.525424
12346495.518150 0.000000 2623.728814
12454327.071934 0.000000 2635.932203
12516366.747536 0.000000 2648.135593
12540343.679118 0.000000 2660.338983
12525838.280705 0.000000 2672.542373
12495920.919606 0.000000 2684.745763
12458981.639341 0.000000 2696.949153
12417121.124905 0.000000 2709.152542
12330621.440254 0.000000 2721.355932
12148471.113992 0.000000 2733.559322
11772720.849700 0.000000 2745.762712
11064808.649558 0.000000 2757.966102
9869252.965080 0.000000 2770.169492
7951113.458025 0.000000 2782.372881
5139261.334226 0.000000 2794.576271
1670373.332260 0.000000 2806.779661
-488344.610066 -0.000000 2818.983051
1728434.170922 0.000000 2831.186441
13528779.103788 0.000000 2843.389831
27106168.654259 0.000000 2855.593220
29682972.278977 0.000000 2867.796610
29829698.609173 0.000000 2880.000000
30333093.318819 0.000000 2892.203390
30706926.734307 0.000000 2904.406780
30962652.695282 0.000000 2916.610169
30848267.963120 0.000000 2928.813559
30365354.316899 0.000000 2941.016949
30126191.729449 0.000000 2953.220339
29808634.622671 0.000000 2965.423729
29415655.854972 0.000000 2977.627119
29104868.616416 0.000000 2989.830508
28811170.569239 0.000000 3002.033898
28619719.014028 0.000000 3014.237288
28481552.470683 0.000000 3026.440678
28392273.124775 0.000000 3038.644068
28312735.300242 0.000000 3050.847458
28252267.670090 0.000000 3063.050847
28189262.132053 0.000000 3075.254237
28146433.258869 0.000000 3087.457627
28122848.212049 0.000000 3099.661017
28145973.417331 0.000000 3111.864407
28250268.774516 0.000000 3124.067797
28502416.138497 0.000000 3136.271186
28895108.236266 0.000000 3148.474576
28911745.081804 0.000000 3160.677966
29349654.099062 0.000000 3172.881356
31129371.169446 0.000000 3185.084746
33229728.635658 0.000000 3197.288136
33462040.229981 0.000000 3209.491525
32656941.425239 0.000000 3221.694915
30689971.536928 0.000000 3233.898305
29004996.301517 0.000000 3246.101695
30717746.102059 0.000000 3258.305085
11033426.768865 0.000000 3270.508475
12037877.092856 0.000000 3282.711864
9264.599746 0.000000 3294.915254
16996.083145 0.000000 3307.118644
24924.801624 0.000000 3319.322034
32580.853615 0.000000 3331.525424
39860.160789 0.000000 3343.728814
46510.900350 0.000000 3355.932203
52429.329455 0.000000 3368.135593
57555.131945 0.000000 3380.338983
61894.343452 0.000000 3392.542373
65493.802744 0.000000 3404.745763
68424.326278 0.000000 3416.949153
70770.620738 0.000000 3429.152542
72618.276153 0.000000 3441.355932
74050.074047 0.000000 3453.559322
75140.894221 0.000000 3465.762712
75956.772298 0.000000 3477.966102
76554.672549 0.000000 3490.169492
76982.227526 0.000000 3502.372881
77279.588027 0.000000 3514.576271
77479.049014 0.000000 3526.779661
77607.407420 0.000000 3538.983051
77685.381561 0.000000 3551.186441
77729.732145 0.000000 3563.389831
77752.621166 0.000000 3575.593220
77763.249423 0.000000 3587.796610
77767.076636 0.000000 3600.000000
