1355397.026037 0.000000 0.000000
1357590.764224 0.000000 12.203390
1361877.654972 0.000000 24.406780
1368017.701261 0.000000 36.610169
1375666.158487 0.000000 48.813559
1384246.370147 0.000000 61.016949
1393023.393687 0.000000 73.220339
1400858.067800 0.000000 85.423729
1406327.482425 0.000000 97.627119
1407316.282727 0.000000 109.830508
1401210.627896 0.000000 122.033898
1384312.184599 0.000000 134.237288
1352221.728142 0.000000 146.440678
1299271.341077 0.000000 158.644068
1219477.160346 0.000000 170.847458
1106709.643233 0.000000 183.050847
956625.755290 0.000000 195.254237
769098.562553 0.000000 207.457627
548170.169077 0.000000 219.661017
328437.375981 0.000000 231.864407
113524.700415 0.000000 244.067797
912999.555838 0.000000 256.271186
-3953076.905751 -0.000000 268.474576
-9935577.868987 -0.000000 280.677966
-13137551.052776 -0.000000 292.881356
-13400383.439721 -0.000000 305.084746
-13097058.269272 -0.000000 317.288136
-13044072.307332 -0.000000 329.491525
-13048587.592429 -0.000000 341.694915
-12967365.686955 -0.000000 353.898305
-12652455.526766 -0.000000 366.101695
-12335545.897665 -0.000000 378.305085
-12248114.881081 -0.000000 390.508475
-12118486.339359 -0.000000 402.711864
-11938033.899973 -0.000000 414.915254
-11787365.372389 -0.000000 427.118644
-11635597.983073 -0.000000 439.322034
-11481161.991138 -0.000000 451.525424
-11316765.708389 -0.000000 463.728814
-11145159.512404 -0.000000 475.932203
-10972117.944401 -0.000000 488.135593
-10806166.803015 -0.000000 500.338983
-10649308.386210 -0.000000 512.542373
-10487814.720218 -0.000000 524.745763
-10307171.261656 -0.000000 536.949153
-10106989.315886 -0.000000 549.152542
-9903437.719281 -0.000000 561.355932
-9704235.101025 -0.000000 573.559322
-9511157.839806 -0.000000 585.762712
-9319967.191438 -0.000000 597.966102
-9134548.657673 -0.000000 610.169492
-8957665.801140 -0.000000 622.372881
-8793698.287642 -0.000000 634.576271
-8634731.798956 -0.000000 646.779661
-8470228.007961 -0.000000 658.983051
-8282765.836227 -0.000000 671.186441
-8065018.250641 -0.000000 683.389831
-7834060.004297 -0.000000 695.593220
-7642780.065569 -0.000000 707.796610
-7490430.778855 -0.000000 720.000000
-7336892.412530 -0.000000 732.203390
-7165714.047908 -0.000000 744.406780
-6980859.011858 -0.000000 756.610169
-6786790.393793 -0.000000 768.813559
-6592125.266035 -0.000000 781.016949
-6401450.842255 -0.000000 793.220339
-6214462.890243 -0.000000 805.423729
-6030005.725538 -0.000000 817.627119
-5845543.795085 -0.000000 829.830508
-5661786.791467 -0.000000 842.033898
-5476987.242912 -0.000000 854.237288
-5292637.563842 -0.000000 866.440678
-5107228.154811 -0.000000 878.644068
-4922244.350800 -0.000000 890.847458
-4736437.450852 -0.000000 903.050847
-4551031.416705 -0.000000 915.254237
-4365083.282596 -0.000000 927.457627
-4179514.808931 -0.000000 939.661017
-3993686.512155 -0.000000 951.864407
-3808282.518280 -0.000000 964.067797
-3622907.770683 -0.000000 976.271186
-3438089.828085 -0.000000 988.474576
-3253513.857082 -0.000000 1000.677966
-3069509.355279 -0.000000 1012.881356
-2885406.184641 -0.000000 1025.084746
-2700832.729463 -0.000000 1037.288136
-2514508.686637 -0.000000 1049.491525
-2321750.677013 -0.000000 1061.694915
-2108913.999074 -0.000000 1073.898305
-1873159.619447 -0.000000 1086.101695
-1657810.770251 -0.000000 1098.305085
-1499929.739328 -0.000000 1110.508475
-1362451.301851 -0.000000 1122.711864
-1202056.161383 -0.000000 1134.915254
-1021575.602208 -0.000000 1147.118644
-834659.615100 -0.000000 1159.322034
-645989.344809 -0.000000 1171.525424
-456836.983675 -0.000000 1183.728814
-267599.007548 -0.000000 1195.932203
-78896.599247 -0.000000 1208.135593
109510.561265 0.000000 1220.338983
297441.077520 0.000000 1232.542373
485212.588330 0.000000 1244.745763
672708.143253 0.000000 1256.949153
860207.204988 0.000000 1269.152542
1047561.500555 0.000000 1281.355932
1235015.942312 0.000000 1293.559322
1422387.443287 0.000000 1305.762712
1609905.386710 0.000000 1317.966102
1797363.087247 0.000000 1330.169492
1984987.219012 0.000000 1342.372881
2172555.463849 0.000000 1354.576271
2360298.442321 0.000000 1366.779661
2547981.692072 0.000000 1378.983051
2735843.457688 0.000000 1391.186441
2923637.145891 0.000000 1403.389831
3111610.079003 0.000000 1415.593220
3299498.014857 0.000000 1427.796610
3487549.966309 0.000000 1440.000000
3675460.620795 0.000000 1452.203390
3863437.164313 0.000000 1464.406780
4051049.962873 0.000000 1476.610169
4238302.764640 0.000000 1488.813559
4424381.889646 0.000000 1501.016949
4608600.982436 0.000000 1513.220339
4789051.149143 0.000000 1525.423729
4963111.279625 0.000000 1537.627119
5126098.215601 0.000000 1549.830508
5270800.700971 0.000000 1562.033898
5386556.562566 0.000000 1574.237288
5457380.320275 0.000000 1586.440678
5462874.948241 0.000000 1598.644068
5376496.622681 0.000000 1610.847458
5171670.922514 0.000000 1623.050847
4827326.619350 0.000000 1635.254237
4334847.049533 0.000000 1647.457627
3713125.131610 0.000000 1659.661017
2937350.330144 0.000000 1671.864407
2100992.486840 0.000000 1684.067797
2712784.030042 0.000000 1696.271186
10442597.996844 0.000000 1708.474576
14699452.452717 0.000000 1720.677966
13438976.389090 0.000000 1732.881356
13085706.776690 0.000000 1745.084746
13051395.462677 0.000000 1757.288136
13080983.714442 0.000000 1769.491525
12913615.101232 0.000000 1781.694915
12641696.476224 0.000000 1793.898305
12503300.279217 0.000000 1806.101695
12684646.080624 0.000000 1818.305085
13025870.853070 0.000000 1830.508475
13167054.094717 0.000000 1842.711864
13116610.572134 0.000000 1854.915254
13012226.712913 0.000000 1867.118644
13098202.643799 0.000000 1879.322034
13448073.761420 0.000000 1891.525424
14855172.611970 0.000000 1903.728814
12197595.585074 0.000000 1915.932203
4414226.232484 0.000000 1928.135593
4071557.575954 0.000000 1940.338983
5723064.468708 0.000000 1952.542373
7267124.766347 0.000000 1964.745763
8775252.685046 0.000000 1976.949153
10138088.486544 0.000000 1989.152542
11383482.111950 0.000000 2001.355932
12610536.194598 0.000000 2013.559322
13102720.543787 0.000000 2025.762712
13235122.958651 0.000000 2037.966102
13074097.517396 0.000000 2050.169492
10405590.342963 0.000000 2062.372881
4532198.218401 0.000000 2074.576271
-4412581.852994 -0.000000 2086.779661
-14655481.786022 -0.000000 2098.983051
-25584287.585238 -0.000000 2111.186441
-100523458.055548 -0.000000 2123.389831
-23330544.306823 -0.000000 2135.593220
-15682754.484429 -0.000000 2147.796610
-15946979.699616 -0.000000 2160.000000
-19347778.501742 -0.000000 2172.203390
-23524176.655033 -0.000000 2184.406780
-27395191.535156 -0.000000 2196.610169
-30826004.519100 -0.000000 2208.813559
-33604295.298629 -0.000000 2221.016949
-35666402.704798 -0.000000 2233.220339
-35477110.088091 -0.000000 2245.423729
-29319010.820502 -0.000000 2257.627119
-21619423.746146 -0.000000 2269.830508
-18285847.569128 -0.000000 2282.033898
-46829656.967769 -0.000000 2294.237288
-208364457.451329 -0.000000 2306.440678
-15663291.021726 -0.000000 2318.644068
-5860363.512908 -0.000000 2330.847458
-6809901.642151 -0.000000 2343.050847
-6550334.453892 -0.000000 2355.254237
-6581042.454990 -0.000000 2367.457627
-6807416.476545 -0.000000 2379.661017
-7213505.318542 -0.000000 2391.864407
-7261409.363522 -0.000000 2404.067797
-6444226.645182 -0.000000 2416.271186
-4706847.273171 -0.000000 2428.474576
-2450310.021580 -0.000000 2440.677966
-91133.857494 -0.000000 2452.881356
2109543.759171 0.000000 2465.084746
4054839.432131 0.000000 2477.288136
5747047.684290 0.000000 2489.491525
7210175.263728 0.000000 2501.694915
8493947.094079 0.000000 2513.898305
9621747.402912 0.000000 2526.101695
10630360.705611 0.000000 2538.305085
11528345.701751 0.000000 2550.508475
12338023.870478 0.000000 2562.711864
13060591.526938 0.000000 2574.915254
13708626.464552 0.000000 2587.118644
14278200.600525 0.000000 2599.322034
14768250.926530 0.000000 2611.525424
15141867.575139 0.000000 2623.728814
15398744.449241 0.000000 2635.932203
15552185.378028 0.000000 2648.135593
15600997.458194 0.000000 2660.338983
15551670.131693 0.000000 2672.542373
15416980.398885 0.000000 2684.745763
15179135.630210 0.000000 2696.949153
15183242.623954 0.000000 2709.152542
15600109.099202 0.000000 2721.355932
15735026.342886 0.000000 2733.559322
15223019.992694 0.000000 2745.762712
14855480.364265 0.000000 2757.966102
15814264.612495 0.000000 2770.169492
16837168.514522 0.000000 2782.372881
16804006.383686 0.000000 2794.576271
16367716.196887 0.000000 2806.779661
16050464.025563 0.000000 2818.983051
15900977.743557 0.000000 2831.186441
15826075.176423 0.000000 2843.389831
15763444.083151 0.000000 2855.593220
15704994.379312 0.000000 2867.796610
15664262.532680 0.000000 2880.000000
15682326.059209 0.000000 2892.203390
15776690.502652 0.000000 2904.406780
15992383.497121 0.000000 2916.610169
16553297.897189 0.000000 2928.813559
17805096.860791 0.000000 2941.016949
19960741.517056 0.000000 2953.220339
16428714.302885 0.000000 2965.423729
7768401.220543 0.000000 2977.627119
1119894.347357 0.000000 2989.830508
-1721493.305912 -0.000000 3002.033898
7414523.104868 0.000000 3014.237288
26141534.711356 0.000000 3026.440678
31319727.997329 0.000000 3038.644068
30539857.366709 0.000000 3050.847458
30871674.933449 0.000000 3063.050847
31633894.960477 0.000000 3075.254237
32051239.385031 0.000000 3087.457627
31908863.601134 0.000000 3099.661017
31549115.726430 0.000000 3111.864407
30959755.312582 0.000000 3124.067797
30725964.111320 0.000000 3136.271186
30606109.372653 0.000000 3148.474576
30262854.140246 0.000000 3160.677966
29993866.997803 0.000000 3172.881356
29754206.780586 0.000000 3185.084746
29557459.287633 0.000000 3197.288136
29404652.777118 0.000000 3209.491525
29267399.827714 0.000000 3221.694915
29132021.837124 0.000000 3233.898305
28988843.992762 0.000000 3246.101695
28839938.538199 0.000000 3258.305085
28695042.119077 0.000000 3270.508475
28578582.850455 0.000000 3282.711864
28524232.526534 0.000000 3294.915254
28573107.381432 0.000000 3307.118644
28873084.455613 0.000000 3319.322034
29321709.970046 0.000000 3331.525424
28883367.354592 0.000000 3343.728814
29907473.932397 0.000000 3355.932203
33942581.913408 0.000000 3368.135593
35718762.873427 0.000000 3380.338983
34440193.452705 0.000000 3392.542373
32335734.288002 0.000000 3404.745763
30614188.257712 0.000000 3416.949153
29336552.378507 0.000000 3429.152542
23191484.755806 0.000000 3441.355932
1094081.033238 0.000000 3453.559322
47670338.529261 0.000000 3465.762712
171661.465232 0.000000 3477.966102
279104.466606 0.000000 3490.169492
378683.824773 0.000000 3502.372881
468182.365390 0.000000 3514.576271
547197.581134 0.000000 3526.779661
614709.526992 0.000000 3538.983051
670526.289967 0.000000 3551.186441
714602.366384 0.000000 3563.389831
747220.758718 0.000000 3575.593220
768702.577659 0.000000 3587.796610
779358.154637 0.000000 3600.000000
