17949.388448 0.000000 0.000000
18041.119647 0.000000 12.203390
18224.710689 0.000000 24.406780
18501.356155 0.000000 36.610169
18871.603796 0.000000 48.813559
19337.587738 0.000000 61.016949
19900.337111 0.000000 73.220339
20563.058008 0.000000 85.423729
21327.197292 0.000000 97.627119
22197.069689 0.000000 109.830508
23174.532003 0.000000 122.033898
24265.046384 0.000000 134.237288
25470.875710 0.000000 146.440678
26798.676342 0.000000 158.644068
28251.111859 0.000000 170.847458
29836.090103 0.000000 183.050847
31556.669175 0.000000 195.254237
33422.076292 0.000000 207.457627
35435.756416 0.000000 219.661017
37608.334968 0.000000 231.864407
39943.634449 0.000000 244.067797
42453.769140 0.000000 256.271186
45142.927926 0.000000 268.474576
48024.816491 0.000000 280.677966
51103.977504 0.000000 292.881356
54395.822787 0.000000 305.084746
57905.233650 0.000000 317.288136
61649.455366 0.000000 329.491525
65633.691076 0.000000 341.694915
69877.158921 0.000000 353.898305
74385.366970 0.000000 366.101695
79179.656597 0.000000 378.305085
84265.822636 0.000000 390.508475
89667.491899 0.000000 402.711864
95390.729840 0.000000 414.915254
101461.618359 0.000000 427.118644
107886.482996 0.000000 439.322034
114694.036512 0.000000 451.525424
121890.860730 0.000000 463.728814
129508.477201 0.000000 475.932203
137553.732757 0.000000 488.135593
146061.126688 0.000000 500.338983
155037.798302 0.000000 512.542373
164521.374676 0.000000 524.745763
174519.335638 0.000000 536.949153
185072.548150 0.000000 549.152542
196188.903268 0.000000 561.355932
207912.546637 0.000000 573.559322
220251.868625 0.000000 585.762712
233254.217820 0.000000 597.966102
246928.566345 0.000000 610.169492
261325.190878 0.000000 622.372881
276453.675251 0.000000 634.576271
292366.633044 0.000000 646.779661
309074.125740 0.000000 658.983051
326629.992812 0.000000 671.186441
345044.272322 0.000000 683.389831
364370.062880 0.000000 695.593220
384616.111828 0.000000 707.796610
405831.379747 0.000000 720.000000
428020.553597 0.000000 732.203390
451222.609032 0.000000 744.406780
475432.531573 0.000000 756.610169
500669.185802 0.000000 768.813559
526906.812026 0.000000 781.016949
554126.388977 0.000000 793.220339
582260.244967 0.000000 805.423729
611219.771575 0.000000 817.627119
640855.324700 0.000000 829.830508
670951.328385 0.000000 842.033898
701201.027242 0.000000 854.237288
731157.386994 0.000000 866.440678
760217.695845 0.000000 878.644068
787515.545526 0.000000 890.847458
811905.684905 0.000000 903.050847
831784.303651 0.000000 915.254237
845073.803202 0.000000 927.457627
848996.244327 0.000000 939.661017
840143.682241 0.000000 951.864407
814414.853031 0.000000 964.067797
767576.399170 0.000000 976.271186
696010.395809 0.000000 988.474576
598493.069771 0.000000 1000.677966
478054.587174 0.000000 1012.881356
343928.810156 0.000000 1025.084746
211431.355450 0.000000 1037.288136
99545.101749 0.000000 1049.491525
329761403.518408 0.000000 1061.694915
-3793141.788758 -0.000000 1073.898305
-10567386.760126 -0.000000 1086.101695
-13536772.767003 -0.000000 1098.305085
-13329857.776580 -0.000000 1110.508475
-13028422.100185 -0.000000 1122.711864
-12956023.235937 -0.000000 1134.915254
-12970922.613808 -0.000000 1147.118644
-12937697.945499 -0.000000 1159.322034
-12787697.555241 -0.000000 1171.525424
-12566080.944111 -0.000000 1183.728814
-12489399.208560 -0.000000 1195.932203
-12548758.676339 -0.000000 1208.135593
-12566189.330995 -0.000000 1220.338983
-12519494.394743 -0.000000 1232.542373
-12450996.681279 -0.000000 1244.745763
-12369319.616223 -0.000000 1256.949153
-12270856.207410 -0.000000 1269.152542
-12162391.982968 -0.000000 1281.355932
-12051218.324410 -0.000000 1293.559322
-11933076.043587 -0.000000 1305.762712
-11797200.312762 -0.000000 1317.966102
-11636580.717764 -0.000000 1330.169492
-11452011.140204 -0.000000 1342.372881
-11253575.377519 -0.000000 1354.576271
-11048312.718315 -0.000000 1366.779661
-10842731.924339 -0.000000 1378.983051
-10637040.177290 -0.000000 1391.186441
-10436192.699445 -0.000000 1403.389831
-10238499.238337 -0.000000 1415.593220
-10043068.139852 -0.000000 1427.796610
-9858722.860659 -0.000000 1440.000000
-9716903.266634 -0.000000 1452.203390
-9594576.733345 -0.000000 1464.406780
-9447753.244318 -0.000000 1476.610169
-9280168.525131 -0.000000 1488.813559
-9112205.784525 -0.000000 1501.016949
-8941298.648321 -0.000000 1513.220339
-8757066.071008 -0.000000 1525.423729
-8559537.146517 -0.000000 1537.627119
-8360344.178100 -0.000000 1549.830508
-8173801.402168 -0.000000 1562.033898
-8002348.867792 -0.000000 1574.237288
-7838723.856267 -0.000000 1586.440678
-7669881.551147 -0.000000 1598.644068
-7491494.235312 -0.000000 1610.847458
-7304903.506820 -0.000000 1623.050847
-7116203.918161 -0.000000 1635.254237
-6927315.482270 -0.000000 1647.457627
-6738198.597611 -0.000000 1659.661017
-6544512.198862 -0.000000 1671.864407
-6341787.768662 -0.000000 1684.067797
-6123787.881304 -0.000000 1696.271186
-5885585.342599 -0.000000 1708.474576
-5621692.782361 -0.000000 1720.677966
-5324374.258791 -0.000000 1732.881356
-4976975.790308 -0.000000 1745.084746
-4544341.195325 -0.000000 1757.288136
-3974792.774455 -0.000000 1769.491525
-3193577.723656 -0.000000 1781.694915
-2118227.279694 -0.000000 1793.898305
-632508.436563 -0.000000 1806.101695
1375751.827880 0.000000 1818.305085
4016626.099316 0.000000 1830.508475
7305473.037815 0.000000 1842.711864
11236642.560909 0.000000 1854.915254
13602162.665515 0.000000 1867.118644
13582096.517476 0.000000 1879.322034
14124396.084088 0.000000 1891.525424
9969834.363306 0.000000 1903.728814
-4826114.454106 -0.000000 1915.932203
-15606353.814598 -0.000000 1928.135593
-25220358.311872 -0.000000 1940.338983
-58565868.149665 -0.000000 1952.542373
-22746484.090074 -0.000000 1964.745763
-15805269.447520 -0.000000 1976.949153
-13739740.757267 -0.000000 1989.152542
-13832002.127110 -0.000000 2001.355932
-15673542.721889 -0.000000 2013.559322
-17946603.976408 -0.000000 2025.762712
-19986230.981092 -0.000000 2037.966102
-21795524.806388 -0.000000 2050.169492
-23316511.261588 -0.000000 2062.372881
-24602028.232640 -0.000000 2074.576271
-25594629.284834 -0.000000 2086.779661
-26412612.329784 -0.000000 2098.983051
-25064693.709769 -0.000000 2111.186441
-30210485.854866 -0.000000 2123.389831
-332240096.314063 -0.000000 2135.593220
-42908343.235635 -0.000000 2147.796610
-4298599.443159 -0.000000 2160.000000
-4394822.309673 -0.000000 2172.203390
-3810788.149131 -0.000000 2184.406780
-5033504.126684 -0.000000 2196.610169
-5974701.458416 -0.000000 2208.813559
-6199739.526206 -0.000000 2221.016949
-5786636.858664 -0.000000 2233.220339
-4795537.620951 -0.000000 2245.423729
-3460297.871012 -0.000000 2257.627119
-2036820.723123 -0.000000 2269.830508
-725829.844925 -0.000000 2282.033898
414337.561805 0.000000 2294.237288
1375695.001254 0.000000 2306.440678
2213786.611673 0.000000 2318.644068
2952336.116600 0.000000 2330.847458
3633774.381661 0.000000 2343.050847
4262089.452085 0.000000 2355.254237
4855675.409772 0.000000 2367.457627
5409267.038246 0.000000 2379.661017
5930855.339177 0.000000 2391.864407
6415888.447166 0.000000 2404.067797
6869246.717743 0.000000 2416.271186
7289076.885240 0.000000 2428.474576
7679112.414594 0.000000 2440.677966
8039247.715447 0.000000 2452.881356
8372403.184028 0.000000 2465.084746
8679169.620724 0.000000 2477.288136
8962064.795198 0.000000 2489.491525
9222211.501890 0.000000 2501.694915
9462209.096678 0.000000 2513.898305
9683327.595562 0.000000 2526.101695
9887760.388397 0.000000 2538.305085
10076274.816205 0.000000 2550.508475
10250667.472395 0.000000 2562.711864
10411876.649454 0.000000 2574.915254
10562162.291060 0.000000 2587.118644
10703043.143344 0.000000 2599.322034
10836613.896475 0.000000 2611.525424
10963131.856605 0.000000 2623.728814
11080704.597172 0.000000 2635.932203
11180822.891821 0.000000 2648.135593
11247971.507793 0.000000 2660.338983
11266840.484016 0.000000 2672.542373
11245194.942983 0.000000 2684.745763
11221744.670476 0.000000 2696.949153
11227165.231999 0.000000 2709.152542
11227595.805721 0.000000 2721.355932
11112875.015772 0.000000 2733.559322
10751777.065555 0.000000 2745.762712
10008033.890468 0.000000 2757.966102
8753830.665379 0.000000 2770.169492
6785199.385506 0.000000 2782.372881
4018828.566049 0.000000 2794.576271
795962.923496 0.000000 2806.779661
-951999.103405 -0.000000 2818.983051
1656852.818110 0.000000 2831.186441
13355850.304517 0.000000 2843.389831
26769611.077224 0.000000 2855.593220
29549233.781322 0.000000 2867.796610
29694654.560542 0.000000 2880.000000
30128561.786371 0.000000 2892.203390
30536403.789954 0.000000 2904.406780
30793379.214860 0.000000 2916.610169
30597219.113089 0.000000 2928.813559
30165087.388807 0.000000 2941.016949
29995612.668472 0.000000 2953.220339
29683951.281745 0.000000 2965.423729
29309327.756744 0.000000 2977.627119
29010223.496798 0.000000 2989.830508
28721520.273625 0.000000 3002.033898
28519550.117344 0.000000 3014.237288
28362181.668687 0.000000 3026.440678
28238883.641507 0.000000 3038.644068
28128120.039802 0.000000 3050.847458
28032564.039785 0.000000 3063.050847
27947792.290893 0.000000 3075.254237
27882382.958310 0.000000 3087.457627
27841103.619201 0.000000 3099.661017
27841199.640499 0.000000 3111.864407
27917544.986145 0.000000 3124.067797
28157828.261242 0.000000 3136.271186
28559149.668329 0.000000 3148.474576
28675332.052987 0.000000 3160.677966
29037139.092126 0.000000 3172.881356
30889847.597583 0.000000 3185.084746
33086261.413212 0.000000 3197.288136
33445982.396066 0.000000 3209.491525
32561954.324105 0.000000 3221.694915
30990534.038026 0.000000 3233.898305
28259049.446709 0.000000 3246.101695
30394611.536204 0.000000 3258.305085
13047324.166849 0.000000 3270.508475
6941903.141911 0.000000 3282.711864
59393.018614 0.000000 3294.915254
13575.107089 0.000000 3307.118644
19780.334960 0.000000 3319.322034
25738.830744 0.000000 3331.525424
31335.076084 0.000000 3343.728814
36406.340479 0.000000 3355.932203
40900.596306 0.000000 3368.135593
44775.121434 0.000000 3380.338983
48054.513804 0.000000 3392.542373
50772.474004 0.000000 3404.745763
52993.423523 0.000000 3416.949153
54777.348757 0.000000 3429.152542
56194.060002 0.000000 3441.355932
57301.306897 0.000000 3453.559322
58157.898977 0.000000 3465.762712
58809.197851 0.000000 3477.966102
59299.215137 0.000000 3490.169492
59660.151178 0.000000 3502.372881
59922.827807 0.000000 3514.576271
60108.723167 0.000000 3526.779661
60238.389563 0.000000 3538.983051
60325.389868 0.000000 3551.186441
60382.605809 0.000000 3563.389831
60417.887917 0.000000 3575.593220
60438.339413 0.000000 3587.796610
60447.410508 0.000000 3600.000000
