305007.505326 0.000000 0.000000
305913.600909 0.000000 12.203390
307726.999336 0.000000 24.406780
310449.721985 0.000000 36.610169
314085.428901 0.000000 48.813559
318637.433725 0.000000 61.016949
324111.475993 0.000000 73.220339
330511.225976 0.000000 85.423729
337843.475500 0.000000 97.627119
346110.330120 0.000000 109.830508
355317.696519 0.000000 122.033898
365462.734369 0.000000 134.237288
376546.737426 0.000000 146.440678
388556.017444 0.000000 158.644068
401480.208968 0.000000 170.847458
415284.357181 0.000000 183.050847
429933.268951 0.000000 195.254237
445352.059889 0.000000 207.457627
461456.219010 0.000000 219.661017
478097.061214 0.000000 231.864407
495095.400673 0.000000 244.067797
512166.944137 0.000000 256.271186
528954.660691 0.000000 268.474576
544927.171034 0.000000 280.677966
559401.928778 0.000000 292.881356
571409.741878 0.000000 305.084746
579704.707868 0.000000 317.288136
582605.402350 0.000000 329.491525
578029.809341 0.000000 341.694915
563415.723513 0.000000 353.898305
535984.483661 0.000000 366.101695
493086.414414 0.000000 378.305085
433136.854431 0.000000 390.508475
356728.127698 0.000000 402.711864
268026.026014 0.000000 414.915254
175344.057281 0.000000 427.118644
90446.894817 0.000000 439.322034
246560099.490447 0.000000 451.525424
-4626740.577283 -0.000000 463.728814
-12610244.002764 -0.000000 475.932203
-13541635.445734 -0.000000 488.135593
-13103012.190953 -0.000000 500.338983
-12949103.148561 -0.000000 512.542373
-12899397.093814 -0.000000 524.745763
-12915296.539523 -0.000000 536.949153
-12909821.975134 -0.000000 549.152542
-12851444.581731 -0.000000 561.355932
-12743535.068866 -0.000000 573.559322
-12657693.727757 -0.000000 585.762712
-12662397.152293 -0.000000 597.966102
-12730164.780304 -0.000000 610.169492
-12794723.328473 -0.000000 622.372881
-12823327.645607 -0.000000 634.576271
-12828086.574698 -0.000000 646.779661
-12823390.730811 -0.000000 658.983051
-12824033.814068 -0.000000 671.186441
-12820344.261563 -0.000000 683.389831
-12815421.936135 -0.000000 695.593220
-12812864.854207 -0.000000 707.796610
-12812233.351649 -0.000000 720.000000
-12809979.244192 -0.000000 732.203390
-12809746.691608 -0.000000 744.406780
-12806495.320537 -0.000000 756.610169
-12800845.003393 -0.000000 768.813559
-12790045.781062 -0.000000 781.016949
-12766709.110156 -0.000000 793.220339
-12741434.556419 -0.000000 805.423729
-12716216.463097 -0.000000 817.627119
-12686123.585002 -0.000000 829.830508
-12654448.796789 -0.000000 842.033898
-12622298.569394 -0.000000 854.237288
-12574773.212352 -0.000000 866.440678
-12502708.680379 -0.000000 878.644068
-12420735.857510 -0.000000 890.847458
-12324795.042726 -0.000000 903.050847
-12217949.789515 -0.000000 915.254237
-12109247.061347 -0.000000 927.457627
-11998089.631273 -0.000000 939.661017
-11885426.592200 -0.000000 951.864407
-11771544.903680 -0.000000 964.067797
-11656717.599282 -0.000000 976.271186
-11541288.660911 -0.000000 988.474576
-11425360.757995 -0.000000 1000.677966
-11309190.006408 -0.000000 1012.881356
-11192773.079620 -0.000000 1025.084746
-11076285.624283 -0.000000 1037.288136
-10959670.588371 -0.000000 1049.491525
-10843057.945626 -0.000000 1061.694915
-10726369.324441 -0.000000 1073.898305
-10609713.494218 -0.000000 1086.101695
-10493004.936985 -0.000000 1098.305085
-10376344.138476 -0.000000 1110.508475
-10259642.973479 -0.000000 1122.711864
-10142999.745518 -0.000000 1134.915254
-10026324.484616 -0.000000 1147.118644
-9909716.092784 -0.000000 1159.322034
-9793082.458842 -0.000000 1171.525424
-9676524.343369 -0.000000 1183.728814
-9559947.105285 -0.000000 1195.932203
-9443453.966623 -0.000000 1208.135593
-9326947.502917 -0.000000 1220.338983
-9210533.706390 -0.000000 1232.542373
-9094112.263608 -0.000000 1244.745763
-8977792.091060 -0.000000 1256.949153
-8861469.977912 -0.000000 1269.152542
-8745257.866800 -0.000000 1281.355932
-8629049.697816 -0.000000 1293.559322
-8512960.490358 -0.000000 1305.762712
-8396881.420474 -0.000000 1317.966102
-8280930.632500 -0.000000 1330.169492
-8164996.644369 -0.000000 1342.372881
-8049200.764811 -0.000000 1354.576271
-7933428.972352 -0.000000 1366.779661
-7817805.791739 -0.000000 1378.983051
-7702214.798696 -0.000000 1391.186441
-7586783.785441 -0.000000 1403.389831
-7471394.076364 -0.000000 1415.593220
-7356176.801792 -0.000000 1427.796610
-7241011.205829 -0.000000 1440.000000
-7126031.835126 -0.000000 1452.203390
-7011116.043713 -0.000000 1464.406780
-6896401.867539 -0.000000 1476.610169
-6781764.976368 -0.000000 1488.813559
-6667346.943040 -0.000000 1501.016949
-6553021.968602 -0.000000 1513.220339
-6438935.094428 -0.000000 1525.423729
-6324959.245269 -0.000000 1537.627119
-6211242.601263 -0.000000 1549.830508
-6097656.895532 -0.000000 1562.033898
-5984352.514938 -0.000000 1574.237288
-5871199.808544 -0.000000 1586.440678
-5758349.173486 -0.000000 1598.644068
-5645668.702669 -0.000000 1610.847458
-5533304.062122 -0.000000 1623.050847
-5421118.664621 -0.000000 1635.254237
-5309243.703982 -0.000000 1647.457627
-5197532.051650 -0.000000 1659.661017
-5086081.084232 -0.000000 1671.864407
-4974719.542502 -0.000000 1684.067797
-4863473.270522 -0.000000 1696.271186
-4752115.674920 -0.000000 1708.474576
-4640527.529472 -0.000000 1720.677966
-4528354.267639 -0.000000 1732.881356
-4415185.091749 -0.000000 1745.084746
-4300364.524001 -0.000000 1757.288136
-4182885.233571 -0.000000 1769.491525
-4061371.348255 -0.000000 1781.694915
-3933548.629568 -0.000000 1793.898305
-3796297.818610 -0.000000 1806.101695
-3644537.459808 -0.000000 1818.305085
-3470945.222824 -0.000000 1830.508475
-3264040.230051 -0.000000 1842.711864
-3006597.482574 -0.000000 1854.915254
-2672579.258020 -0.000000 1867.118644
-2222541.372454 -0.000000 1879.322034
-1599250.920803 -0.000000 1891.525424
-718867.442231 -0.000000 1903.728814
526660.398163 0.000000 1915.932203
2283573.823908 0.000000 1928.135593
4631775.763073 0.000000 1940.338983
7813251.116994 0.000000 1952.542373
11766741.863093 0.000000 1964.745763
13754298.483674 0.000000 1976.949153
13505346.710469 0.000000 1989.152542
14226692.906333 0.000000 2001.355932
11332445.869324 0.000000 2013.559322
-4002411.963728 -0.000000 2025.762712
-16068086.525300 -0.000000 2037.966102
-19767645.298361 -0.000000 2050.169492
-60988296.453479 -0.000000 2062.372881
-24442299.381155 -0.000000 2074.576271
-16261004.141233 -0.000000 2086.779661
-13822115.659926 -0.000000 2098.983051
-13387895.319754 -0.000000 2111.186441
-14611996.876072 -0.000000 2123.389831
-16356485.257172 -0.000000 2135.593220
-17725785.369178 -0.000000 2147.796610
-18746136.426444 -0.000000 2160.000000
-19421802.219044 -0.000000 2172.203390
-19676093.258428 -0.000000 2184.406780
-19519962.337635 -0.000000 2196.610169
-18002826.738517 -0.000000 2208.813559
-25269499.467144 -0.000000 2221.016949
-318172470.978579 -0.000000 2233.220339
-780944.044267 -0.000000 2245.423729
61869543.727825 0.000000 2257.627119
20344656.277615 0.000000 2269.830508
18398346.683529 0.000000 2282.033898
21790428.659332 0.000000 2294.237288
32005476.279890 0.000000 2306.440678
25808053.488141 0.000000 2318.644068
12929148.782761 0.000000 2330.847458
6578585.594513 0.000000 2343.050847
1494343.171836 0.000000 2355.254237
211972.972404 0.000000 2367.457627
999547.241796 0.000000 2379.661017
2622102.947286 0.000000 2391.864407
4363944.898569 0.000000 2404.067797
5911653.363260 0.000000 2416.271186
7186502.120112 0.000000 2428.474576
8203554.140008 0.000000 2440.677966
9015086.484224 0.000000 2452.881356
9673186.984446 0.000000 2465.084746
10221911.928265 0.000000 2477.288136
10691571.953131 0.000000 2489.491525
11103498.332243 0.000000 2501.694915
11469946.715665 0.000000 2513.898305
11799818.753398 0.000000 2526.101695
12097717.401300 0.000000 2538.305085
12368305.241083 0.000000 2550.508475
12613989.929467 0.000000 2562.711864
12838140.368346 0.000000 2574.915254
13042215.910660 0.000000 2587.118644
13228706.451081 0.000000 2599.322034
13398371.223349 0.000000 2611.525424
13553264.889322 0.000000 2623.728814
13694096.886491 0.000000 2635.932203
13823009.526146 0.000000 2648.135593
13940975.080252 0.000000 2660.338983
14049786.093750 0.000000 2672.542373
14150088.242897 0.000000 2684.745763
14241947.931609 0.000000 2696.949153
14323567.308303 0.000000 2709.152542
14388526.157968 0.000000 2721.355932
14428918.690632 0.000000 2733.559322
14442174.091449 0.000000 2745.762712
14450720.435304 0.000000 2757.966102
14487542.074487 0.000000 2770.169492
14563245.157979 0.000000 2782.372881
14648759.052117 0.000000 2794.576271
14715423.271560 0.000000 2806.779661
14751839.167767 0.000000 2818.983051
14753711.129116 0.000000 2831.186441
14704550.840429 0.000000 2843.389831
14558256.300602 0.000000 2855.593220
14240759.233424 0.000000 2867.796610
13640998.864962 0.000000 2880.000000
12642965.249532 0.000000 2892.203390
11035448.200917 0.000000 2904.406780
8454430.277051 0.000000 2916.610169
4676722.278943 0.000000 2928.813559
1037202.929459 0.000000 2941.016949
671431.429516 0.000000 2953.220339
9206861.151847 0.000000 2965.423729
24294835.889483 0.000000 2977.627119
30116898.857648 0.000000 2989.830508
30071957.266446 0.000000 3002.033898
30489174.728126 0.000000 3014.237288
30985417.041404 0.000000 3026.440678
31226085.565087 0.000000 3038.644068
31368252.132971 0.000000 3050.847458
30976965.915606 0.000000 3063.050847
30563289.213145 0.000000 3075.254237
30447967.424990 0.000000 3087.457627
30061855.273812 0.000000 3099.661017
29711448.294069 0.000000 3111.864407
29409631.463286 0.000000 3124.067797
29141636.057341 0.000000 3136.271186
28968656.637314 0.000000 3148.474576
28847005.195824 0.000000 3160.677966
28758342.405327 0.000000 3172.881356
28681035.611872 0.000000 3185.084746
28612002.102563 0.000000 3197.288136
28549238.451622 0.000000 3209.491525
28506295.939109 0.000000 3221.694915
28496158.723609 0.000000 3233.898305
28555455.835938 0.000000 3246.101695
28730451.037561 0.000000 3258.305085
29086407.963151 0.000000 3270.508475
29373268.077808 0.000000 3282.711864
29346441.304983 0.000000 3294.915254
30462576.981764 0.000000 3307.118644
32910900.027895 0.000000 3319.322034
34058677.643920 0.000000 3331.525424
33435609.413691 0.000000 3343.728814
31722778.315966 0.000000 3355.932203
30171226.171682 0.000000 3368.135593
30168828.919053 0.000000 3380.338983
20743409.051574 0.000000 3392.542373
-842816.982900 -0.000000 3404.745763
4335891.702737 0.000000 3416.949153
47044.126013 0.000000 3429.152542
78847.056626 0.000000 3441.355932
109795.842773 0.000000 3453.559322
138883.414976 0.000000 3465.762712
165649.532338 0.000000 3477.966102
189575.827464 0.000000 3490.169492
210451.933384 0.000000 3502.372881
228217.308613 0.000000 3514.576271
242990.737764 0.000000 3526.779661
254975.310399 0.000000 3538.983051
264433.045557 0.000000 3551.186441
271624.179101 0.000000 3563.389831
276789.707435 0.000000 3575.593220
280120.572435 0.000000 3587.796610
281751.965896 0.000000 3600.000000
