20022.132497 0.000000 0.000000
20035.636431 0.000000 12.203390
20062.547057 0.000000 24.406780
20103.025238 0.000000 36.610169
20156.918834 0.000000 48.813559
20224.324991 0.000000 61.016949
20305.092687 0.000000 73.220339
20399.356329 0.000000 85.423729
20506.916065 0.000000 97.627119
20627.955856 0.000000 109.830508
20762.226105 0.000000 122.033898
20909.967408 0.000000 134.237288
21070.884354 0.000000 146.440678
21245.280015 0.000000 158.644068
21432.816657 0.000000 170.847458
21633.866181 0.000000 183.050847
21848.051802 0.000000 195.254237
22075.820212 0.000000 207.457627
22316.757999 0.000000 219.661017
22571.391517 0.000000 231.864407
22839.271675 0.000000 244.067797
23121.008778 0.000000 256.271186
23416.117244 0.000000 268.474576
23725.294072 0.000000 280.677966
24048.015412 0.000000 292.881356
24385.066496 0.000000 305.084746
24735.880598 0.000000 317.288136
25101.332462 0.000000 329.491525
25480.807213 0.000000 341.694915
25875.269025 0.000000 353.898305
26284.049313 0.000000 366.101695
26708.202023 0.000000 378.305085
27146.997737 0.000000 390.508475
27601.581966 0.000000 402.711864
28071.158710 0.000000 414.915254
28556.966590 0.000000 427.118644
29058.138794 0.000000 439.322034
29576.012401 0.000000 451.525424
30109.645077 0.000000 463.728814
30660.480079 0.000000 475.932203
31227.498378 0.000000 488.135593
31812.258139 0.000000 500.338983
32413.664400 0.000000 512.542373
33033.403684 0.000000 524.745763
33670.305709 0.000000 536.949153
34326.201060 0.000000 549.152542
34999.848001 0.000000 561.355932
35693.237761 0.000000 573.559322
36405.061427 0.000000 585.762712
37137.491836 0.000000 597.966102
37889.157198 0.000000 610.169492
38662.433139 0.000000 622.372881
39455.891141 0.000000 634.576271
40272.133457 0.000000 646.779661
41109.680539 0.000000 658.983051
41971.388022 0.000000 671.186441
42855.731573 0.000000 683.389831
43765.848156 0.000000 695.593220
44700.176814 0.000000 707.796610
45662.168149 0.000000 720.000000
46650.233279 0.000000 732.203390
47668.171441 0.000000 744.406780
48714.375893 0.000000 756.610169
49793.033744 0.000000 768.813559
50902.532874 0.000000 781.016949
52047.491413 0.000000 793.220339
53226.304242 0.000000 805.423729
54444.068162 0.000000 817.627119
55699.199392 0.000000 829.830508
56997.322599 0.000000 842.033898
58336.888683 0.000000 854.237288
59724.103416 0.000000 866.440678
61157.463390 0.000000 878.644068
62643.809557 0.000000 890.847458
64181.691814 0.000000 903.050847
65778.638994 0.000000 915.254237
67433.256407 0.000000 927.457627
69153.811025 0.000000 939.661017
70938.957796 0.000000 951.864407
72797.748802 0.000000 964.067797
74728.872071 0.000000 976.271186
76742.204703 0.000000 988.474576
78836.437043 0.000000 1000.677966
81022.303326 0.000000 1012.881356
83298.451432 0.000000 1025.084746
85676.493294 0.000000 1037.288136
88154.969379 0.000000 1049.491525
90746.377141 0.000000 1061.694915
93449.062841 0.000000 1073.898305
96276.401800 0.000000 1086.101695
99226.434874 0.000000 1098.305085
102313.389360 0.000000 1110.508475
105534.860070 0.000000 1122.711864
108905.879667 0.000000 1134.915254
112423.426501 0.000000 1147.118644
116103.268652 0.000000 1159.322034
119941.562126 0.000000 1171.525424
123954.717945 0.000000 1183.728814
128137.828758 0.000000 1195.932203
132507.830839 0.000000 1208.135593
137058.478041 0.000000 1220.338983
141807.089964 0.000000 1232.542373
146745.773593 0.000000 1244.745763
151892.073111 0.000000 1256.949153
157236.112731 0.000000 1269.152542
162795.487992 0.000000 1281.355932
168557.985371 0.000000 1293.559322
174541.076516 0.000000 1305.762712
180729.850601 0.000000 1317.966102
187141.485164 0.000000 1330.169492
193758.020586 0.000000 1342.372881
200596.192373 0.000000 1354.576271
207634.665680 0.000000 1366.779661
214889.609856 0.000000 1378.983051
222336.028653 0.000000 1391.186441
229989.433434 0.000000 1403.389831
237820.925210 0.000000 1415.593220
245845.272609 0.000000 1427.796610
254029.468281 0.000000 1440.000000
262387.420297 0.000000 1452.203390
270881.802026 0.000000 1464.406780
279525.419974 0.000000 1476.610169
288276.336377 0.000000 1488.813559
297145.729455 0.000000 1501.016949
306086.527425 0.000000 1513.220339
315107.227808 0.000000 1525.423729
324154.641088 0.000000 1537.627119
333232.621416 0.000000 1549.830508
342280.056452 0.000000 1562.033898
351292.725377 0.000000 1574.237288
360198.424434 0.000000 1586.440678
368979.141707 0.000000 1598.644068
377546.225786 0.000000 1610.847458
385858.650126 0.000000 1623.050847
393802.519170 0.000000 1635.254237
401299.229628 0.000000 1647.457627
408195.400973 0.000000 1659.661017
414352.124062 0.000000 1671.864407
419553.640484 0.000000 1684.067797
423565.366916 0.000000 1696.271186
426072.331150 0.000000 1708.474576
426689.157356 0.000000 1720.677966
424942.315732 0.000000 1732.881356
420209.632015 0.000000 1745.084746
411763.691606 0.000000 1757.288136
398612.197266 0.000000 1769.491525
379623.428650 0.000000 1781.694915
353233.695249 0.000000 1793.898305
317680.998966 0.000000 1806.101695
270547.399067 0.000000 1818.305085
209139.821887 0.000000 1830.508475
129855.747504 0.000000 1842.711864
28788.533163 0.000000 1854.915254
-99040.803785 -0.000000 1867.118644
-258667.578512 -0.000000 1879.322034
-455986.095423 -0.000000 1891.525424
-695834.724852 -0.000000 1903.728814
-982859.637321 -0.000000 1915.932203
-1317267.427589 -0.000000 1928.135593
-1695852.968291 -0.000000 1940.338983
-2102851.017974 -0.000000 1952.542373
-2499992.568246 -0.000000 1964.745763
-2859216.468494 -0.000000 1976.949153
-3044962.578708 -0.000000 1989.152542
-8934471.586151 -0.000000 2001.355932
-19241456.218453 -0.000000 2013.559322
-24946427.929238 -0.000000 2025.762712
-22403704.740511 -0.000000 2037.966102
-15421987.153488 -0.000000 2050.169492
-8290364.390346 -0.000000 2062.372881
-750469273.048145 -0.000000 2074.576271
-1249269.612731 -0.000000 2086.779661
-23904.195262 -0.000000 2098.983051
1533956570.970564 0.000000 2111.186441
7163507.612434 0.000000 2123.389831
7392646.288331 0.000000 2135.593220
40467221.762087 0.000000 2147.796610
147366694.516979 0.000000 2160.000000
15826423.152528 0.000000 2172.203390
12375371.647708 0.000000 2184.406780
11409626.308622 0.000000 2196.610169
8991424.894680 0.000000 2208.813559
7044764.942771 0.000000 2221.016949
5932048.961353 0.000000 2233.220339
5767402.655075 0.000000 2245.423729
6361531.683126 0.000000 2257.627119
7382475.404087 0.000000 2269.830508
8575048.631066 0.000000 2282.033898
9753481.034843 0.000000 2294.237288
10835390.283068 0.000000 2306.440678
11783995.010661 0.000000 2318.644068
12600113.545763 0.000000 2330.847458
13296699.059289 0.000000 2343.050847
13886094.768199 0.000000 2355.254237
14382831.999852 0.000000 2367.457627
14793358.994032 0.000000 2379.661017
15098910.921125 0.000000 2391.864407
15298080.356760 0.000000 2404.067797
15430042.550937 0.000000 2416.271186
15477987.195917 0.000000 2428.474576
15495427.976028 0.000000 2440.677966
15495674.153470 0.000000 2452.881356
15488697.111675 0.000000 2465.084746
15504603.950532 0.000000 2477.288136
15501343.577279 0.000000 2489.491525
15491162.974857 0.000000 2501.694915
15496096.475382 0.000000 2513.898305
15502884.885504 0.000000 2526.101695
15503944.477413 0.000000 2538.305085
15509539.988780 0.000000 2550.508475
15509702.172562 0.000000 2562.711864
15502355.632094 0.000000 2574.915254
15478711.158676 0.000000 2587.118644
15459265.721706 0.000000 2599.322034
15456280.389315 0.000000 2611.525424
15474878.222552 0.000000 2623.728814
15499352.525917 0.000000 2635.932203
15505792.483775 0.000000 2648.135593
15479553.507618 0.000000 2660.338983
15445841.502694 0.000000 2672.542373
15444436.672759 0.000000 2684.745763
15464163.988269 0.000000 2696.949153
15486614.476821 0.000000 2709.152542
15516237.929697 0.000000 2721.355932
15552764.211652 0.000000 2733.559322
15577812.166968 0.000000 2745.762712
15597333.429749 0.000000 2757.966102
15601453.639434 0.000000 2770.169492
15388642.860004 0.000000 2782.372881
14543351.698087 0.000000 2794.576271
12426655.834054 0.000000 2806.779661
7987075.338723 0.000000 2818.983051
2406669.530178 0.000000 2831.186441
-853579.052865 -0.000000 2843.389831
6938887.993607 0.000000 2855.593220
24610926.794785 0.000000 2867.796610
30172126.300377 0.000000 2880.000000
29379972.099543 0.000000 2892.203390
29682111.455198 0.000000 2904.406780
30383252.040850 0.000000 2916.610169
30771433.792743 0.000000 2928.813559
30680796.661188 0.000000 2941.016949
30370369.921508 0.000000 2953.220339
29808186.663306 0.000000 2965.423729
29607064.742961 0.000000 2977.627119
29540317.518881 0.000000 2989.830508
29231741.043073 0.000000 3002.033898
28987109.697582 0.000000 3014.237288
28758862.428150 0.000000 3026.440678
28553401.426583 0.000000 3038.644068
28384807.488565 0.000000 3050.847458
28223162.163590 0.000000 3063.050847
28059090.731236 0.000000 3075.254237
27892332.489072 0.000000 3087.457627
27729512.651554 0.000000 3099.661017
27590067.566442 0.000000 3111.864407
27487576.195727 0.000000 3124.067797
27460329.822408 0.000000 3136.271186
27528520.717799 0.000000 3148.474576
27873760.438709 0.000000 3160.677966
28266708.007165 0.000000 3172.881356
27906487.330571 0.000000 3185.084746
29245811.177503 0.000000 3197.288136
32846642.881860 0.000000 3209.491525
34167627.582821 0.000000 3221.694915
32939734.770556 0.000000 3233.898305
30915850.486892 0.000000 3246.101695
28664283.006070 0.000000 3258.305085
26760403.598448 0.000000 3270.508475
23205316.502437 0.000000 3282.711864
-41542.775794 -0.000000 3294.915254
14619905.251328 0.000000 3307.118644
45797.812639 0.000000 3319.322034
80999.339546 0.000000 3331.525424
118352.091931 0.000000 3343.728814
155133.719594 0.000000 3355.932203
190411.791627 0.000000 3368.135593
222762.162670 0.000000 3380.338983
251519.519463 0.000000 3392.542373
276261.504222 0.000000 3404.745763
296976.977146 0.000000 3416.949153
313860.887043 0.000000 3429.152542
327285.340172 0.000000 3441.355932
337687.721301 0.000000 3453.559322
345538.616584 0.000000 3465.762712
351286.262239 0.000000 3477.966102
355349.409567 0.000000 3490.169492
358093.269506 0.000000 3502.372881
359837.924969 0.000000 3514.576271
360848.434430 0.000000 3526.779661
361348.123426 0.000000 3538.983051
361514.043221 0.000000 3551.186441
361489.284316 0.000000 3563.389831
361380.396533 0.000000 3575.593220
361266.333578 0.000000 3587.796610
361196.708717 0.000000 3600.000000
