6444.133662 0.000000 0.000000
6455.241073 0.000000 12.203390
6477.408041 0.000000 24.406780
6510.859819 0.000000 36.610169
6555.613032 0.000000 48.813559
6611.861620 0.000000 61.016949
6679.752188 0.000000 73.220339
6759.564171 0.000000 85.423729
6851.519453 0.000000 97.627119
6955.999350 0.000000 109.830508
7073.304424 0.000000 122.033898
7203.929780 0.000000 134.237288
7348.265635 0.000000 146.440678
7506.933693 0.000000 158.644068
7680.427249 0.000000 170.847458
7869.510591 0.000000 183.050847
8074.796601 0.000000 195.254237
8297.210752 0.000000 207.457627
8537.504778 0.000000 219.661017
8796.786226 0.000000 231.864407
9075.967110 0.000000 244.067797
9376.360489 0.000000 256.271186
9699.062022 0.000000 268.474576
10045.615257 0.000000 280.677966
10417.325250 0.000000 292.881356
10815.992389 0.000000 305.084746
11243.156977 0.000000 317.288136
11700.904340 0.000000 329.491525
12191.037419 0.000000 341.694915
12715.954555 0.000000 353.898305
13277.750203 0.000000 366.101695
13879.164705 0.000000 378.305085
14522.612414 0.000000 390.508475
15211.206072 0.000000 402.711864
15947.710385 0.000000 414.915254
16735.640302 0.000000 427.118644
17578.143204 0.000000 439.322034
18479.168868 0.000000 451.525424
19442.280026 0.000000 463.728814
20471.895679 0.000000 475.932203
21572.030901 0.000000 488.135593
22747.609124 0.000000 500.338983
24003.138359 0.000000 512.542373
25344.086121 0.000000 524.745763
26775.496443 0.000000 536.949153
28303.423514 0.000000 549.152542
29933.496872 0.000000 561.355932
31672.401806 0.000000 573.559322
33526.407525 0.000000 585.762712
35502.880164 0.000000 597.966102
37608.787540 0.000000 610.169492
39852.227545 0.000000 622.372881
42240.932499 0.000000 634.576271
44783.785934 0.000000 646.779661
47489.355568 0.000000 658.983051
50367.366816 0.000000 671.186441
53427.299849 0.000000 683.389831
56679.777851 0.000000 695.593220
60135.277943 0.000000 707.796610
63805.378216 0.000000 720.000000
67701.643850 0.000000 732.203390
71836.663861 0.000000 744.406780
76223.190759 0.000000 756.610169
80874.879123 0.000000 768.813559
85805.778593 0.000000 781.016949
91030.661941 0.000000 793.220339
96564.995712 0.000000 805.423729
102424.721096 0.000000 817.627119
108626.855528 0.000000 829.830508
115188.553028 0.000000 842.033898
122128.530115 0.000000 854.237288
129465.193960 0.000000 866.440678
137219.123905 0.000000 878.644068
145410.011953 0.000000 890.847458
154060.479299 0.000000 903.050847
163191.520353 0.000000 915.254237
172827.989453 0.000000 927.457627
182992.179236 0.000000 939.661017
193711.370077 0.000000 951.864407
205009.113708 0.000000 964.067797
216915.291428 0.000000 976.271186
229454.612312 0.000000 988.474576
242659.674357 0.000000 1000.677966
256556.135224 0.000000 1012.881356
271179.297424 0.000000 1025.084746
286555.368436 0.000000 1037.288136
302722.083280 0.000000 1049.491525
319705.464788 0.000000 1061.694915
337544.920758 0.000000 1073.898305
356264.954702 0.000000 1086.101695
375904.996623 0.000000 1098.305085
396485.610713 0.000000 1110.508475
418042.984330 0.000000 1122.711864
440589.344446 0.000000 1134.915254
464151.461535 0.000000 1147.118644
488725.184238 0.000000 1159.322034
514316.403860 0.000000 1171.525424
540889.777744 0.000000 1183.728814
568409.167995 0.000000 1195.932203
596780.512271 0.000000 1208.135593
625886.552100 0.000000 1220.338983
655522.989578 0.000000 1232.542373
685418.942678 0.000000 1244.745763
715163.342827 0.000000 1256.949153
744197.603589 0.000000 1269.152542
771725.351972 0.000000 1281.355932
796658.610088 0.000000 1293.559322
817502.412841 0.000000 1305.762712
832242.140315 0.000000 1317.966102
838222.369710 0.000000 1330.169492
832039.911958 0.000000 1342.372881
809606.502295 0.000000 1354.576271
766437.533077 0.000000 1366.779661
698570.185507 0.000000 1378.983051
604093.877650 0.000000 1391.186441
485443.198102 0.000000 1403.389831
351356.069414 0.000000 1415.593220
217383.605157 0.000000 1427.796610
103108.791058 0.000000 1440.000000
69696040.786295 0.000000 1452.203390
-1199933.817331 -0.000000 1464.406780
-8312067.487707 -0.000000 1476.610169
-13196212.849811 -0.000000 1488.813559
-13334386.951182 -0.000000 1501.016949
-12998708.516200 -0.000000 1513.220339
-12909475.143926 -0.000000 1525.423729
-12912693.533722 -0.000000 1537.627119
-12903863.348173 -0.000000 1549.830508
-12804742.939927 -0.000000 1562.033898
-12588348.657173 -0.000000 1574.237288
-12435467.014476 -0.000000 1586.440678
-12493443.671179 -0.000000 1598.644068
-12571554.028543 -0.000000 1610.847458
-12578486.153771 -0.000000 1623.050847
-12572657.856775 -0.000000 1635.254237
-12540086.113971 -0.000000 1647.457627
-12448090.502902 -0.000000 1659.661017
-12291021.142664 -0.000000 1671.864407
-12074367.513850 -0.000000 1684.067797
-11845290.139905 -0.000000 1696.271186
-11593665.919544 -0.000000 1708.474576
-11233699.234677 -0.000000 1720.677966
-10692717.706994 -0.000000 1732.881356
-9908150.644660 -0.000000 1745.084746
-8817930.676780 -0.000000 1757.288136
-7362295.861132 -0.000000 1769.491525
-5451785.431419 -0.000000 1781.694915
-2974987.217729 -0.000000 1793.898305
182814.397300 0.000000 1806.101695
3944733.474239 0.000000 1818.305085
8089459.355165 0.000000 1830.508475
11757217.143743 0.000000 1842.711864
13468318.274811 0.000000 1854.915254
13703852.097184 0.000000 1867.118644
8851107.331055 0.000000 1879.322034
-6102033.855541 -0.000000 1891.525424
-16851351.199436 -0.000000 1903.728814
-23303303.435089 -0.000000 1915.932203
-58722216.074479 -0.000000 1928.135593
-22773860.156555 -0.000000 1940.338983
-15701998.444895 -0.000000 1952.542373
-13609262.765276 -0.000000 1964.745763
-13361992.280280 -0.000000 1976.949153
-14790933.817964 -0.000000 1989.152542
-16874207.113224 -0.000000 2001.355932
-18898953.340387 -0.000000 2013.559322
-20888018.651046 -0.000000 2025.762712
-22805211.500396 -0.000000 2037.966102
-24812672.866691 -0.000000 2050.169492
-26877660.012447 -0.000000 2062.372881
-29999394.911809 -0.000000 2074.576271
-29340499.139327 -0.000000 2086.779661
-32935499.620531 -0.000000 2098.983051
-4194438160.894797 -0.000000 2111.186441
-1976623.397096 -0.000000 2123.389831
-6338294.218203 -0.000000 2135.593220
11887989.947662 0.000000 2147.796610
440653393.612062 0.000000 2160.000000
7044792.314661 0.000000 2172.203390
8738773.095096 0.000000 2184.406780
12397523.951365 0.000000 2196.610169
42772716.920543 0.000000 2208.813559
106506508.809702 0.000000 2221.016949
18245582.791945 0.000000 2233.220339
12426035.091879 0.000000 2245.423729
10950268.370838 0.000000 2257.627119
7459828.920262 0.000000 2269.830508
4559219.725462 0.000000 2282.033898
2581268.025398 0.000000 2294.237288
1802031.676366 0.000000 2306.440678
1924660.751126 0.000000 2318.644068
2634058.056498 0.000000 2330.847458
3602522.223792 0.000000 2343.050847
4637647.119718 0.000000 2355.254237
5604003.117903 0.000000 2367.457627
6457654.356430 0.000000 2379.661017
7178598.469392 0.000000 2391.864407
7770536.689944 0.000000 2404.067797
8240972.206166 0.000000 2416.271186
8599528.513277 0.000000 2428.474576
8887822.150162 0.000000 2440.677966
9154636.920222 0.000000 2452.881356
9439687.720194 0.000000 2465.084746
9718579.112542 0.000000 2477.288136
9962470.017322 0.000000 2489.491525
10151797.910942 0.000000 2501.694915
10301089.250477 0.000000 2513.898305
10420103.726488 0.000000 2526.101695
10522131.930380 0.000000 2538.305085
10610196.454192 0.000000 2550.508475
10689352.808994 0.000000 2562.711864
10761175.715041 0.000000 2574.915254
10827755.744394 0.000000 2587.118644
10890158.084543 0.000000 2599.322034
10946395.275275 0.000000 2611.525424
10991139.827880 0.000000 2623.728814
11012647.730797 0.000000 2635.932203
11003471.292508 0.000000 2648.135593
10974303.932636 0.000000 2660.338983
10957965.867710 0.000000 2672.542373
10980586.412963 0.000000 2684.745763
11032596.250607 0.000000 2696.949153
11076785.700334 0.000000 2709.152542
11086602.606063 0.000000 2721.355932
11072404.071539 0.000000 2733.559322
11058453.646309 0.000000 2745.762712
11060560.334702 0.000000 2757.966102
11082100.046190 0.000000 2770.169492
11098120.727723 0.000000 2782.372881
11051767.479562 0.000000 2794.576271
10853029.278841 0.000000 2806.779661
10413067.649537 0.000000 2818.983051
9612655.515564 0.000000 2831.186441
8321517.784440 0.000000 2843.389831
6335104.624682 0.000000 2855.593220
3590592.419337 0.000000 2867.796610
479493.069621 0.000000 2880.000000
-1127683.549659 -0.000000 2892.203390
1789761.903158 0.000000 2904.406780
13219962.740987 0.000000 2916.610169
26485088.723937 0.000000 2928.813559
29925678.451451 0.000000 2941.016949
29953618.357140 0.000000 2953.220339
30171805.944543 0.000000 2965.423729
30554354.683505 0.000000 2977.627119
30774200.210770 0.000000 2989.830508
30454116.049272 0.000000 3002.033898
30031210.451000 0.000000 3014.237288
29883089.784896 0.000000 3026.440678
29535929.202350 0.000000 3038.644068
29153512.265950 0.000000 3050.847458
28839829.147358 0.000000 3063.050847
28525176.824052 0.000000 3075.254237
28300440.502088 0.000000 3087.457627
28125083.045033 0.000000 3099.661017
27997540.027758 0.000000 3111.864407
27891556.400908 0.000000 3124.067797
27799593.536569 0.000000 3136.271186
27719653.049122 0.000000 3148.474576
27664465.156076 0.000000 3160.677966
27643634.371112 0.000000 3172.881356
27658845.152791 0.000000 3185.084746
27743326.291955 0.000000 3197.288136
27956592.610926 0.000000 3209.491525
28406387.825596 0.000000 3221.694915
28576932.680966 0.000000 3233.898305
28663162.322570 0.000000 3246.101695
30651070.070138 0.000000 3258.305085
33370505.622765 0.000000 3270.508475
33589120.222783 0.000000 3282.711864
32252227.224389 0.000000 3294.915254
30255703.053907 0.000000 3307.118644
27289820.498970 0.000000 3319.322034
28661134.393628 0.000000 3331.525424
13391685.432983 0.000000 3343.728814
8122195.348992 0.000000 3355.932203
-368414.101085 -0.000000 3368.135593
-9006.858293 -0.000000 3380.338983
-8600.892643 -0.000000 3392.542373
-12067.179548 -0.000000 3404.745763
-14748.056035 -0.000000 3416.949153
-17223.772882 -0.000000 3429.152542
-19423.373844 -0.000000 3441.355932
-21280.555908 -0.000000 3453.559322
-22848.916872 -0.000000 3465.762712
-24084.359850 -0.000000 3477.966102
-25066.663627 -0.000000 3490.169492
-25787.689859 -0.000000 3502.372881
-26325.779389 -0.000000 3514.576271
-26689.442748 -0.000000 3526.779661
-26941.285529 -0.000000 3538.983051
-27093.312554 -0.000000 3551.186441
-27188.776991 -0.000000 3563.389831
-27237.227346 -0.000000 3575.593220
-27263.431140 -0.000000 3587.796610
-27272.545857 -0.000000 3600.000000
