7212.271575 0.000000 0.000000
7220.147750 0.000000 12.203390
7235.868643 0.000000 24.406780
7259.628629 0.000000 36.610169
7291.504102 0.000000 48.813559
7331.609100 0.000000 61.016949
7380.197707 0.000000 73.220339
7437.425734 0.000000 85.423729
7503.666483 0.000000 97.627119
7579.131195 0.000000 109.830508
7664.315793 0.000000 122.033898
7759.494257 0.000000 134.237288
7865.296211 0.000000 146.440678
7982.064963 0.000000 158.644068
8110.577187 0.000000 170.847458
8251.253591 0.000000 183.050847
8405.034082 0.000000 195.254237
8572.425618 0.000000 207.457627
8754.550028 0.000000 219.661017
8952.009751 0.000000 231.864407
9166.129284 0.000000 244.067797
9397.616439 0.000000 256.271186
9648.021159 0.000000 268.474576
9918.166253 0.000000 280.677966
10209.852738 0.000000 292.881356
10524.027799 0.000000 305.084746
10862.770151 0.000000 317.288136
11227.161093 0.000000 329.491525
11619.586661 0.000000 341.694915
12041.270882 0.000000 353.898305
12494.940210 0.000000 366.101695
12981.970068 0.000000 378.305085
13505.462536 0.000000 390.508475
14066.953834 0.000000 402.711864
14669.962058 0.000000 414.915254
15316.192365 0.000000 427.118644
16009.624667 0.000000 439.322034
16752.143288 0.000000 451.525424
17548.239928 0.000000 463.728814
18399.988988 0.000000 475.932203
19312.452267 0.000000 488.135593
20287.904467 0.000000 500.338983
21332.043462 0.000000 512.542373
22447.356760 0.000000 524.745763
23640.250904 0.000000 536.949153
24913.438826 0.000000 549.152542
26274.118882 0.000000 561.355932
27725.240351 0.000000 573.559322
29274.885510 0.000000 585.762712
30926.252030 0.000000 597.966102
32688.407503 0.000000 610.169492
34564.806448 0.000000 622.372881
36565.614997 0.000000 634.576271
38694.550678 0.000000 646.779661
40963.001735 0.000000 658.983051
43374.951568 0.000000 671.186441
45943.146096 0.000000 683.389831
48671.831039 0.000000 695.593220
51575.259235 0.000000 707.796610
54657.929932 0.000000 720.000000
57935.765270 0.000000 732.203390
61413.501359 0.000000 744.406780
65108.906788 0.000000 756.610169
69026.929144 0.000000 768.813559
73187.377502 0.000000 781.016949
77595.376050 0.000000 793.220339
82272.984348 0.000000 805.423729
87225.458500 0.000000 817.627119
92477.337993 0.000000 829.830508
98033.953776 0.000000 842.033898
103922.573539 0.000000 854.237288
110148.536960 0.000000 866.440678
116742.107861 0.000000 878.644068
123708.558598 0.000000 890.847458
131081.436680 0.000000 903.050847
138865.861779 0.000000 915.254237
147098.970856 0.000000 927.457627
155785.638749 0.000000 939.661017
164966.910173 0.000000 951.864407
174647.319418 0.000000 964.067797
184872.140507 0.000000 976.271186
195645.467247 0.000000 988.474576
207017.108469 0.000000 1000.677966
218990.612736 0.000000 1012.881356
231620.585443 0.000000 1025.084746
244909.910675 0.000000 1037.288136
258918.153871 0.000000 1049.491525
273647.379422 0.000000 1061.694915
289162.092983 0.000000 1073.898305
305463.298965 0.000000 1086.101695
322620.098356 0.000000 1098.305085
340632.007653 0.000000 1110.508475
359571.811391 0.000000 1122.711864
379436.721795 0.000000 1134.915254
400301.324270 0.000000 1147.118644
422158.932462 0.000000 1159.322034
445082.370471 0.000000 1171.525424
469057.939331 0.000000 1183.728814
494150.220076 0.000000 1195.932203
520332.437375 0.000000 1208.135593
547649.291047 0.000000 1220.338983
576049.171457 0.000000 1232.542373
605535.991445 0.000000 1244.745763
636010.560727 0.000000 1256.949153
667398.151443 0.000000 1269.152542
699507.964218 0.000000 1281.355932
732117.363558 0.000000 1293.559322
764858.823769 0.000000 1305.762712
797234.185993 0.000000 1317.966102
828536.200855 0.000000 1330.169492
857758.103606 0.000000 1342.372881
883551.858190 0.000000 1354.576271
903999.142248 0.000000 1366.779661
916616.272812 0.000000 1378.983051
918009.662342 0.000000 1391.186441
904052.309815 0.000000 1403.389831
869740.144054 0.000000 1415.593220
810128.349738 0.000000 1427.796610
721283.085411 0.000000 1440.000000
602726.675288 0.000000 1452.203390
459566.300710 0.000000 1464.406780
305117.831413 0.000000 1476.610169
161132.279460 0.000000 1488.813559
54517.937647 0.000000 1501.016949
147849337.960281 0.000000 1513.220339
-5262838.697623 -0.000000 1525.423729
-11806294.369628 -0.000000 1537.627119
-13508260.082758 -0.000000 1549.830508
-13140412.687327 -0.000000 1562.033898
-12938327.780597 -0.000000 1574.237288
-12901069.346554 -0.000000 1586.440678
-12916403.391693 -0.000000 1598.644068
-12866117.756844 -0.000000 1610.847458
-12663772.475762 -0.000000 1623.050847
-12420310.544155 -0.000000 1635.254237
-12408699.048380 -0.000000 1647.457627
-12460012.549661 -0.000000 1659.661017
-12381691.214768 -0.000000 1671.864407
-12228145.360556 -0.000000 1684.067797
-11992081.115882 -0.000000 1696.271186
-11659563.638502 -0.000000 1708.474576
-11207932.437066 -0.000000 1720.677966
-10596083.010831 -0.000000 1732.881356
-9755787.606705 -0.000000 1745.084746
-8612358.746890 -0.000000 1757.288136
-7063144.654632 -0.000000 1769.491525
-4989831.273968 -0.000000 1781.694915
-2267740.928265 -0.000000 1793.898305
1144703.835105 0.000000 1806.101695
5027147.224585 0.000000 1818.305085
9219055.224966 0.000000 1830.508475
12387049.325816 0.000000 1842.711864
13404622.365778 0.000000 1854.915254
13275871.595991 0.000000 1867.118644
6210200.711243 0.000000 1879.322034
-10071204.410586 -0.000000 1891.525424
-17521285.315179 -0.000000 1903.728814
-60212915.628603 -0.000000 1915.932203
-32806325.569115 -0.000000 1928.135593
-18400848.464955 -0.000000 1940.338983
-14625408.817479 -0.000000 1952.542373
-13396009.787080 -0.000000 1964.745763
-13932756.191926 -0.000000 1976.949153
-15888298.052466 -0.000000 1989.152542
-18147322.843594 -0.000000 2001.355932
-20342298.208719 -0.000000 2013.559322
-22571715.076321 -0.000000 2025.762712
-24773301.165991 -0.000000 2037.966102
-27143424.186205 -0.000000 2050.169492
-29685226.171604 -0.000000 2062.372881
-33496181.795589 -0.000000 2074.576271
-29011397.464488 -0.000000 2086.779661
-84982739.797226 -0.000000 2098.983051
-888571677.251973 -0.000000 2111.186441
2032235.822835 0.000000 2123.389831
-217087.833432 -0.000000 2135.593220
-350882.432487 -0.000000 2147.796610
335288986.384054 0.000000 2160.000000
11715970.650564 0.000000 2172.203390
5925092.998941 0.000000 2184.406780
11419611.328057 0.000000 2196.610169
120898916.449848 0.000000 2208.813559
43814247.578454 0.000000 2221.016949
9543233.032542 0.000000 2233.220339
12326489.533031 0.000000 2245.423729
10876395.257561 0.000000 2257.627119
8413067.419776 0.000000 2269.830508
5556903.951360 0.000000 2282.033898
3246966.832662 0.000000 2294.237288
2107931.237741 0.000000 2306.440678
2023011.168924 0.000000 2318.644068
2647520.307020 0.000000 2330.847458
3616633.466269 0.000000 2343.050847
4694612.760451 0.000000 2355.254237
5726730.620202 0.000000 2367.457627
6646268.740975 0.000000 2379.661017
7417132.733110 0.000000 2391.864407
8034662.975248 0.000000 2404.067797
8529061.054113 0.000000 2416.271186
8947967.396415 0.000000 2428.474576
9341721.646701 0.000000 2440.677966
9715712.727790 0.000000 2452.881356
10070892.822935 0.000000 2465.084746
10385021.827454 0.000000 2477.288136
10649574.854337 0.000000 2489.491525
10858181.924665 0.000000 2501.694915
11026666.066122 0.000000 2513.898305
11165153.306879 0.000000 2526.101695
11284230.011932 0.000000 2538.305085
11387589.026004 0.000000 2550.508475
11477804.291894 0.000000 2562.711864
11557033.688230 0.000000 2574.915254
11625628.859407 0.000000 2587.118644
11685980.640436 0.000000 2599.322034
11737695.926690 0.000000 2611.525424
11782894.803695 0.000000 2623.728814
11820953.733408 0.000000 2635.932203
11853778.617158 0.000000 2648.135593
11881474.618174 0.000000 2660.338983
11906140.825833 0.000000 2672.542373
11928608.352189 0.000000 2684.745763
11950597.474603 0.000000 2696.949153
11972762.644113 0.000000 2709.152542
11996206.025586 0.000000 2721.355932
12020949.943340 0.000000 2733.559322
12047320.264342 0.000000 2745.762712
12071559.705178 0.000000 2757.966102
12085996.607860 0.000000 2770.169492
12065569.492221 0.000000 2782.372881
11968849.024981 0.000000 2794.576271
11727223.081198 0.000000 2806.779661
11274338.418667 0.000000 2818.983051
10530516.270983 0.000000 2831.186441
9382894.953684 0.000000 2843.389831
7623017.745441 0.000000 2855.593220
5060634.289386 0.000000 2867.796610
1874126.547046 0.000000 2880.000000
-734394.654053 -0.000000 2892.203390
-222159.145097 -0.000000 2904.406780
7730791.276694 0.000000 2916.610169
22146978.139993 0.000000 2928.813559
29962803.017729 0.000000 2941.016949
30002833.148761 0.000000 2953.220339
30052748.743299 0.000000 2965.423729
30480568.811666 0.000000 2977.627119
30736372.291917 0.000000 2989.830508
30705849.238814 0.000000 3002.033898
30205817.264101 0.000000 3014.237288
29892797.218876 0.000000 3026.440678
29712896.688833 0.000000 3038.644068
29323554.126548 0.000000 3050.847458
29002292.988666 0.000000 3063.050847
28699614.050343 0.000000 3075.254237
28460080.297113 0.000000 3087.457627
28300874.766130 0.000000 3099.661017
28188020.031995 0.000000 3111.864407
28098240.262896 0.000000 3124.067797
28009672.191208 0.000000 3136.271186
27929371.908284 0.000000 3148.474576
27854239.003794 0.000000 3160.677966
27806629.616927 0.000000 3172.881356
27785839.298876 0.000000 3185.084746
27839702.636967 0.000000 3197.288136
28019876.428176 0.000000 3209.491525
28435202.040067 0.000000 3221.694915
28753777.532427 0.000000 3233.898305
28815288.125388 0.000000 3246.101695
30269087.915469 0.000000 3258.305085
32691199.034602 0.000000 3270.508475
33319981.531109 0.000000 3282.711864
32321303.092681 0.000000 3294.915254
30858886.026650 0.000000 3307.118644
28817467.194025 0.000000 3319.322034
25594459.901355 0.000000 3331.525424
25468079.418270 0.000000 3343.728814
-1332458.775699 -0.000000 3355.932203
141738.578290 0.000000 3368.135593
3536.374358 0.000000 3380.338983
6271.886940 0.000000 3392.542373
9010.180250 0.000000 3404.745763
11487.163896 0.000000 3416.949153
13765.846776 0.000000 3429.152542
15783.864053 0.000000 3441.355932
17551.567233 0.000000 3453.559322
19071.456470 0.000000 3465.762712
20362.945465 0.000000 3477.966102
21448.118721 0.000000 3490.169492
22351.007288 0.000000 3502.372881
23095.379671 0.000000 3514.576271
23702.302090 0.000000 3526.779661
24190.538917 0.000000 3538.983051
24575.350341 0.000000 3551.186441
24869.255732 0.000000 3563.389831
25081.701499 0.000000 3575.593220
25219.702763 0.000000 3587.796610
25287.561294 0.000000 3600.000000
