42688.266480 0.000000 0.000000
42874.303918 0.000000 12.203390
43246.857192 0.000000 24.406780
43806.897319 0.000000 36.610169
44556.043663 0.000000 48.813559
45495.941616 0.000000 61.016949
46629.430459 0.000000 73.220339
47958.955906 0.000000 85.423729
49488.521832 0.000000 97.627119
51221.382276 0.000000 109.830508
53162.719999 0.000000 122.033898
55316.597262 0.000000 134.237288
57689.401992 0.000000 146.440678
60286.003348 0.000000 158.644068
63114.027272 0.000000 170.847458
66179.150291 0.000000 183.050847
69490.276145 0.000000 195.254237
73053.890997 0.000000 207.457627
76880.222032 0.000000 219.661017
80976.568126 0.000000 231.864407
85354.529094 0.000000 244.067797
90022.220209 0.000000 256.271186
94992.661656 0.000000 268.474576
100274.784268 0.000000 280.677966
105883.067473 0.000000 292.881356
111827.244422 0.000000 305.084746
118123.266302 0.000000 317.288136
124781.627598 0.000000 329.491525
131819.712732 0.000000 341.694915
139248.676826 0.000000 353.898305
147087.201014 0.000000 366.101695
155346.887285 0.000000 378.305085
164047.395935 0.000000 390.508475
173200.348876 0.000000 402.711864
182825.747267 0.000000 414.915254
192934.408526 0.000000 427.118644
203545.465010 0.000000 439.322034
214667.384955 0.000000 451.525424
226316.198329 0.000000 463.728814
238495.156168 0.000000 475.932203
251213.119444 0.000000 488.135593
264462.824306 0.000000 500.338983
278238.561335 0.000000 512.542373
292512.781085 0.000000 524.745763
307251.675117 0.000000 536.949153
322389.326372 0.000000 549.152542
337838.958617 0.000000 561.355932
353462.754371 0.000000 573.559322
369075.120288 0.000000 585.762712
384404.432793 0.000000 597.966102
399082.571792 0.000000 610.169492
412592.568947 0.000000 622.372881
424237.512808 0.000000 634.576271
433069.776864 0.000000 646.779661
437842.622887 0.000000 658.983051
436945.071778 0.000000 671.186441
428405.228629 0.000000 683.389831
409981.921093 0.000000 695.593220
379490.623792 0.000000 707.796610
335430.352771 0.000000 720.000000
277971.625849 0.000000 732.203390
210055.606439 0.000000 744.406780
138085.936143 0.000000 756.610169
71432.952805 0.000000 768.813559
31477519.717258 0.000000 781.016949
-2499603.820490 -0.000000 793.220339
-10807487.380901 -0.000000 805.423729
-13687200.935648 -0.000000 817.627119
-13105391.540157 -0.000000 829.830508
-12872828.807352 -0.000000 842.033898
-12798219.293134 -0.000000 854.237288
-12835856.675870 -0.000000 866.440678
-12856171.199843 -0.000000 878.644068
-12802997.938918 -0.000000 890.847458
-12695072.522267 -0.000000 903.050847
-12614833.441869 -0.000000 915.254237
-12612275.748242 -0.000000 927.457627
-12669045.417650 -0.000000 939.661017
-12732553.942495 -0.000000 951.864407
-12776472.634434 -0.000000 964.067797
-12795729.024709 -0.000000 976.271186
-12790998.601480 -0.000000 988.474576
-12775957.727989 -0.000000 1000.677966
-12764707.425197 -0.000000 1012.881356
-12758406.469671 -0.000000 1025.084746
-12757623.272776 -0.000000 1037.288136
-12764775.703013 -0.000000 1049.491525
-12767234.523530 -0.000000 1061.694915
-12765455.217814 -0.000000 1073.898305
-12763256.102035 -0.000000 1086.101695
-12761294.920868 -0.000000 1098.305085
-12754402.790139 -0.000000 1110.508475
-12755209.350362 -0.000000 1122.711864
-12756604.478355 -0.000000 1134.915254
-12751400.097093 -0.000000 1147.118644
-12751467.914014 -0.000000 1159.322034
-12759535.800705 -0.000000 1171.525424
-12764226.821330 -0.000000 1183.728814
-12768589.231152 -0.000000 1195.932203
-12765545.193552 -0.000000 1208.135593
-12757386.757011 -0.000000 1220.338983
-12749629.153839 -0.000000 1232.542373
-12750841.187967 -0.000000 1244.745763
-12759227.287216 -0.000000 1256.949153
-12761286.072591 -0.000000 1269.152542
-12753593.089737 -0.000000 1281.355932
-12731269.862649 -0.000000 1293.559322
-12705047.355992 -0.000000 1305.762712
-12683409.682820 -0.000000 1317.966102
-12661134.892081 -0.000000 1330.169492
-12635036.433786 -0.000000 1342.372881
-12609733.631932 -0.000000 1354.576271
-12583729.729183 -0.000000 1366.779661
-12560256.663791 -0.000000 1378.983051
-12527842.505723 -0.000000 1391.186441
-12479863.147354 -0.000000 1403.389831
-12419892.921941 -0.000000 1415.593220
-12346388.516331 -0.000000 1427.796610
-12262158.014195 -0.000000 1440.000000
-12176358.844701 -0.000000 1452.203390
-12088903.765204 -0.000000 1464.406780
-12001551.725207 -0.000000 1476.610169
-11914231.558908 -0.000000 1488.813559
-11827415.300116 -0.000000 1501.016949
-11740980.805275 -0.000000 1513.220339
-11655164.210679 -0.000000 1525.423729
-11569710.549845 -0.000000 1537.627119
-11484752.360890 -0.000000 1549.830508
-11399513.707126 -0.000000 1562.033898
-11313703.538330 -0.000000 1574.237288
-11226039.268368 -0.000000 1586.440678
-11132588.645809 -0.000000 1598.644068
-11019948.807742 -0.000000 1610.847458
-10886254.588391 -0.000000 1623.050847
-10773844.324723 -0.000000 1635.254237
-10719405.629789 -0.000000 1647.457627
-10683213.412502 -0.000000 1659.661017
-10622099.337225 -0.000000 1671.864407
-10536889.460363 -0.000000 1684.067797
-10441987.783385 -0.000000 1696.271186
-10337088.961747 -0.000000 1708.474576
-10219898.609346 -0.000000 1720.677966
-10080360.820349 -0.000000 1732.881356
-9910655.253471 -0.000000 1745.084746
-9693763.070609 -0.000000 1757.288136
-9409484.394524 -0.000000 1769.491525
-9023391.951425 -0.000000 1781.694915
-8486158.656274 -0.000000 1793.898305
-7729514.618062 -0.000000 1806.101695
-6655529.777800 -0.000000 1818.305085
-5148736.580692 -0.000000 1830.508475
-3062571.431292 -0.000000 1842.711864
-271972.300750 -0.000000 1854.915254
3294530.364721 0.000000 1867.118644
7510266.366631 0.000000 1879.322034
11415512.206348 0.000000 1891.525424
13346327.767188 0.000000 1903.728814
14023615.671559 0.000000 1915.932203
12953780.839187 0.000000 1928.135593
-3361755.628805 -0.000000 1940.338983
-18715009.639584 -0.000000 1952.542373
-15701930.715878 -0.000000 1964.745763
-41627590.763891 -0.000000 1976.949153
-27532294.896529 -0.000000 1989.152542
-17334348.196817 -0.000000 2001.355932
-14260961.431243 -0.000000 2013.559322
-12864319.198881 -0.000000 2025.762712
-12394343.432895 -0.000000 2037.966102
-13196264.562719 -0.000000 2050.169492
-14657671.646733 -0.000000 2062.372881
-16550618.389768 -0.000000 2074.576271
-19945936.082659 -0.000000 2086.779661
-23538080.078382 -0.000000 2098.983051
-28682352.979159 -0.000000 2111.186441
-4583294835.721224 -0.000000 2123.389831
-1869397.597939 -0.000000 2135.593220
3508649.780903 0.000000 2147.796610
8247175.923778 0.000000 2160.000000
12408297.517081 0.000000 2172.203390
12445896.488203 0.000000 2184.406780
2974594.808380 0.000000 2196.610169
-2786692.626900 -0.000000 2208.813559
2218353.076168 0.000000 2221.016949
8336836.446341 0.000000 2233.220339
12607913.780736 0.000000 2245.423729
13716829.529890 0.000000 2257.627119
12055741.845313 0.000000 2269.830508
8637374.329485 0.000000 2282.033898
4929163.386059 0.000000 2294.237288
2118536.780525 0.000000 2306.440678
658395.890313 0.000000 2318.644068
432431.511776 0.000000 2330.847458
1058079.598077 0.000000 2343.050847
2148879.200009 0.000000 2355.254237
3401212.755813 0.000000 2367.457627
4640115.422341 0.000000 2379.661017
5792258.997065 0.000000 2391.864407
6821746.334988 0.000000 2404.067797
7710225.746907 0.000000 2416.271186
8450075.753696 0.000000 2428.474576
9065635.430477 0.000000 2440.677966
9579701.594717 0.000000 2452.881356
10020090.765710 0.000000 2465.084746
10399241.483340 0.000000 2477.288136
10731935.499724 0.000000 2489.491525
11023676.105281 0.000000 2501.694915
11283003.289014 0.000000 2513.898305
11513670.189565 0.000000 2526.101695
11719418.920705 0.000000 2538.305085
11901487.994344 0.000000 2550.508475
12053209.942409 0.000000 2562.711864
12167225.469718 0.000000 2574.915254
12234501.115715 0.000000 2587.118644
12281182.115757 0.000000 2599.322034
12345543.349754 0.000000 2611.525424
12454195.248530 0.000000 2623.728814
12566533.359884 0.000000 2635.932203
12650370.555183 0.000000 2648.135593
12707324.149786 0.000000 2660.338983
12778353.596410 0.000000 2672.542373
12865052.869448 0.000000 2684.745763
12949768.861200 0.000000 2696.949153
13014849.100267 0.000000 2709.152542
13064316.796895 0.000000 2721.355932
13104200.622915 0.000000 2733.559322
13129184.508577 0.000000 2745.762712
13127365.147463 0.000000 2757.966102
13082657.985687 0.000000 2770.169492
13018824.044270 0.000000 2782.372881
12973775.336402 0.000000 2794.576271
12959803.528267 0.000000 2806.779661
12882363.187815 0.000000 2818.983051
12607356.084456 0.000000 2831.186441
11993097.807853 0.000000 2843.389831
10929631.795117 0.000000 2855.593220
9242954.628690 0.000000 2867.796610
6684482.443614 0.000000 2880.000000
3238792.120140 0.000000 2892.203390
82348.855709 0.000000 2904.406780
54222.919938 0.000000 2916.610169
7889840.145489 0.000000 2928.813559
22740029.675306 0.000000 2941.016949
30292259.791817 0.000000 2953.220339
30176789.289463 0.000000 2965.423729
30339077.658963 0.000000 2977.627119
30779934.520476 0.000000 2989.830508
30961868.621408 0.000000 3002.033898
31026494.141183 0.000000 3014.237288
30544788.050034 0.000000 3026.440678
30152233.662978 0.000000 3038.644068
30036156.427552 0.000000 3050.847458
29650046.790496 0.000000 3063.050847
29333608.515514 0.000000 3075.254237
29051769.937180 0.000000 3087.457627
28802367.360826 0.000000 3099.661017
28625307.639901 0.000000 3111.864407
28484106.901568 0.000000 3124.067797
28367088.671597 0.000000 3136.271186
28257204.996953 0.000000 3148.474576
28156876.494319 0.000000 3160.677966
28067479.448096 0.000000 3172.881356
28009725.239311 0.000000 3185.084746
27994164.658873 0.000000 3197.288136
28057597.141756 0.000000 3209.491525
28232078.183149 0.000000 3221.694915
28656197.925370 0.000000 3233.898305
29018971.598588 0.000000 3246.101695
28859480.801483 0.000000 3258.305085
30163430.072402 0.000000 3270.508475
33091023.805603 0.000000 3282.711864
34161737.290658 0.000000 3294.915254
32988903.892976 0.000000 3307.118644
30826779.703305 0.000000 3319.322034
29012599.176780 0.000000 3331.525424
28185247.887496 0.000000 3343.728814
19808985.479819 0.000000 3355.932203
-541113.650717 -0.000000 3368.135593
2156760.377496 0.000000 3380.338983
19896.116699 0.000000 3392.542373
34513.056964 0.000000 3404.745763
49093.280967 0.000000 3416.949153
62878.114143 0.000000 3429.152542
75756.795598 0.000000 3441.355932
87365.037027 0.000000 3453.559322
97598.762404 0.000000 3465.762712
106390.576184 0.000000 3477.966102
113796.305970 0.000000 3490.169492
119911.154468 0.000000 3502.372881
124876.215748 0.000000 3514.576271
128836.695879 0.000000 3526.779661
131940.339257 0.000000 3538.983051
134317.503720 0.000000 3551.186441
136082.799085 0.000000 3563.389831
137326.577875 0.000000 3575.593220
138118.203674 0.000000 3587.796610
138502.522563 0.000000 3600.000000
