302420.367443 0.000000 0.000000
303389.810246 0.000000 12.203390
305328.041419 0.000000 24.406780
308243.233917 0.000000 36.610169
312133.611606 0.000000 48.813559
317015.072181 0.000000 61.016949
322884.814985 0.000000 73.220339
329766.210561 0.000000 85.423729
337655.373833 0.000000 97.627119
346582.466739 0.000000 109.830508
356542.417298 0.000000 122.033898
367570.980961 0.000000 134.237288
379661.529036 0.000000 146.440678
392853.377978 0.000000 158.644068
407137.372781 0.000000 170.847458
422552.961970 0.000000 183.050847
439086.272896 0.000000 195.254237
456771.087190 0.000000 207.457627
475584.208496 0.000000 219.661017
495543.842311 0.000000 231.864407
516608.204564 0.000000 244.067797
538762.743481 0.000000 256.271186
561928.906675 0.000000 268.474576
586029.079276 0.000000 280.677966
610912.794593 0.000000 292.881356
636385.024413 0.000000 305.084746
662156.238825 0.000000 317.288136
687815.527225 0.000000 329.491525
712808.070598 0.000000 341.694915
736329.969642 0.000000 353.898305
757332.788482 0.000000 366.101695
774316.797343 0.000000 378.305085
785368.486784 0.000000 390.508475
787859.920640 0.000000 402.711864
778595.127735 0.000000 414.915254
753584.386250 0.000000 427.118644
708654.780547 0.000000 439.322034
639895.401701 0.000000 451.525424
545503.364534 0.000000 463.728814
427495.827170 0.000000 475.932203
294336.993168 0.000000 488.135593
161298.755342 0.000000 500.338983
48578.202590 0.000000 512.542373
-1440310.473292 -0.000000 524.745763
-6875056.238746 -0.000000 536.949153
-12977303.538004 -0.000000 549.152542
-13437879.176797 -0.000000 561.355932
-13113674.405381 -0.000000 573.559322
-12977497.928539 -0.000000 585.762712
-12968001.057178 -0.000000 597.966102
-12962144.971709 -0.000000 610.169492
-12913536.872426 -0.000000 622.372881
-12772910.889202 -0.000000 634.576271
-12609503.210578 -0.000000 646.779661
-12608081.438169 -0.000000 658.983051
-12696149.507550 -0.000000 671.186441
-12739702.007532 -0.000000 683.389831
-12731498.564242 -0.000000 695.593220
-12723391.101149 -0.000000 707.796610
-12696073.217261 -0.000000 720.000000
-12669876.776440 -0.000000 732.203390
-12620176.441057 -0.000000 744.406780
-12553491.473883 -0.000000 756.610169
-12460913.954761 -0.000000 768.813559
-12351836.976817 -0.000000 781.016949
-12216685.130015 -0.000000 793.220339
-12073158.874241 -0.000000 805.423729
-11918263.513712 -0.000000 817.627119
-11759895.187887 -0.000000 829.830508
-11596333.072896 -0.000000 842.033898
-11433430.017759 -0.000000 854.237288
-11269284.961955 -0.000000 866.440678
-11106591.618335 -0.000000 878.644068
-10943259.489216 -0.000000 890.847458
-10780348.994188 -0.000000 903.050847
-10616191.800339 -0.000000 915.254237
-10451165.707315 -0.000000 927.457627
-10284290.703537 -0.000000 939.661017
-10116312.080872 -0.000000 951.864407
-9948153.637471 -0.000000 964.067797
-9782682.333684 -0.000000 976.271186
-9623036.346450 -0.000000 988.474576
-9471518.456620 -0.000000 1000.677966
-9326977.919885 -0.000000 1012.881356
-9184507.966923 -0.000000 1025.084746
-9037661.965042 -0.000000 1037.288136
-8881944.285127 -0.000000 1049.491525
-8717052.387022 -0.000000 1061.694915
-8545730.216703 -0.000000 1073.898305
-8371842.042605 -0.000000 1086.101695
-8198051.696789 -0.000000 1098.305085
-8025833.487968 -0.000000 1110.508475
-7855226.187314 -0.000000 1122.711864
-7686035.648894 -0.000000 1134.915254
-7517599.745926 -0.000000 1147.118644
-7349814.945396 -0.000000 1159.322034
-7182707.217478 -0.000000 1171.525424
-7017381.055428 -0.000000 1183.728814
-6855143.566970 -0.000000 1195.932203
-6697461.628033 -0.000000 1208.135593
-6544025.575617 -0.000000 1220.338983
-6392765.584736 -0.000000 1232.542373
-6239984.399524 -0.000000 1244.745763
-6082961.451909 -0.000000 1256.949153
-5920866.074090 -0.000000 1269.152542
-5755176.462311 -0.000000 1281.355932
-5587915.322139 -0.000000 1293.559322
-5420870.706423 -0.000000 1305.762712
-5254823.936801 -0.000000 1317.966102
-5089971.575256 -0.000000 1330.169492
-4926071.060365 -0.000000 1342.372881
-4762761.461711 -0.000000 1354.576271
-4599673.850044 -0.000000 1366.779661
-4436375.579630 -0.000000 1378.983051
-4272604.288285 -0.000000 1391.186441
-4108090.857541 -0.000000 1403.389831
-3943162.061039 -0.000000 1415.593220
-3778548.487227 -0.000000 1427.796610
-3616026.466015 -0.000000 1440.000000
-3457246.955716 -0.000000 1452.203390
-3303264.746497 -0.000000 1464.406780
-3152603.169820 -0.000000 1476.610169
-3002293.755059 -0.000000 1488.813559
-2848651.009313 -0.000000 1501.016949
-2690203.103907 -0.000000 1513.220339
-2527192.460936 -0.000000 1525.423729
-2361732.431292 -0.000000 1537.627119
-2195364.963359 -0.000000 1549.830508
-2029501.184835 -0.000000 1562.033898
-1864205.471419 -0.000000 1574.237288
-1699684.762682 -0.000000 1586.440678
-1535412.741352 -0.000000 1598.644068
-1371616.007428 -0.000000 1610.847458
-1208377.986416 -0.000000 1623.050847
-1047009.614533 -0.000000 1635.254237
-888793.572664 -0.000000 1647.457627
-735307.826578 -0.000000 1659.661017
-586222.577680 -0.000000 1671.864407
-439579.621174 -0.000000 1684.067797
-291713.112819 -0.000000 1696.271186
-139918.833555 -0.000000 1708.474576
16729.224002 0.000000 1720.677966
177020.540690 0.000000 1732.881356
339244.969173 0.000000 1745.084746
502236.564926 0.000000 1757.288136
665889.734721 0.000000 1769.491525
831310.379927 0.000000 1781.694915
1000394.881985 0.000000 1793.898305
1176386.556290 0.000000 1806.101695
1363788.466771 0.000000 1818.305085
1569634.497126 0.000000 1830.508475
1804294.644354 0.000000 1842.711864
2083486.040091 0.000000 1854.915254
2430778.752223 0.000000 1867.118644
2881010.313337 0.000000 1879.322034
3484504.071143 0.000000 1891.525424
4310675.771466 0.000000 1903.728814
5440973.073110 0.000000 1915.932203
6964009.972387 0.000000 1928.135593
8757114.190063 0.000000 1940.338983
11350359.340552 0.000000 1952.542373
13472853.634300 0.000000 1964.745763
13435741.117156 0.000000 1976.949153
13591697.580196 0.000000 1989.152542
12515587.042652 0.000000 2001.355932
4799308.030775 0.000000 2013.559322
-7966117.879883 -0.000000 2025.762712
-20624322.422788 -0.000000 2037.966102
-49184430.735821 -0.000000 2050.169492
-33592815.971078 -0.000000 2062.372881
-19158304.139522 -0.000000 2074.576271
-14973495.342256 -0.000000 2086.779661
-13856562.652133 -0.000000 2098.983051
-15041414.530319 -0.000000 2111.186441
-17477446.218928 -0.000000 2123.389831
-19705664.416333 -0.000000 2135.593220
-21477863.364925 -0.000000 2147.796610
-22842670.988778 -0.000000 2160.000000
-23830081.661678 -0.000000 2172.203390
-24265642.454375 -0.000000 2184.406780
-24334867.365797 -0.000000 2196.610169
-20315461.249992 -0.000000 2208.813559
-46626410.631921 -0.000000 2221.016949
-980176525.791230 -0.000000 2233.220339
-2018491.341158 -0.000000 2245.423729
5913772.128273 0.000000 2257.627119
10370417.288108 0.000000 2269.830508
12171643.530691 0.000000 2282.033898
11985659.720707 0.000000 2294.237288
9629173.135338 0.000000 2306.440678
6174517.966816 0.000000 2318.644068
3021419.734955 0.000000 2330.847458
1046859.482002 0.000000 2343.050847
380105.805222 0.000000 2355.254237
674254.172240 0.000000 2367.457627
1475319.190159 0.000000 2379.661017
2464593.587673 0.000000 2391.864407
3450987.888378 0.000000 2404.067797
4364441.404743 0.000000 2416.271186
5178172.550904 0.000000 2428.474576
5901935.010331 0.000000 2440.677966
6544731.973055 0.000000 2452.881356
7121928.582657 0.000000 2465.084746
7642014.661578 0.000000 2477.288136
8113988.745447 0.000000 2489.491525
8543122.884331 0.000000 2501.694915
8934591.058451 0.000000 2513.898305
9292204.843383 0.000000 2526.101695
9619507.601517 0.000000 2538.305085
9919609.851543 0.000000 2550.508475
10195228.384335 0.000000 2562.711864
10448731.285902 0.000000 2574.915254
10682107.646810 0.000000 2587.118644
10896932.846157 0.000000 2599.322034
11094795.306275 0.000000 2611.525424
11276766.556495 0.000000 2623.728814
11444348.218345 0.000000 2635.932203
11598098.308306 0.000000 2648.135593
11739361.970340 0.000000 2660.338983
11868088.660577 0.000000 2672.542373
11985713.554474 0.000000 2684.745763
12092135.438415 0.000000 2696.949153
12189541.496833 0.000000 2709.152542
12278297.268274 0.000000 2721.355932
12361066.856024 0.000000 2733.559322
12438018.597481 0.000000 2745.762712
12510477.894520 0.000000 2757.966102
12575704.287004 0.000000 2770.169492
12627803.196521 0.000000 2782.372881
12655660.900662 0.000000 2794.576271
12650938.415156 0.000000 2806.779661
12619261.519860 0.000000 2818.983051
12563296.991734 0.000000 2831.186441
12445023.101030 0.000000 2843.389831
12161046.964883 0.000000 2855.593220
11581131.085756 0.000000 2867.796610
10552931.971448 0.000000 2880.000000
8897064.267992 0.000000 2892.203390
6396825.075245 0.000000 2904.406780
3116961.928960 0.000000 2916.610169
138294.192015 0.000000 2928.813559
106589.122288 0.000000 2941.016949
6976747.715975 0.000000 2953.220339
21567942.337940 0.000000 2965.423729
30196129.533243 0.000000 2977.627119
30136473.985861 0.000000 2989.830508
30317780.184432 0.000000 3002.033898
30865217.040697 0.000000 3014.237288
31184232.966273 0.000000 3026.440678
31283509.192130 0.000000 3038.644068
30810346.186967 0.000000 3050.847458
30417333.100230 0.000000 3063.050847
30192199.794015 0.000000 3075.254237
29767613.229204 0.000000 3087.457627
29454368.074125 0.000000 3099.661017
29176111.674269 0.000000 3111.864407
28967188.462439 0.000000 3124.067797
28817159.372696 0.000000 3136.271186
28700174.794394 0.000000 3148.474576
28603477.543456 0.000000 3160.677966
28519364.894016 0.000000 3172.881356
28444687.896103 0.000000 3185.084746
28379315.366764 0.000000 3197.288136
28329410.780809 0.000000 3209.491525
28305569.714722 0.000000 3221.694915
28337222.663979 0.000000 3233.898305
28447798.098575 0.000000 3246.101695
28755050.103771 0.000000 3258.305085
29131909.139230 0.000000 3270.508475
29105649.944045 0.000000 3282.711864
29680073.403311 0.000000 3294.915254
32139582.213613 0.000000 3307.118644
33902519.201760 0.000000 3319.322034
33876051.200357 0.000000 3331.525424
32189422.989479 0.000000 3343.728814
31444629.120005 0.000000 3355.932203
30059307.363090 0.000000 3368.135593
30776869.591389 0.000000 3380.338983
1445744.807547 0.000000 3392.542373
16206399.726673 0.000000 3404.745763
17007.201141 0.000000 3416.949153
28668.857338 0.000000 3429.152542
40702.910993 0.000000 3441.355932
51746.282471 0.000000 3453.559322
62037.237194 0.000000 3465.762712
71225.137148 0.000000 3477.966102
79279.152583 0.000000 3490.169492
86158.653465 0.000000 3502.372881
91913.169018 0.000000 3514.576271
96626.525490 0.000000 3526.779661
100401.717963 0.000000 3538.983051
103350.768886 0.000000 3551.186441
105574.187374 0.000000 3563.389831
107161.685906 0.000000 3575.593220
108180.652214 0.000000 3587.796610
108678.501297 0.000000 3600.000000
