422081.849910 0.000000 0.000000
423248.488681 0.000000 12.203390
425581.677222 0.000000 24.406780
429081.208074 0.000000 36.610169
433746.241194 0.000000 48.813559
439574.605291 0.000000 61.016949
446562.303404 0.000000 73.220339
454701.803055 0.000000 85.423729
463980.824418 0.000000 97.627119
474379.646173 0.000000 109.830508
485868.231396 0.000000 122.033898
498401.956465 0.000000 134.237288
511915.663197 0.000000 146.440678
526316.402872 0.000000 158.644068
541472.073739 0.000000 170.847458
557198.307494 0.000000 183.050847
573237.705367 0.000000 195.254237
589235.583552 0.000000 207.457627
604703.318023 0.000000 219.661017
618974.721002 0.000000 231.864407
631145.336819 0.000000 244.067797
640002.509823 0.000000 256.271186
643942.597997 0.000000 268.474576
640896.822509 0.000000 280.677966
628295.518254 0.000000 292.881356
603144.813789 0.000000 305.084746
562330.795956 0.000000 317.288136
503298.278740 0.000000 329.491525
425209.986554 0.000000 341.694915
330462.242987 0.000000 353.898305
226015.877390 0.000000 366.101695
123509.961991 0.000000 378.305085
165904171.932957 0.000000 390.508475
-3020487.868204 -0.000000 402.711864
-11004896.385075 -0.000000 414.915254
-13773835.369623 -0.000000 427.118644
-13201842.707786 -0.000000 439.322034
-12965167.729284 -0.000000 451.525424
-12891392.900556 -0.000000 463.728814
-12902702.117632 -0.000000 475.932203
-12903238.190674 -0.000000 488.135593
-12847204.694025 -0.000000 500.338983
-12728358.690205 -0.000000 512.542373
-12632936.911522 -0.000000 524.745763
-12635014.057319 -0.000000 536.949153
-12712034.389916 -0.000000 549.152542
-12779654.332273 -0.000000 561.355932
-12802574.226410 -0.000000 573.559322
-12808340.302742 -0.000000 585.762712
-12805573.219850 -0.000000 597.966102
-12802607.324189 -0.000000 610.169492
-12795089.012016 -0.000000 622.372881
-12791244.324106 -0.000000 634.576271
-12789475.061869 -0.000000 646.779661
-12794847.126891 -0.000000 658.983051
-12792706.140845 -0.000000 671.186441
-12783763.071605 -0.000000 683.389831
-12770139.041820 -0.000000 695.593220
-12745424.813112 -0.000000 707.796610
-12719832.334666 -0.000000 720.000000
-12692883.784484 -0.000000 732.203390
-12661790.382868 -0.000000 744.406780
-12629137.450988 -0.000000 756.610169
-12590900.186747 -0.000000 768.813559
-12539231.649171 -0.000000 781.016949
-12471409.438847 -0.000000 793.220339
-12376761.109305 -0.000000 805.423729
-12245481.502745 -0.000000 817.627119
-12083785.744398 -0.000000 829.830508
-11940690.669190 -0.000000 842.033898
-11852366.734786 -0.000000 854.237288
-11783446.573243 -0.000000 866.440678
-11690039.665441 -0.000000 878.644068
-11576096.500259 -0.000000 890.847458
-11454838.579093 -0.000000 903.050847
-11331733.834269 -0.000000 915.254237
-11207669.579417 -0.000000 927.457627
-11083606.304252 -0.000000 939.661017
-10959798.443434 -0.000000 951.864407
-10836449.285661 -0.000000 964.067797
-10713384.955679 -0.000000 976.271186
-10590677.371665 -0.000000 988.474576
-10468094.877843 -0.000000 1000.677966
-10345727.964958 -0.000000 1012.881356
-10223381.251127 -0.000000 1025.084746
-10101175.663325 -0.000000 1037.288136
-9978959.644282 -0.000000 1049.491525
-9856872.922359 -0.000000 1061.694915
-9734807.176107 -0.000000 1073.898305
-9612915.746000 -0.000000 1086.101695
-9491138.193459 -0.000000 1098.305085
-9369648.488442 -0.000000 1110.508475
-9248419.225898 -0.000000 1122.711864
-9127657.135505 -0.000000 1134.915254
-9007239.211861 -0.000000 1147.118644
-8887374.687191 -0.000000 1159.322034
-8767402.834666 -0.000000 1171.525424
-8647243.991047 -0.000000 1183.728814
-8525562.283518 -0.000000 1195.932203
-8397889.890519 -0.000000 1208.135593
-8252527.561849 -0.000000 1220.338983
-8095129.024839 -0.000000 1232.542373
-7966525.296467 -0.000000 1244.745763
-7871575.257410 -0.000000 1256.949153
-7768768.142386 -0.000000 1269.152542
-7647898.621341 -0.000000 1281.355932
-7521845.440262 -0.000000 1293.559322
-7402478.708822 -0.000000 1305.762712
-7292170.048069 -0.000000 1317.966102
-7188163.273163 -0.000000 1330.169492
-7079493.946701 -0.000000 1342.372881
-6961171.324653 -0.000000 1354.576271
-6830914.994800 -0.000000 1366.779661
-6696925.076022 -0.000000 1378.983051
-6562820.982174 -0.000000 1391.186441
-6436225.649768 -0.000000 1403.389831
-6316934.134132 -0.000000 1415.593220
-6204779.366614 -0.000000 1427.796610
-6089817.044628 -0.000000 1440.000000
-5967637.745342 -0.000000 1452.203390
-5839213.069798 -0.000000 1464.406780
-5711593.022474 -0.000000 1476.610169
-5587827.472412 -0.000000 1488.813559
-5467135.938147 -0.000000 1501.016949
-5348384.961577 -0.000000 1513.220339
-5229609.391252 -0.000000 1525.423729
-5111430.955247 -0.000000 1537.627119
-4992555.550425 -0.000000 1549.830508
-4874216.443887 -0.000000 1562.033898
-4755275.629861 -0.000000 1574.237288
-4636921.430551 -0.000000 1586.440678
-4518257.598467 -0.000000 1598.644068
-4400258.372137 -0.000000 1610.847458
-4282419.347195 -0.000000 1623.050847
-4165634.141711 -0.000000 1635.254237
-4050076.008260 -0.000000 1647.457627
-3937123.785168 -0.000000 1659.661017
-3828383.565196 -0.000000 1671.864407
-3727121.305738 -0.000000 1684.067797
-3638228.650167 -0.000000 1696.271186
-3569789.845166 -0.000000 1708.474576
-3533595.444587 -0.000000 1720.677966
-3547279.827147 -0.000000 1732.881356
-3633788.038625 -0.000000 1745.084746
-3823386.831146 -0.000000 1757.288136
-4146162.840395 -0.000000 1769.491525
-4634737.913943 -0.000000 1781.694915
-5299659.260805 -0.000000 1793.898305
-6176810.484772 -0.000000 1806.101695
-7249834.725709 -0.000000 1818.305085
-8581279.252935 -0.000000 1830.508475
-5487842.923731 -0.000000 1842.711864
2093673.353609 0.000000 1854.915254
4729655.049453 0.000000 1867.118644
2672952.807849 0.000000 1879.322034
1147826.576748 0.000000 1891.525424
933740.565839 0.000000 1903.728814
5008153.264278 0.000000 1915.932203
12855823.276113 0.000000 1928.135593
15324415.749435 0.000000 1940.338983
14156949.653960 0.000000 1952.542373
13823907.413007 0.000000 1964.745763
13786228.969358 0.000000 1976.949153
13571705.243901 0.000000 1989.152542
13340748.689023 0.000000 2001.355932
12947788.138843 0.000000 2013.559322
13115429.630113 0.000000 2025.762712
21610872.292379 0.000000 2037.966102
322914.016641 0.000000 2050.169492
-28874149.424302 -0.000000 2062.372881
-23283896.107448 -0.000000 2074.576271
-22244918.285286 -0.000000 2086.779661
-16158237.417591 -0.000000 2098.983051
-13843520.362566 -0.000000 2111.186441
-13496471.337666 -0.000000 2123.389831
-14946321.181843 -0.000000 2135.593220
-16962820.794732 -0.000000 2147.796610
-18606997.405568 -0.000000 2160.000000
-19871505.679906 -0.000000 2172.203390
-20735079.610819 -0.000000 2184.406780
-21092371.687212 -0.000000 2196.610169
-20991767.829837 -0.000000 2208.813559
-18729581.971162 -0.000000 2221.016949
-24346374.423967 -0.000000 2233.220339
-1390983842.589319 -0.000000 2245.423729
-2363846.132195 -0.000000 2257.627119
12045300.911678 0.000000 2269.830508
19107610.522808 0.000000 2282.033898
16870373.647499 0.000000 2294.237288
16643944.952306 0.000000 2306.440678
16826981.001395 0.000000 2318.644068
15459540.529026 0.000000 2330.847458
9881185.331561 0.000000 2343.050847
4551388.844705 0.000000 2355.254237
2273555.826507 0.000000 2367.457627
2008517.277760 0.000000 2379.661017
2887463.033399 0.000000 2391.864407
4224965.341785 0.000000 2404.067797
5602125.709545 0.000000 2416.271186
6842463.633846 0.000000 2428.474576
7892957.534462 0.000000 2440.677966
8760652.815889 0.000000 2452.881356
9484733.279214 0.000000 2465.084746
10091245.123066 0.000000 2477.288136
10617534.839786 0.000000 2489.491525
11074603.824465 0.000000 2501.694915
11485423.774558 0.000000 2513.898305
11851119.734332 0.000000 2526.101695
12185358.789188 0.000000 2538.305085
12486443.417914 0.000000 2550.508475
12763032.068736 0.000000 2562.711864
13014015.899706 0.000000 2574.915254
13244953.180002 0.000000 2587.118644
13456061.920267 0.000000 2599.322034
13650191.405851 0.000000 2611.525424
13828736.106646 0.000000 2623.728814
13991959.887296 0.000000 2635.932203
14141299.423897 0.000000 2648.135593
14271526.642113 0.000000 2660.338983
14377950.000177 0.000000 2672.542373
14450027.357958 0.000000 2684.745763
14497804.647111 0.000000 2696.949153
14547922.802394 0.000000 2709.152542
14632554.385375 0.000000 2721.355932
14742931.618240 0.000000 2733.559322
14849224.076583 0.000000 2745.762712
14932858.871215 0.000000 2757.966102
14996410.227000 0.000000 2770.169492
15048359.381545 0.000000 2782.372881
15082081.120747 0.000000 2794.576271
15085466.177529 0.000000 2806.779661
15040930.565672 0.000000 2818.983051
14975503.114370 0.000000 2831.186441
14934639.718145 0.000000 2843.389831
14939904.942167 0.000000 2855.593220
14906063.875492 0.000000 2867.796610
14711135.849472 0.000000 2880.000000
14228175.747879 0.000000 2892.203390
13350942.814269 0.000000 2904.406780
11857633.704384 0.000000 2916.610169
9327886.844472 0.000000 2928.813559
5430529.972051 0.000000 2941.016949
1335007.627900 0.000000 2953.220339
321102.430656 0.000000 2965.423729
8015676.499774 0.000000 2977.627119
23641439.283027 0.000000 2989.830508
30718367.195940 0.000000 3002.033898
30396910.887931 0.000000 3014.237288
30672276.526537 0.000000 3026.440678
31149277.698966 0.000000 3038.644068
31300034.923903 0.000000 3050.847458
31343149.080711 0.000000 3063.050847
30962162.403162 0.000000 3075.254237
30490155.809921 0.000000 3087.457627
30362220.294327 0.000000 3099.661017
30046001.280504 0.000000 3111.864407
29699364.982127 0.000000 3124.067797
29425061.952682 0.000000 3136.271186
29165643.625002 0.000000 3148.474576
28982203.240035 0.000000 3160.677966
28838103.296714 0.000000 3172.881356
28722700.388255 0.000000 3185.084746
28618343.842168 0.000000 3197.288136
28524288.633859 0.000000 3209.491525
28436115.956756 0.000000 3221.694915
28365685.284439 0.000000 3233.898305
28323878.345348 0.000000 3246.101695
28350711.472235 0.000000 3258.305085
28485519.764321 0.000000 3270.508475
28877126.770397 0.000000 3282.711864
29241726.782775 0.000000 3294.915254
29044140.154336 0.000000 3307.118644
30287727.521481 0.000000 3319.322034
33322369.002220 0.000000 3331.525424
34543628.554916 0.000000 3343.728814
33415795.734102 0.000000 3355.932203
31248574.130799 0.000000 3368.135593
29460538.950061 0.000000 3380.338983
28674220.053491 0.000000 3392.542373
19850864.577644 0.000000 3404.745763
-390368.191857 -0.000000 3416.949153
6056292.828059 0.000000 3429.152542
56916.425697 0.000000 3441.355932
94934.698104 0.000000 3453.559322
131571.021135 0.000000 3465.762712
165653.811692 0.000000 3477.966102
196810.650525 0.000000 3490.169492
224466.377949 0.000000 3502.372881
248436.840339 0.000000 3514.576271
268667.862509 0.000000 3526.779661
285307.267141 0.000000 3538.983051
298579.770466 0.000000 3551.186441
308765.891577 0.000000 3563.389831
316130.840510 0.000000 3575.593220
320904.724893 0.000000 3587.796610
323248.938258 0.000000 3600.000000
