8240.301959 0.000000 0.000000
8245.751392 0.000000 12.203390
8256.571338 0.000000 24.406780
8273.010859 0.000000 36.610169
8295.066048 0.000000 48.813559
8322.857926 0.000000 61.016949
8356.550071 0.000000 73.220339
8396.301065 0.000000 85.423729
8442.356066 0.000000 97.627119
8494.927163 0.000000 109.830508
8554.337886 0.000000 122.033898
8620.859514 0.000000 134.237288
8694.897878 0.000000 146.440678
8776.787089 0.000000 158.644068
8867.019592 0.000000 170.847458
8965.996318 0.000000 183.050847
9074.301312 0.000000 195.254237
9192.406117 0.000000 207.457627
9320.991751 0.000000 219.661017
9460.603785 0.000000 231.864407
9612.025675 0.000000 244.067797
9775.880768 0.000000 256.271186
9953.060839 0.000000 268.474576
10144.270664 0.000000 280.677966
10350.517786 0.000000 292.881356
10572.592587 0.000000 305.084746
10811.625983 0.000000 317.288136
11068.499845 0.000000 329.491525
11344.478515 0.000000 341.694915
11640.541938 0.000000 353.898305
11958.101041 0.000000 366.101695
12298.242737 0.000000 378.305085
12662.539408 0.000000 390.508475
13052.196968 0.000000 402.711864
13468.968723 0.000000 414.915254
13914.192857 0.000000 427.118644
14389.827422 0.000000 439.322034
14897.360638 0.000000 451.525424
15438.981683 0.000000 463.728814
16016.349528 0.000000 475.932203
16631.916869 0.000000 488.135593
17287.535519 0.000000 500.338983
17985.958718 0.000000 512.542373
18729.257471 0.000000 524.745763
19520.525349 0.000000 536.949153
20362.080954 0.000000 549.152542
21257.404044 0.000000 561.355932
22209.089583 0.000000 573.559322
23221.053121 0.000000 585.762712
24296.198129 0.000000 597.966102
25438.929035 0.000000 610.169492
26652.489004 0.000000 622.372881
27941.829790 0.000000 634.576271
29310.566192 0.000000 646.779661
30764.259014 0.000000 658.983051
32306.926852 0.000000 671.186441
33944.805556 0.000000 683.389831
35682.347341 0.000000 695.593220
37526.534384 0.000000 707.796610
39482.281596 0.000000 720.000000
41557.392885 0.000000 732.203390
43757.272353 0.000000 744.406780
46090.626265 0.000000 756.610169
48563.371162 0.000000 768.813559
51185.203088 0.000000 781.016949
53962.570912 0.000000 793.220339
56906.253616 0.000000 805.423729
60023.248667 0.000000 817.627119
63325.520290 0.000000 829.830508
66820.624655 0.000000 842.033898
70521.822451 0.000000 854.237288
74437.234911 0.000000 866.440678
78581.541215 0.000000 878.644068
82963.428060 0.000000 890.847458
87599.127935 0.000000 903.050847
92497.886013 0.000000 915.254237
97677.637691 0.000000 927.457627
103148.171689 0.000000 939.661017
108929.291975 0.000000 951.864407
115031.307673 0.000000 964.067797
121476.074211 0.000000 976.271186
128274.386341 0.000000 988.474576
135450.350696 0.000000 1000.677966
143015.199857 0.000000 1012.881356
150995.510521 0.000000 1025.084746
159402.887784 0.000000 1037.288136
168266.611071 0.000000 1049.491525
177598.571106 0.000000 1061.694915
187430.992025 0.000000 1073.898305
197775.934327 0.000000 1086.101695
208668.807114 0.000000 1098.305085
220121.683423 0.000000 1110.508475
232173.372698 0.000000 1122.711864
244835.741638 0.000000 1134.915254
258151.154228 0.000000 1147.118644
272130.954499 0.000000 1159.322034
286821.082917 0.000000 1171.525424
302231.886288 0.000000 1183.728814
318412.654605 0.000000 1195.932203
335371.988767 0.000000 1208.135593
353161.847059 0.000000 1220.338983
371787.852335 0.000000 1232.542373
391303.135322 0.000000 1244.745763
411708.246900 0.000000 1256.949153
433054.542741 0.000000 1269.152542
455333.824560 0.000000 1281.355932
478590.136096 0.000000 1293.559322
502799.922469 0.000000 1305.762712
527989.726330 0.000000 1317.966102
554108.514610 0.000000 1330.169492
581146.663865 0.000000 1342.372881
609003.071671 0.000000 1354.576271
637597.646747 0.000000 1366.779661
666736.548441 0.000000 1378.983051
696205.749347 0.000000 1391.186441
725637.533863 0.000000 1403.389831
754566.033976 0.000000 1415.593220
782296.082527 0.000000 1427.796610
807893.451401 0.000000 1440.000000
830054.559373 0.000000 1452.203390
847001.732935 0.000000 1464.406780
856366.075424 0.000000 1476.610169
855004.343764 0.000000 1488.813559
839028.047759 0.000000 1501.016949
803824.722497 0.000000 1513.220339
744826.572727 0.000000 1525.423729
658613.512161 0.000000 1537.627119
545305.475649 0.000000 1549.830508
410752.284776 0.000000 1562.033898
268353.479559 0.000000 1574.237288
137485.870395 0.000000 1586.440678
10313259.010592 0.000000 1598.644068
-370626.566534 -0.000000 1610.847458
-6883112.259076 -0.000000 1623.050847
-13019348.928495 -0.000000 1635.254237
-13347214.805773 -0.000000 1647.457627
-12999259.423781 -0.000000 1659.661017
-12934171.985742 -0.000000 1671.864407
-12947765.381731 -0.000000 1684.067797
-13022086.120462 -0.000000 1696.271186
-12840504.717939 -0.000000 1708.474576
-12059493.954719 -0.000000 1720.677966
-11327383.780405 -0.000000 1732.881356
-10484509.402897 -0.000000 1745.084746
-9175354.023776 -0.000000 1757.288136
-7414075.703764 -0.000000 1769.491525
-5096659.203338 -0.000000 1781.694915
-2162714.341594 -0.000000 1793.898305
1318343.668476 0.000000 1806.101695
5125990.549061 0.000000 1818.305085
8795005.159992 0.000000 1830.508475
11714772.624417 0.000000 1842.711864
13242477.679942 0.000000 1854.915254
12354407.291477 0.000000 1867.118644
3139994.696249 0.000000 1879.322034
-11909446.246754 -0.000000 1891.525424
-16430397.504991 -0.000000 1903.728814
-77006258.712810 -0.000000 1915.932203
-29768407.684097 -0.000000 1928.135593
-17515351.965901 -0.000000 1940.338983
-14290274.949876 -0.000000 1952.542373
-13403543.681839 -0.000000 1964.745763
-14255284.524413 -0.000000 1976.949153
-16320311.473151 -0.000000 1989.152542
-18538067.660949 -0.000000 2001.355932
-20683297.828064 -0.000000 2013.559322
-22762927.904913 -0.000000 2025.762712
-24759917.871954 -0.000000 2037.966102
-26736744.557969 -0.000000 2050.169492
-28831079.582884 -0.000000 2062.372881
-31584377.654623 -0.000000 2074.576271
-28609385.270847 -0.000000 2086.779661
-36515885.521333 -0.000000 2098.983051
-32310342.098973 -0.000000 2111.186441
-7956985.694872 -0.000000 2123.389831
-12428697.276249 -0.000000 2135.593220
226817.716263 0.000000 2147.796610
27551495.647615 0.000000 2160.000000
6294006.903006 0.000000 2172.203390
7099882.576610 0.000000 2184.406780
22503214.607448 0.000000 2196.610169
142283435.215563 0.000000 2208.813559
25716229.064549 0.000000 2221.016949
10062426.666222 0.000000 2233.220339
11722723.026350 0.000000 2245.423729
9559423.733541 0.000000 2257.627119
6442538.418142 0.000000 2269.830508
3855654.014380 0.000000 2282.033898
2392495.719918 0.000000 2294.237288
2076436.199321 0.000000 2306.440678
2570871.488427 0.000000 2318.644068
3492196.653784 0.000000 2330.847458
4560440.269185 0.000000 2343.050847
5602970.362802 0.000000 2355.254237
6558069.994904 0.000000 2367.457627
7416737.124312 0.000000 2379.661017
8187014.805657 0.000000 2391.864407
8851820.721143 0.000000 2404.067797
9409720.473628 0.000000 2416.271186
9869856.547143 0.000000 2428.474576
10256032.982440 0.000000 2440.677966
10584627.419838 0.000000 2452.881356
10869115.238060 0.000000 2465.084746
11117410.377220 0.000000 2477.288136
11334703.288642 0.000000 2489.491525
11526218.124364 0.000000 2501.694915
11693593.488797 0.000000 2513.898305
11841464.237323 0.000000 2526.101695
11969700.746001 0.000000 2538.305085
12082707.539176 0.000000 2550.508475
12179645.889894 0.000000 2562.711864
12264697.858914 0.000000 2574.915254
12337427.820863 0.000000 2587.118644
12401502.013756 0.000000 2599.322034
12457595.268777 0.000000 2611.525424
12507544.882308 0.000000 2623.728814
12551609.253617 0.000000 2635.932203
12584236.109934 0.000000 2648.135593
12600393.874584 0.000000 2660.338983
12592178.110142 0.000000 2672.542373
12574942.136912 0.000000 2684.745763
12560704.521391 0.000000 2696.949153
12555307.507934 0.000000 2709.152542
12536316.270213 0.000000 2721.355932
12514300.348286 0.000000 2733.559322
12514174.421059 0.000000 2745.762712
12573106.116653 0.000000 2757.966102
12662982.844700 0.000000 2770.169492
12714527.074297 0.000000 2782.372881
12642273.390913 0.000000 2794.576271
12376655.051377 0.000000 2806.779661
11829442.686480 0.000000 2818.983051
10900742.144892 0.000000 2831.186441
9485053.298768 0.000000 2843.389831
7416664.906532 0.000000 2855.593220
4573044.312508 0.000000 2867.796610
1342317.812125 0.000000 2880.000000
-180728.894167 -0.000000 2892.203390
4169342.858466 0.000000 2904.406780
17063636.835409 0.000000 2916.610169
28647177.826971 0.000000 2928.813559
29876608.431770 0.000000 2941.016949
29898123.681691 0.000000 2953.220339
30364950.049442 0.000000 2965.423729
30629378.579138 0.000000 2977.627119
30783698.842761 0.000000 2989.830508
30450974.637054 0.000000 3002.033898
29935026.686251 0.000000 3014.237288
29740500.554966 0.000000 3026.440678
29386734.272649 0.000000 3038.644068
29060795.362593 0.000000 3050.847458
28800426.847434 0.000000 3063.050847
28558613.614570 0.000000 3075.254237
28399713.760436 0.000000 3087.457627
28270093.875312 0.000000 3099.661017
28162625.894357 0.000000 3111.864407
28052661.211232 0.000000 3124.067797
27944223.600214 0.000000 3136.271186
27826910.644508 0.000000 3148.474576
27709571.465963 0.000000 3160.677966
27607487.262016 0.000000 3172.881356
27555370.022764 0.000000 3185.084746
27619415.334599 0.000000 3197.288136
27900685.856720 0.000000 3209.491525
28407037.445510 0.000000 3221.694915
28323916.192563 0.000000 3233.898305
28751405.351062 0.000000 3246.101695
31637174.539709 0.000000 3258.305085
33981697.484561 0.000000 3270.508475
33448077.731878 0.000000 3282.711864
31753447.522988 0.000000 3294.915254
29869582.220433 0.000000 3307.118644
27059955.620608 0.000000 3319.322034
27943807.563421 0.000000 3331.525424
8011037.724882 0.000000 3343.728814
6605724.209638 0.000000 3355.932203
9774.115900 0.000000 3368.135593
18028.869349 0.000000 3380.338983
26191.503350 0.000000 3392.542373
33803.794195 0.000000 3404.745763
40984.500951 0.000000 3416.949153
47435.611982 0.000000 3429.152542
53154.739678 0.000000 3441.355932
58069.164628 0.000000 3453.559322
62227.921145 0.000000 3465.762712
65670.820536 0.000000 3477.966102
68483.898746 0.000000 3490.169492
70743.945263 0.000000 3502.372881
72538.465512 0.000000 3514.576271
73941.299177 0.000000 3526.779661
75022.663913 0.000000 3538.983051
75838.684428 0.000000 3551.186441
76437.584940 0.000000 3563.389831
76855.310648 0.000000 3575.593220
77119.427094 0.000000 3587.796610
77247.002201 0.000000 3600.000000
