12611.262572 0.000000 0.000000
12681.519761 0.000000 12.203390
12822.116970 0.000000 24.406780
13034.017694 0.000000 36.610169
13317.633505 0.000000 48.813559
13674.638399 0.000000 61.016949
14105.839007 0.000000 73.220339
14613.755429 0.000000 85.423729
15199.532415 0.000000 97.627119
15866.577417 0.000000 109.830508
16616.374080 0.000000 122.033898
17453.261473 0.000000 134.237288
18379.068334 0.000000 146.440678
19399.117868 0.000000 158.644068
20515.589443 0.000000 170.847458
21734.853378 0.000000 183.050847
23059.444380 0.000000 195.254237
24496.852952 0.000000 207.457627
26049.972047 0.000000 219.661017
27727.495597 0.000000 231.864407
29532.674914 0.000000 244.067797
31475.502061 0.000000 256.271186
33559.583521 0.000000 268.474576
35796.315764 0.000000 280.677966
38189.654388 0.000000 292.881356
40752.519515 0.000000 305.084746
43489.204708 0.000000 317.288136
46414.287996 0.000000 329.491525
49532.386300 0.000000 341.694915
52859.884780 0.000000 353.898305
56401.705580 0.000000 366.101695
60176.207894 0.000000 378.305085
64188.595444 0.000000 390.508475
68459.387828 0.000000 402.711864
72994.043592 0.000000 414.915254
77815.447254 0.000000 427.118644
82929.282069 0.000000 439.322034
88361.024767 0.000000 451.525424
94116.547802 0.000000 463.728814
100224.168243 0.000000 475.932203
106689.911443 0.000000 488.135593
113545.201333 0.000000 500.338983
120796.178599 0.000000 512.542373
128477.661397 0.000000 524.745763
136595.867251 0.000000 536.949153
145189.309840 0.000000 549.152542
154264.250548 0.000000 561.355932
163863.206101 0.000000 573.559322
173992.455740 0.000000 585.762712
184698.826216 0.000000 597.966102
195988.599708 0.000000 610.169492
207913.197684 0.000000 622.372881
220478.907625 0.000000 634.576271
233741.984209 0.000000 646.779661
247708.737918 0.000000 658.983051
262440.406832 0.000000 671.186441
277943.351582 0.000000 683.389831
294283.788109 0.000000 695.593220
311468.141779 0.000000 707.796610
329567.347900 0.000000 720.000000
348587.838197 0.000000 732.203390
368604.584993 0.000000 744.406780
389623.770194 0.000000 756.610169
411723.041335 0.000000 768.813559
434907.630875 0.000000 781.016949
459255.374665 0.000000 793.220339
484768.927967 0.000000 805.423729
511521.958187 0.000000 817.627119
539511.087377 0.000000 829.830508
568798.273431 0.000000 842.033898
599367.123032 0.000000 854.237288
631254.825386 0.000000 866.440678
664418.298881 0.000000 878.644068
698847.094508 0.000000 890.847458
734445.164053 0.000000 903.050847
771113.780284 0.000000 915.254237
808653.993520 0.000000 927.457627
846805.560909 0.000000 939.661017
885172.597680 0.000000 951.864407
923200.428254 0.000000 964.067797
960121.898099 0.000000 976.271186
994849.426214 0.000000 988.474576
1025934.017458 0.000000 1000.677966
1051351.719873 0.000000 1012.881356
1068478.652092 0.000000 1025.084746
1073797.825740 0.000000 1037.288136
1062999.451062 0.000000 1049.491525
1030865.364922 0.000000 1061.694915
972002.378331 0.000000 1073.898305
881719.961637 0.000000 1086.101695
758341.437634 0.000000 1098.305085
605540.184085 0.000000 1110.508475
435033.755425 0.000000 1122.711864
266505.508178 0.000000 1134.915254
124618.940767 0.000000 1147.118644
443562037.455337 0.000000 1159.322034
-2441405.990133 -0.000000 1171.525424
-8587440.041658 -0.000000 1183.728814
-12737125.137397 -0.000000 1195.932203
-13407942.719622 -0.000000 1208.135593
-13087049.615334 -0.000000 1220.338983
-13012964.219031 -0.000000 1232.542373
-13023927.501102 -0.000000 1244.745763
-12940027.285671 -0.000000 1256.949153
-12544745.084261 -0.000000 1269.152542
-12094526.064143 -0.000000 1281.355932
-11909272.596851 -0.000000 1293.559322
-11710639.947117 -0.000000 1305.762712
-11483570.567388 -0.000000 1317.966102
-11288885.179806 -0.000000 1330.169492
-11090446.329460 -0.000000 1342.372881
-10888000.812937 -0.000000 1354.576271
-10669549.525737 -0.000000 1366.779661
-10435401.516878 -0.000000 1378.983051
-10193056.634566 -0.000000 1391.186441
-9950965.555021 -0.000000 1403.389831
-9714737.855362 -0.000000 1415.593220
-9488503.813907 -0.000000 1427.796610
-9277238.397849 -0.000000 1440.000000
-9078202.908973 -0.000000 1452.203390
-8882258.574728 -0.000000 1464.406780
-8674118.556850 -0.000000 1476.610169
-8446488.007833 -0.000000 1488.813559
-8201147.664612 -0.000000 1501.016949
-7948154.357370 -0.000000 1513.220339
-7695510.220217 -0.000000 1525.423729
-7447550.324072 -0.000000 1537.627119
-7204892.430789 -0.000000 1549.830508
-6967195.184304 -0.000000 1562.033898
-6730246.915772 -0.000000 1574.237288
-6483036.626824 -0.000000 1586.440678
-6229296.777424 -0.000000 1598.644068
-6007954.930773 -0.000000 1610.847458
-5821349.228533 -0.000000 1623.050847
-5628573.855005 -0.000000 1635.254237
-5416923.136739 -0.000000 1647.457627
-5194371.612148 -0.000000 1659.661017
-4960129.143688 -0.000000 1671.864407
-4708281.603186 -0.000000 1684.067797
-4430768.641838 -0.000000 1696.271186
-4120241.948602 -0.000000 1708.474576
-3764998.991942 -0.000000 1720.677966
-3345286.965939 -0.000000 1732.881356
-2830656.961059 -0.000000 1745.084746
-2172447.064758 -0.000000 1757.288136
-1307761.057322 -0.000000 1769.491525
-143549.053976 -0.000000 1781.694915
1410621.675514 0.000000 1793.898305
3488621.231979 0.000000 1806.101695
5994994.881182 0.000000 1818.305085
9162243.558587 0.000000 1830.508475
12403292.667294 0.000000 1842.711864
13499027.573502 0.000000 1854.915254
13765391.221269 0.000000 1867.118644
11888687.834196 0.000000 1879.322034
1385641.212709 0.000000 1891.525424
-11760801.533826 -0.000000 1903.728814
-18536259.151698 -0.000000 1915.932203
-56054659.143882 -0.000000 1928.135593
-28426503.397795 -0.000000 1940.338983
-17688495.168161 -0.000000 1952.542373
-14559189.171232 -0.000000 1964.745763
-13554539.017139 -0.000000 1976.949153
-14614439.988574 -0.000000 1989.152542
-17399201.848120 -0.000000 2001.355932
-20602057.432662 -0.000000 2013.559322
-23819575.011181 -0.000000 2025.762712
-27259328.599784 -0.000000 2037.966102
-30861355.525255 -0.000000 2050.169492
-36313601.320579 -0.000000 2062.372881
-36758665.040069 -0.000000 2074.576271
-26754997.252989 -0.000000 2086.779661
-10008495967.267500 -0.000000 2098.983051
-3681188.576822 -0.000000 2111.186441
14150734.825998 0.000000 2123.389831
11769529.464404 0.000000 2135.593220
2221329.838825 0.000000 2147.796610
644034433.396843 0.000000 2160.000000
12772547.214609 0.000000 2172.203390
29935776.350073 0.000000 2184.406780
48836879.018995 0.000000 2196.610169
26452900.730695 0.000000 2208.813559
11756608.880980 0.000000 2221.016949
8499848.322646 0.000000 2233.220339
3471622.066526 0.000000 2245.423729
-740203.548464 -0.000000 2257.627119
-3761742.457210 -0.000000 2269.830508
-5338604.784443 -0.000000 2282.033898
-5683264.788971 -0.000000 2294.237288
-5219522.413570 -0.000000 2306.440678
-4320440.254661 -0.000000 2318.644068
-3289514.771064 -0.000000 2330.847458
-2272809.120822 -0.000000 2343.050847
-1342725.726344 -0.000000 2355.254237
-498599.038699 -0.000000 2367.457627
260390.716170 0.000000 2379.661017
932709.587259 0.000000 2391.864407
1520945.458930 0.000000 2404.067797
2035028.460688 0.000000 2416.271186
2492571.549658 0.000000 2428.474576
2903726.410661 0.000000 2440.677966
3279917.281310 0.000000 2452.881356
3624856.215294 0.000000 2465.084746
3944227.270391 0.000000 2477.288136
4239825.113550 0.000000 2489.491525
4514376.306337 0.000000 2501.694915
4769880.334230 0.000000 2513.898305
5007495.191288 0.000000 2526.101695
5229857.227786 0.000000 2538.305085
5437255.947275 0.000000 2550.508475
5632409.378433 0.000000 2562.711864
5815261.227641 0.000000 2574.915254
5987788.723280 0.000000 2587.118644
6150221.369795 0.000000 2599.322034
6302613.498544 0.000000 2611.525424
6444736.571765 0.000000 2623.728814
6570733.333790 0.000000 2635.932203
6677469.554325 0.000000 2648.135593
6758910.065994 0.000000 2660.338983
6829752.843964 0.000000 2672.542373
6898716.750741 0.000000 2684.745763
6970932.546318 0.000000 2696.949153
7027772.615119 0.000000 2709.152542
7079643.768070 0.000000 2721.355932
7145936.545133 0.000000 2733.559322
7252995.816528 0.000000 2745.762712
7370299.195954 0.000000 2757.966102
7429308.333801 0.000000 2770.169492
7343637.381961 0.000000 2782.372881
7031004.776515 0.000000 2794.576271
6392534.092888 0.000000 2806.779661
5315560.659254 0.000000 2818.983051
3714663.158014 0.000000 2831.186441
1565770.393069 0.000000 2843.389831
-875180.279333 -0.000000 2855.593220
-2823916.864975 -0.000000 2867.796610
-2514201.512011 -0.000000 2880.000000
3545568.815769 0.000000 2892.203390
16172832.735369 0.000000 2904.406780
27192584.540466 0.000000 2916.610169
29769692.626404 0.000000 2928.813559
29732120.521161 0.000000 2941.016949
29937221.050379 0.000000 2953.220339
30426957.676391 0.000000 2965.423729
30315513.202489 0.000000 2977.627119
29830536.717406 0.000000 2989.830508
29594301.117971 0.000000 3002.033898
29191080.237599 0.000000 3014.237288
28777245.866526 0.000000 3026.440678
28444548.971439 0.000000 3038.644068
28126492.993428 0.000000 3050.847458
27909391.750404 0.000000 3063.050847
27759674.377327 0.000000 3075.254237
27657639.093841 0.000000 3087.457627
27584608.577899 0.000000 3099.661017
27520976.337783 0.000000 3111.864407
27457419.786957 0.000000 3124.067797
27384899.375965 0.000000 3136.271186
27313316.745058 0.000000 3148.474576
27266378.933419 0.000000 3160.677966
27290634.359711 0.000000 3172.881356
27442046.054974 0.000000 3185.084746
27831857.196977 0.000000 3197.288136
28351360.529483 0.000000 3209.491525
28340067.769553 0.000000 3221.694915
29025567.448717 0.000000 3233.898305
31544617.101682 0.000000 3246.101695
33244564.755726 0.000000 3258.305085
32722230.980666 0.000000 3270.508475
31186526.523693 0.000000 3282.711864
29331559.957059 0.000000 3294.915254
26304694.108787 0.000000 3307.118644
27948737.533751 0.000000 3319.322034
7264987.189009 0.000000 3331.525424
-39397211.042692 -0.000000 3343.728814
-31376.777968 -0.000000 3355.932203
-53256.616913 -0.000000 3368.135593
-76077.992715 -0.000000 3380.338983
-98922.388271 -0.000000 3392.542373
-120686.021734 -0.000000 3404.745763
-140732.474850 -0.000000 3416.949153
-158548.776300 -0.000000 3429.152542
-173935.125878 -0.000000 3441.355932
-186862.451669 -0.000000 3453.559322
-197466.320077 -0.000000 3465.762712
-205971.292030 -0.000000 3477.966102
-212648.913358 -0.000000 3490.169492
-217787.390655 -0.000000 3502.372881
-221658.796814 -0.000000 3514.576271
-224516.904333 -0.000000 3526.779661
-226577.264548 -0.000000 3538.983051
-228027.076591 -0.000000 3551.186441
-229013.507848 -0.000000 3563.389831
-229655.370369 -0.000000 3575.593220
-230036.272807 -0.000000 3587.796610
-230213.275108 -0.000000 3600.000000
