16925.274636 0.000000 0.000000
17014.406386 0.000000 12.203390
17192.846768 0.000000 24.406780
17461.780777 0.000000 36.610169
17821.900105 0.000000 48.813559
18275.321644 0.000000 61.016949
18823.315623 0.000000 73.220339
19469.061506 0.000000 85.423729
20214.348345 0.000000 97.627119
21063.453775 0.000000 109.830508
22018.682760 0.000000 122.033898
23085.448718 0.000000 134.237288
24266.574981 0.000000 146.440678
25568.656273 0.000000 158.644068
26995.036665 0.000000 170.847458
28553.548145 0.000000 183.050847
30248.058394 0.000000 195.254237
32087.703226 0.000000 207.457627
34076.876426 0.000000 219.661017
36226.095139 0.000000 231.864407
38540.280897 0.000000 244.067797
41031.421659 0.000000 256.271186
43704.966993 0.000000 268.474576
46574.477427 0.000000 280.677966
49645.929525 0.000000 292.881356
52934.571229 0.000000 305.084746
56446.902182 0.000000 317.288136
60199.986854 0.000000 329.491525
64200.841594 0.000000 341.694915
68468.491417 0.000000 353.898305
73010.461493 0.000000 366.101695
77847.896768 0.000000 378.305085
82988.819825 0.000000 390.508475
88456.673246 0.000000 402.711864
94259.964254 0.000000 414.915254
100424.627407 0.000000 427.118644
106959.642445 0.000000 439.322034
113893.649136 0.000000 451.525424
121236.087503 0.000000 463.728814
129018.535275 0.000000 475.932203
137250.884144 0.000000 488.135593
145967.897266 0.000000 500.338983
155179.917188 0.000000 512.542373
164925.153513 0.000000 524.745763
175214.407593 0.000000 536.949153
186089.603215 0.000000 549.152542
197562.021200 0.000000 561.355932
209677.556587 0.000000 573.559322
222448.005165 0.000000 585.762712
235923.464883 0.000000 597.966102
250116.292378 0.000000 610.169492
265080.951073 0.000000 622.372881
280830.406795 0.000000 634.576271
297423.529321 0.000000 646.779661
314873.909191 0.000000 658.983051
333244.644726 0.000000 671.186441
352549.874103 0.000000 683.389831
372856.373642 0.000000 695.593220
394178.524359 0.000000 707.796610
416585.604101 0.000000 720.000000
440091.451534 0.000000 732.203390
464765.609979 0.000000 744.406780
490619.626902 0.000000 756.610169
517719.278353 0.000000 768.813559
546070.209774 0.000000 781.016949
575727.300792 0.000000 793.220339
606683.133481 0.000000 805.423729
638969.132593 0.000000 817.627119
672550.971741 0.000000 829.830508
707414.327776 0.000000 842.033898
743471.556831 0.000000 854.237288
780622.608504 0.000000 866.440678
818676.512211 0.000000 878.644068
857374.905548 0.000000 890.847458
896329.387542 0.000000 903.050847
934990.780291 0.000000 915.254237
972598.482703 0.000000 927.457627
1008073.391927 0.000000 939.661017
1039970.021443 0.000000 951.864407
1066271.858874 0.000000 964.067797
1084347.896401 0.000000 976.271186
1090674.274559 0.000000 988.474576
1080902.300690 0.000000 1000.677966
1049760.941495 0.000000 1012.881356
991744.427191 0.000000 1025.084746
902011.742109 0.000000 1037.288136
778643.308244 0.000000 1049.491525
625011.616336 0.000000 1061.694915
452456.249184 0.000000 1073.898305
280373.815955 0.000000 1086.101695
133449.579576 0.000000 1098.305085
205367876.824090 0.000000 1110.508475
-1895813.016884 -0.000000 1122.711864
-8027656.409879 -0.000000 1134.915254
-12671061.415824 -0.000000 1147.118644
-13443890.191670 -0.000000 1159.322034
-13128071.908507 -0.000000 1171.525424
-13038530.920940 -0.000000 1183.728814
-13030771.745925 -0.000000 1195.932203
-12971731.809482 -0.000000 1208.135593
-12612082.465722 -0.000000 1220.338983
-12139750.723058 -0.000000 1232.542373
-11940936.676266 -0.000000 1244.745763
-11722675.099795 -0.000000 1256.949153
-11456922.978022 -0.000000 1269.152542
-11232320.638703 -0.000000 1281.355932
-11011629.197733 -0.000000 1293.559322
-10797503.535525 -0.000000 1305.762712
-10580623.195232 -0.000000 1317.966102
-10363466.763712 -0.000000 1330.169492
-10142456.637427 -0.000000 1342.372881
-9920303.201868 -0.000000 1354.576271
-9695129.866131 -0.000000 1366.779661
-9469201.210001 -0.000000 1378.983051
-9241150.002447 -0.000000 1391.186441
-9012258.757159 -0.000000 1403.389831
-8781391.548403 -0.000000 1415.593220
-8549108.345591 -0.000000 1427.796610
-8314928.653390 -0.000000 1440.000000
-8079897.947784 -0.000000 1452.203390
-7845633.264023 -0.000000 1464.406780
-7615094.483744 -0.000000 1476.610169
-7391080.353169 -0.000000 1488.813559
-7173986.245271 -0.000000 1501.016949
-6960498.664887 -0.000000 1513.220339
-6743975.224427 -0.000000 1525.423729
-6518735.636362 -0.000000 1537.627119
-6282723.118485 -0.000000 1549.830508
-6039261.615790 -0.000000 1562.033898
-5794157.617339 -0.000000 1574.237288
-5553792.311261 -0.000000 1586.440678
-5321862.077249 -0.000000 1598.644068
-5099302.508697 -0.000000 1610.847458
-4883849.425816 -0.000000 1623.050847
-4671595.628782 -0.000000 1635.254237
-4457275.386287 -0.000000 1647.457627
-4235287.190034 -0.000000 1659.661017
-4001305.564002 -0.000000 1671.864407
-3753009.308167 -0.000000 1684.067797
-3490498.357046 -0.000000 1696.271186
-3213079.433407 -0.000000 1708.474576
-2918777.132920 -0.000000 1720.677966
-2600966.889060 -0.000000 1732.881356
-2248491.436724 -0.000000 1745.084746
-1841209.870298 -0.000000 1757.288136
-1347238.179749 -0.000000 1769.491525
-719467.329700 -0.000000 1781.694915
109581.662452 0.000000 1793.898305
1225052.843846 0.000000 1806.101695
2733290.354330 0.000000 1818.305085
4739226.615743 0.000000 1830.508475
7175050.772955 0.000000 1842.711864
10493196.241668 0.000000 1854.915254
13284794.402741 0.000000 1867.118644
13452747.392116 0.000000 1879.322034
13693443.304291 0.000000 1891.525424
12345857.657280 0.000000 1903.728814
2250718.485208 0.000000 1915.932203
-11259994.699644 -0.000000 1928.135593
-20312920.365947 -0.000000 1940.338983
-68533478.993013 -0.000000 1952.542373
-26751861.580205 -0.000000 1964.745763
-17202609.249556 -0.000000 1976.949153
-14343583.928623 -0.000000 1989.152542
-13738136.707615 -0.000000 2001.355932
-15311374.679112 -0.000000 2013.559322
-18193664.663748 -0.000000 2025.762712
-21109530.479634 -0.000000 2037.966102
-23723621.784444 -0.000000 2050.169492
-25954633.759677 -0.000000 2062.372881
-27817480.984201 -0.000000 2074.576271
-29435323.052900 -0.000000 2086.779661
-30642281.407377 -0.000000 2098.983051
-31346759.751398 -0.000000 2111.186441
-26408958.857052 -0.000000 2123.389831
-28081847.358729 -0.000000 2135.593220
-110043655.973562 -0.000000 2147.796610
-127707049.318887 -0.000000 2160.000000
-10250274.355588 -0.000000 2172.203390
-10507240.986301 -0.000000 2184.406780
-10960667.464489 -0.000000 2196.610169
-11757086.053012 -0.000000 2208.813559
-11931443.404224 -0.000000 2221.016949
-11427110.476644 -0.000000 2233.220339
-10042003.190831 -0.000000 2245.423729
-8029826.001325 -0.000000 2257.627119
-5927106.840282 -0.000000 2269.830508
-4078642.722013 -0.000000 2282.033898
-2589519.776824 -0.000000 2294.237288
-1434731.560667 -0.000000 2306.440678
-519755.355396 -0.000000 2318.644068
232648.490026 0.000000 2330.847458
895267.644938 0.000000 2343.050847
1498663.638478 0.000000 2355.254237
2069364.738108 0.000000 2367.457627
2607860.698835 0.000000 2379.661017
3121249.828499 0.000000 2391.864407
3604244.732516 0.000000 2404.067797
4059606.062545 0.000000 2416.271186
4483408.542058 0.000000 2428.474576
4874921.469713 0.000000 2440.677966
5228313.872937 0.000000 2452.881356
5540439.505991 0.000000 2465.084746
5818189.364505 0.000000 2477.288136
6083598.531648 0.000000 2489.491525
6358791.618612 0.000000 2501.694915
6640336.744170 0.000000 2513.898305
6908361.927625 0.000000 2526.101695
7148883.719759 0.000000 2538.305085
7364273.126495 0.000000 2550.508475
7560173.032423 0.000000 2562.711864
7742573.439239 0.000000 2574.915254
7908989.537945 0.000000 2587.118644
8055092.069699 0.000000 2599.322034
8168246.202941 0.000000 2611.525424
8250347.169883 0.000000 2623.728814
8317072.124776 0.000000 2635.932203
8403532.154463 0.000000 2648.135593
8510951.401420 0.000000 2660.338983
8610323.331230 0.000000 2672.542373
8664174.047029 0.000000 2684.745763
8688064.155417 0.000000 2696.949153
8700697.347838 0.000000 2709.152542
8678696.173865 0.000000 2721.355932
8515997.956222 0.000000 2733.559322
8087813.549519 0.000000 2745.762712
7253695.886357 0.000000 2757.966102
5897678.577186 0.000000 2770.169492
3888996.717829 0.000000 2782.372881
1315032.351721 0.000000 2794.576271
-1282497.031617 -0.000000 2806.779661
-2129119.905696 -0.000000 2818.983051
1439503.734947 0.000000 2831.186441
13040919.765382 0.000000 2843.389831
26038164.156383 0.000000 2855.593220
29548776.344469 0.000000 2867.796610
29697838.765407 0.000000 2880.000000
29914177.239292 0.000000 2892.203390
30457195.158504 0.000000 2904.406780
30703962.362638 0.000000 2916.610169
30279605.363220 0.000000 2928.813559
29983424.699863 0.000000 2941.016949
29786409.048027 0.000000 2953.220339
29363602.685915 0.000000 2965.423729
29014723.180747 0.000000 2977.627119
28697237.053992 0.000000 2989.830508
28425965.092079 0.000000 3002.033898
28238665.081038 0.000000 3014.237288
28092972.467664 0.000000 3026.440678
27979341.357369 0.000000 3038.644068
27880034.995880 0.000000 3050.847458
27799110.949398 0.000000 3063.050847
27734114.684616 0.000000 3075.254237
27698401.363471 0.000000 3087.457627
27699557.201379 0.000000 3099.661017
27761987.123457 0.000000 3111.864407
27912740.828331 0.000000 3124.067797
28232398.037180 0.000000 3136.271186
28665343.467837 0.000000 3148.474576
28796787.361755 0.000000 3160.677966
29169816.917510 0.000000 3172.881356
30853484.912349 0.000000 3185.084746
32850430.234048 0.000000 3197.288136
33194248.743208 0.000000 3209.491525
32371377.659212 0.000000 3221.694915
30771988.322374 0.000000 3233.898305
27954953.225833 0.000000 3246.101695
30336940.602206 0.000000 3258.305085
13119693.188163 0.000000 3270.508475
-13140969.816019 -0.000000 3282.711864
-141954.734984 -0.000000 3294.915254
-13605.410110 -0.000000 3307.118644
-20197.119333 -0.000000 3319.322034
-27171.605159 -0.000000 3331.525424
-34050.357113 -0.000000 3343.728814
-40496.142449 -0.000000 3355.932203
-46244.910234 -0.000000 3368.135593
-51161.116542 -0.000000 3380.338983
-55192.274419 -0.000000 3392.542373
-58359.563868 -0.000000 3404.745763
-60732.041146 -0.000000 3416.949153
-62403.421228 -0.000000 3429.152542
-63482.860738 -0.000000 3441.355932
-64076.081592 -0.000000 3453.559322
-64287.566129 -0.000000 3465.762712
-64207.607758 -0.000000 3477.966102
-63919.896849 -0.000000 3490.169492
-63492.413321 -0.000000 3502.372881
-62986.316575 -0.000000 3514.576271
-62449.108378 -0.000000 3526.779661
-61922.729974 -0.000000 3538.983051
-61438.335736 -0.000000 3551.186441
-61022.681828 -0.000000 3563.389831
-60694.369812 -0.000000 3575.593220
-60468.096712 -0.000000 3587.796610
-60352.644043 -0.000000 3600.000000
