29958.000629 0.000000 0.000000
30106.709990 0.000000 12.203390
30404.517722 0.000000 24.406780
30852.437361 0.000000 36.610169
31451.822841 0.000000 48.813559
32204.401165 0.000000 61.016949
33112.569600 0.000000 73.220339
34178.900984 0.000000 85.423729
35406.775921 0.000000 97.627119
36799.626872 0.000000 109.830508
38361.827549 0.000000 122.033898
40097.676550 0.000000 134.237288
42012.561299 0.000000 146.440678
44111.652649 0.000000 158.644068
46401.378211 0.000000 170.847458
48887.789099 0.000000 183.050847
51578.387315 0.000000 195.254237
54480.114211 0.000000 207.457627
57601.588471 0.000000 219.661017
60950.653547 0.000000 231.864407
64537.096523 0.000000 244.067797
68369.677251 0.000000 256.271186
72459.413269 0.000000 268.474576
76815.997178 0.000000 280.677966
81451.750501 0.000000 292.881356
86377.316246 0.000000 305.084746
91606.404398 0.000000 317.288136
97150.625881 0.000000 329.491525
103025.173523 0.000000 341.694915
109242.640966 0.000000 353.898305
115819.806267 0.000000 366.101695
122770.250879 0.000000 378.305085
130112.438739 0.000000 390.508475
137860.927750 0.000000 402.711864
146035.953473 0.000000 414.915254
154653.002797 0.000000 427.118644
163734.129856 0.000000 439.322034
173295.638582 0.000000 451.525424
183361.361166 0.000000 463.728814
193948.192592 0.000000 475.932203
205081.535154 0.000000 488.135593
216778.438428 0.000000 500.338983
229065.361863 0.000000 512.542373
241958.700751 0.000000 524.745763
255484.904978 0.000000 536.949153
269658.239802 0.000000 549.152542
284503.090668 0.000000 561.355932
300028.905324 0.000000 573.559322
316254.190665 0.000000 585.762712
333178.699128 0.000000 597.966102
350808.088181 0.000000 610.169492
369123.508863 0.000000 622.372881
388105.100227 0.000000 634.576271
407699.082049 0.000000 646.779661
427837.011320 0.000000 658.983051
448400.082233 0.000000 671.186441
469229.192484 0.000000 683.389831
490085.024845 0.000000 695.593220
510641.249073 0.000000 707.796610
530436.896066 0.000000 720.000000
548841.940657 0.000000 732.203390
564996.920363 0.000000 744.406780
577741.348524 0.000000 756.610169
585544.783531 0.000000 768.813559
586416.500738 0.000000 781.016949
577895.398248 0.000000 793.220339
557087.719895 0.000000 805.423729
520998.286521 0.000000 817.627119
467136.720292 0.000000 829.830508
394705.704472 0.000000 842.033898
306045.029771 0.000000 854.237288
208068.394769 0.000000 866.440678
112390.337094 0.000000 878.644068
12300009.937746 0.000000 890.847458
-1701142.577261 -0.000000 903.050847
-8786822.714225 -0.000000 915.254237
-13867290.339645 -0.000000 927.457627
-13301365.895863 -0.000000 939.661017
-12990247.246925 -0.000000 951.864407
-12879866.869892 -0.000000 964.067797
-12883121.922887 -0.000000 976.271186
-12905260.750554 -0.000000 988.474576
-12864713.094588 -0.000000 1000.677966
-12744846.001620 -0.000000 1012.881356
-12621351.497837 -0.000000 1025.084746
-12610001.727121 -0.000000 1037.288136
-12675438.817873 -0.000000 1049.491525
-12749988.118785 -0.000000 1061.694915
-12784506.949254 -0.000000 1073.898305
-12789134.318919 -0.000000 1086.101695
-12790867.668384 -0.000000 1098.305085
-12788256.027292 -0.000000 1110.508475
-12790452.906773 -0.000000 1122.711864
-12789971.302526 -0.000000 1134.915254
-12788853.091406 -0.000000 1147.118644
-12778939.536214 -0.000000 1159.322034
-12770410.062210 -0.000000 1171.525424
-12762834.990458 -0.000000 1183.728814
-12762522.444557 -0.000000 1195.932203
-12749237.703194 -0.000000 1208.135593
-12724853.463562 -0.000000 1220.338983
-12694725.611023 -0.000000 1232.542373
-12662131.920370 -0.000000 1244.745763
-12628498.037464 -0.000000 1256.949153
-12592870.029284 -0.000000 1269.152542
-12543657.437009 -0.000000 1281.355932
-12480256.779220 -0.000000 1293.559322
-12400832.047785 -0.000000 1305.762712
-12302988.931175 -0.000000 1317.966102
-12196862.413696 -0.000000 1330.169492
-12087444.857656 -0.000000 1342.372881
-11970923.251168 -0.000000 1354.576271
-11848299.504126 -0.000000 1366.779661
-11723338.885445 -0.000000 1378.983051
-11604562.528016 -0.000000 1391.186441
-11496894.073357 -0.000000 1403.389831
-11397986.707775 -0.000000 1415.593220
-11296488.961345 -0.000000 1427.796610
-11183080.428610 -0.000000 1440.000000
-11055833.051210 -0.000000 1452.203390
-10921271.355935 -0.000000 1464.406780
-10786030.503797 -0.000000 1476.610169
-10654714.892938 -0.000000 1488.813559
-10527999.344954 -0.000000 1501.016949
-10406252.685022 -0.000000 1513.220339
-10289250.579147 -0.000000 1525.423729
-10177685.163124 -0.000000 1537.627119
-10070778.417686 -0.000000 1549.830508
-9966641.705126 -0.000000 1562.033898
-9861631.117282 -0.000000 1574.237288
-9752972.920826 -0.000000 1586.440678
-9639500.363790 -0.000000 1598.644068
-9522372.299704 -0.000000 1610.847458
-9403467.468741 -0.000000 1623.050847
-9284473.365227 -0.000000 1635.254237
-9166219.432669 -0.000000 1647.457627
-9048620.137560 -0.000000 1659.661017
-8931266.727272 -0.000000 1671.864407
-8812927.386662 -0.000000 1684.067797
-8692561.460479 -0.000000 1696.271186
-8567714.685061 -0.000000 1708.474576
-8436229.687724 -0.000000 1720.677966
-8293200.589706 -0.000000 1732.881356
-8133643.250671 -0.000000 1745.084746
-7947371.399088 -0.000000 1757.288136
-7722522.152756 -0.000000 1769.491525
-7437577.904139 -0.000000 1781.694915
-7064946.177737 -0.000000 1793.898305
-6559591.447486 -0.000000 1806.101695
-5861021.181761 -0.000000 1818.305085
-4879682.445773 -0.000000 1830.508475
-3497694.444989 -0.000000 1842.711864
-1564597.519286 -0.000000 1854.915254
1096244.186222 0.000000 1867.118644
4547324.077203 0.000000 1879.322034
9061484.105952 0.000000 1891.525424
12714156.361607 0.000000 1903.728814
13401632.253969 0.000000 1915.932203
13693320.859920 0.000000 1928.135593
14640960.190078 0.000000 1940.338983
2320773.218286 0.000000 1952.542373
-14909485.874129 -0.000000 1964.745763
-14987418.622596 -0.000000 1976.949153
-53682738.770496 -0.000000 1989.152542
-31443423.078560 -0.000000 2001.355932
-18099954.546822 -0.000000 2013.559322
-14461036.833481 -0.000000 2025.762712
-13375465.225026 -0.000000 2037.966102
-14053477.302811 -0.000000 2050.169492
-15917760.356278 -0.000000 2062.372881
-17674230.638811 -0.000000 2074.576271
-19025932.507027 -0.000000 2086.779661
-20039552.929902 -0.000000 2098.983051
-20711431.166955 -0.000000 2111.186441
-21042556.321535 -0.000000 2123.389831
-20915088.077864 -0.000000 2135.593220
-20451800.492440 -0.000000 2147.796610
-19017865.502841 -0.000000 2160.000000
-4423332380.656086 -0.000000 2172.203390
-4435602.089594 -0.000000 2184.406780
4823646.091346 0.000000 2196.610169
8190755.807326 0.000000 2208.813559
10467168.627421 0.000000 2221.016949
10750406.088085 0.000000 2233.220339
9087926.304727 0.000000 2245.423729
6908192.410938 0.000000 2257.627119
5190982.946660 0.000000 2269.830508
4473023.957913 0.000000 2282.033898
4660969.660310 0.000000 2294.237288
5415512.229678 0.000000 2306.440678
6396294.760104 0.000000 2318.644068
7397523.721665 0.000000 2330.847458
8320017.661401 0.000000 2343.050847
9139774.848790 0.000000 2355.254237
9860095.626281 0.000000 2367.457627
10497476.533570 0.000000 2379.661017
11065260.324527 0.000000 2391.864407
11575469.611750 0.000000 2404.067797
12035360.737776 0.000000 2416.271186
12450637.382531 0.000000 2428.474576
12825437.472515 0.000000 2440.677966
13162968.977950 0.000000 2452.881356
13466653.850900 0.000000 2465.084746
13738756.652923 0.000000 2477.288136
13982334.594966 0.000000 2489.491525
14199024.193277 0.000000 2501.694915
14391547.382307 0.000000 2513.898305
14561217.322194 0.000000 2526.101695
14710620.875215 0.000000 2538.305085
14841022.175511 0.000000 2550.508475
14954937.655227 0.000000 2562.711864
15053512.664507 0.000000 2574.915254
15138989.111662 0.000000 2587.118644
15212211.966261 0.000000 2599.322034
15275496.540495 0.000000 2611.525424
15327593.193881 0.000000 2623.728814
15364430.079065 0.000000 2635.932203
15391328.928006 0.000000 2648.135593
15412541.351723 0.000000 2660.338983
15426501.335926 0.000000 2672.542373
15440122.649744 0.000000 2684.745763
15455364.250756 0.000000 2696.949153
15465235.377235 0.000000 2709.152542
15446789.661429 0.000000 2721.355932
15392952.784975 0.000000 2733.559322
15348139.816831 0.000000 2745.762712
15350926.782475 0.000000 2757.966102
15368169.002518 0.000000 2770.169492
15306988.216426 0.000000 2782.372881
15051841.185070 0.000000 2794.576271
14510120.907089 0.000000 2806.779661
13602532.987030 0.000000 2818.983051
12044815.740324 0.000000 2831.186441
9228112.656687 0.000000 2843.389831
4793511.858568 0.000000 2855.593220
946006.451582 0.000000 2867.796610
1459926.397623 0.000000 2880.000000
13721220.359071 0.000000 2892.203390
28426622.657282 0.000000 2904.406780
29917901.958703 0.000000 2916.610169
29876362.854371 0.000000 2928.813559
30620402.555526 0.000000 2941.016949
31084184.850112 0.000000 2953.220339
31274620.498609 0.000000 2965.423729
31288532.027070 0.000000 2977.627119
30777843.586158 0.000000 2989.830508
30469669.646813 0.000000 3002.033898
30354395.308940 0.000000 3014.237288
29982070.779366 0.000000 3026.440678
29665476.999909 0.000000 3038.644068
29390208.857271 0.000000 3050.847458
29153688.512663 0.000000 3063.050847
28983994.799270 0.000000 3075.254237
28843843.576337 0.000000 3087.457627
28720368.344934 0.000000 3099.661017
28607591.835548 0.000000 3111.864407
28505117.663389 0.000000 3124.067797
28415742.176185 0.000000 3136.271186
28347806.368361 0.000000 3148.474576
28315267.851146 0.000000 3160.677966
28356210.450526 0.000000 3172.881356
28547997.259908 0.000000 3185.084746
28929836.798423 0.000000 3197.288136
29076941.998028 0.000000 3209.491525
29276106.249190 0.000000 3221.694915
31018772.183613 0.000000 3233.898305
33490287.567424 0.000000 3246.101695
34055879.151024 0.000000 3258.305085
33189461.133483 0.000000 3270.508475
31590693.270051 0.000000 3282.711864
28959097.650101 0.000000 3294.915254
31102867.395392 0.000000 3307.118644
13370146.730802 0.000000 3319.322034
41764896.976233 0.000000 3331.525424
37655.154228 0.000000 3343.728814
66507.142122 0.000000 3355.932203
95813.830948 0.000000 3368.135593
124611.315666 0.000000 3380.338983
151928.075041 0.000000 3392.542373
176915.743634 0.000000 3404.745763
199095.961602 0.000000 3416.949153
218220.260003 0.000000 3429.152542
234314.875622 0.000000 3441.355932
247546.191219 0.000000 3453.559322
258209.647081 0.000000 3465.762712
266631.256835 0.000000 3477.966102
273165.861379 0.000000 3490.169492
278137.631530 0.000000 3502.372881
281854.200612 0.000000 3514.576271
284573.245318 0.000000 3526.779661
286523.220622 0.000000 3538.983051
287884.175735 0.000000 3551.186441
288807.233820 0.000000 3563.389831
289403.158045 0.000000 3575.593220
289756.670162 0.000000 3587.796610
289919.820126 0.000000 3600.000000
