799239.672102 0.000000 0.000000
800986.625801 0.000000 12.203390
804452.552273 0.000000 24.406780
809595.348196 0.000000 36.610169
816321.159421 0.000000 48.813559
824524.819464 0.000000 61.016949
834012.573400 0.000000 73.220339
844566.764407 0.000000 85.423729
855822.668708 0.000000 97.627119
867352.914620 0.000000 109.830508
878488.570602 0.000000 122.033898
888414.933266 0.000000 134.237288
895925.122202 0.000000 146.440678
899520.357692 0.000000 158.644068
897098.433606 0.000000 170.847458
886088.141161 0.000000 183.050847
863161.841968 0.000000 195.254237
824598.404913 0.000000 207.457627
766384.553003 0.000000 219.661017
685348.704577 0.000000 231.864407
580256.426042 0.000000 244.067797
453940.500104 0.000000 256.271186
314505.150958 0.000000 268.474576
175726.422978 0.000000 280.677966
543009703.027794 0.000000 292.881356
-4079073.531338 -0.000000 305.084746
-11016500.122609 -0.000000 317.288136
-13612114.037474 -0.000000 329.491525
-13309156.198114 -0.000000 341.694915
-13024603.580601 -0.000000 353.898305
-12930026.909271 -0.000000 366.101695
-12936699.014445 -0.000000 378.305085
-12923538.420089 -0.000000 390.508475
-12852967.756117 -0.000000 402.711864
-12724466.770785 -0.000000 414.915254
-12613074.705749 -0.000000 427.118644
-12657028.631680 -0.000000 439.322034
-12759010.402173 -0.000000 451.525424
-12797831.087850 -0.000000 463.728814
-12806091.102095 -0.000000 475.932203
-12806053.412577 -0.000000 488.135593
-12792658.479894 -0.000000 500.338983
-12768283.266433 -0.000000 512.542373
-12736653.432434 -0.000000 524.745763
-12703795.249369 -0.000000 536.949153
-12673176.122251 -0.000000 549.152542
-12640486.871494 -0.000000 561.355932
-12584775.038845 -0.000000 573.559322
-12497568.097600 -0.000000 585.762712
-12390021.277655 -0.000000 597.966102
-12259903.803018 -0.000000 610.169492
-12120851.322819 -0.000000 622.372881
-11979703.966751 -0.000000 634.576271
-11840694.189884 -0.000000 646.779661
-11709171.495368 -0.000000 658.983051
-11591568.653702 -0.000000 671.186441
-11481276.192604 -0.000000 683.389831
-11367371.349811 -0.000000 695.593220
-11236135.154554 -0.000000 707.796610
-11087938.122400 -0.000000 720.000000
-10929409.939732 -0.000000 732.203390
-10775692.577565 -0.000000 744.406780
-10635598.060684 -0.000000 756.610169
-10510961.398179 -0.000000 768.813559
-10384825.388045 -0.000000 781.016949
-10243577.340569 -0.000000 793.220339
-10087058.769660 -0.000000 805.423729
-9931343.872372 -0.000000 817.627119
-9783284.404392 -0.000000 829.830508
-9643442.172939 -0.000000 842.033898
-9506238.285888 -0.000000 854.237288
-9370069.924380 -0.000000 866.440678
-9232951.413311 -0.000000 878.644068
-9095386.798754 -0.000000 890.847458
-8956931.099202 -0.000000 903.050847
-8818001.278651 -0.000000 915.254237
-8678607.213758 -0.000000 927.457627
-8538867.537458 -0.000000 939.661017
-8399012.632979 -0.000000 951.864407
-8258939.545915 -0.000000 964.067797
-8118985.923671 -0.000000 976.271186
-7978950.113149 -0.000000 988.474576
-7839217.760177 -0.000000 1000.677966
-7699584.380192 -0.000000 1012.881356
-7560425.294460 -0.000000 1025.084746
-7421574.184919 -0.000000 1037.288136
-7283223.486137 -0.000000 1049.491525
-7145173.703980 -0.000000 1061.694915
-7006905.100772 -0.000000 1073.898305
-6867886.473777 -0.000000 1086.101695
-6726158.214366 -0.000000 1098.305085
-6575517.536966 -0.000000 1110.508475
-6405353.941667 -0.000000 1122.711864
-6227543.921682 -0.000000 1134.915254
-6082590.582278 -0.000000 1147.118644
-5967370.210238 -0.000000 1159.322034
-5843808.967952 -0.000000 1171.525424
-5712188.372619 -0.000000 1183.728814
-5585406.196950 -0.000000 1195.932203
-5464107.672943 -0.000000 1208.135593
-5338210.721244 -0.000000 1220.338983
-5201128.748267 -0.000000 1232.542373
-5052220.496654 -0.000000 1244.745763
-4898083.057470 -0.000000 1256.949153
-4743620.164575 -0.000000 1269.152542
-4592666.839825 -0.000000 1281.355932
-4446422.014231 -0.000000 1293.559322
-4306545.371247 -0.000000 1305.762712
-4173933.288506 -0.000000 1317.966102
-4043075.278413 -0.000000 1330.169492
-3907291.997536 -0.000000 1342.372881
-3761699.598437 -0.000000 1354.576271
-3613476.742552 -0.000000 1366.779661
-3465604.897717 -0.000000 1378.983051
-3322563.959594 -0.000000 1391.186441
-3180421.426188 -0.000000 1403.389831
-3040766.635499 -0.000000 1415.593220
-2900032.197448 -0.000000 1427.796610
-2760477.899637 -0.000000 1440.000000
-2619664.364926 -0.000000 1452.203390
-2479610.855081 -0.000000 1464.406780
-2338635.928442 -0.000000 1476.610169
-2198216.696013 -0.000000 1488.813559
-2057308.832792 -0.000000 1501.016949
-1916910.962120 -0.000000 1513.220339
-1776548.880395 -0.000000 1525.423729
-1637042.601220 -0.000000 1537.627119
-1498598.763280 -0.000000 1549.830508
-1362465.201837 -0.000000 1562.033898
-1230097.637445 -0.000000 1574.237288
-1104392.262185 -0.000000 1586.440678
-989515.998325 -0.000000 1598.644068
-892304.513667 -0.000000 1610.847458
-822217.961124 -0.000000 1623.050847
-793167.475329 -0.000000 1635.254237
-821682.179897 -0.000000 1647.457627
-928696.785296 -0.000000 1659.661017
-1129155.068507 -0.000000 1671.864407
-1437985.159834 -0.000000 1684.067797
-1837705.781689 -0.000000 1696.271186
-2346977.407428 -0.000000 1708.474576
-2888467.917750 -0.000000 1720.677966
-3298108.058484 -0.000000 1732.881356
1673345.591179 0.000000 1745.084746
8328247.739082 0.000000 1757.288136
9568402.948331 0.000000 1769.491525
8994768.284720 0.000000 1781.694915
8461960.661940 0.000000 1793.898305
8026747.751185 0.000000 1806.101695
7698814.748526 0.000000 1818.305085
7500163.786729 0.000000 1830.508475
7440259.447562 0.000000 1842.711864
7524921.872061 0.000000 1854.915254
7758650.538508 0.000000 1867.118644
8150054.122530 0.000000 1879.322034
8708146.692939 0.000000 1891.525424
9439180.075911 0.000000 1903.728814
10342825.616943 0.000000 1915.932203
11439808.649575 0.000000 1928.135593
12802832.294516 0.000000 1940.338983
10669189.978257 0.000000 1952.542373
5078568.493636 0.000000 1964.745763
3733947.174565 0.000000 1976.949153
6383351.280915 0.000000 1989.152542
9408416.443829 0.000000 2001.355932
12348996.850543 0.000000 2013.559322
13516456.189279 0.000000 2025.762712
13730613.989529 0.000000 2037.966102
10932647.573941 0.000000 2050.169492
1893552.603537 0.000000 2062.372881
-9906235.750178 -0.000000 2074.576271
-21930571.875187 -0.000000 2086.779661
-33081584.586695 -0.000000 2098.983051
-37364116.013707 -0.000000 2111.186441
-20548841.070612 -0.000000 2123.389831
-15305860.050899 -0.000000 2135.593220
-14174042.847944 -0.000000 2147.796610
-15694275.338720 -0.000000 2160.000000
-18706812.588507 -0.000000 2172.203390
-21672841.493013 -0.000000 2184.406780
-24132784.025957 -0.000000 2196.610169
-26008132.946489 -0.000000 2208.813559
-27201975.074518 -0.000000 2221.016949
-27464732.009962 -0.000000 2233.220339
-25020488.606784 -0.000000 2245.423729
-16935537.058519 -0.000000 2257.627119
-197063706.283894 -0.000000 2269.830508
-80450901.709657 -0.000000 2282.033898
1367105.005765 0.000000 2294.237288
5527542.240097 0.000000 2306.440678
9521482.196182 0.000000 2318.644068
11032577.587314 0.000000 2330.847458
10538202.499773 0.000000 2343.050847
8297561.108473 0.000000 2355.254237
5183716.364966 0.000000 2367.457627
2356704.238650 0.000000 2379.661017
639115.509927 0.000000 2391.864407
226215.205648 0.000000 2404.067797
845569.295042 0.000000 2416.271186
2078141.245843 0.000000 2428.474576
3548858.086676 0.000000 2440.677966
5022326.373703 0.000000 2452.881356
6391636.350460 0.000000 2465.084746
7639492.839076 0.000000 2477.288136
8766388.637598 0.000000 2489.491525
9760833.788718 0.000000 2501.694915
10622707.955399 0.000000 2513.898305
11366217.434116 0.000000 2526.101695
12016776.688058 0.000000 2538.305085
12590815.882031 0.000000 2550.508475
13102527.574944 0.000000 2562.711864
13557853.075969 0.000000 2574.915254
13963545.950963 0.000000 2587.118644
14322929.120712 0.000000 2599.322034
14639410.795148 0.000000 2611.525424
14916898.367750 0.000000 2623.728814
15147171.033499 0.000000 2635.932203
15318439.975554 0.000000 2648.135593
15435818.879054 0.000000 2660.338983
15507812.989351 0.000000 2672.542373
15544454.894720 0.000000 2684.745763
15553806.115624 0.000000 2696.949153
15558523.064807 0.000000 2709.152542
15562704.725118 0.000000 2721.355932
15564245.581055 0.000000 2733.559322
15567332.159712 0.000000 2745.762712
15562884.479883 0.000000 2757.966102
15557044.776500 0.000000 2770.169492
15552828.862945 0.000000 2782.372881
15543206.477938 0.000000 2794.576271
15538804.399436 0.000000 2806.779661
15537725.086677 0.000000 2818.983051
15539578.393823 0.000000 2831.186441
15547085.939591 0.000000 2843.389831
15565437.746061 0.000000 2855.593220
15585538.189075 0.000000 2867.796610
15595656.692843 0.000000 2880.000000
15605289.110411 0.000000 2892.203390
15635035.936641 0.000000 2904.406780
15591088.131657 0.000000 2916.610169
15348658.486607 0.000000 2928.813559
14903684.796192 0.000000 2941.016949
13831757.358802 0.000000 2953.220339
11028549.038879 0.000000 2965.423729
5946643.877586 0.000000 2977.627119
1446563.748778 0.000000 2989.830508
3742496.775312 0.000000 3002.033898
18983845.661523 0.000000 3014.237288
31235126.670662 0.000000 3026.440678
30717690.597381 0.000000 3038.644068
30619419.981544 0.000000 3050.847458
31314804.031357 0.000000 3063.050847
31788936.616193 0.000000 3075.254237
31834688.884745 0.000000 3087.457627
31618958.782268 0.000000 3099.661017
31014666.089735 0.000000 3111.864407
30679561.595866 0.000000 3124.067797
30530081.064638 0.000000 3136.271186
30165211.369618 0.000000 3148.474576
29871616.822074 0.000000 3160.677966
29620823.202531 0.000000 3172.881356
29414436.415406 0.000000 3185.084746
29266260.615413 0.000000 3197.288136
29138455.876783 0.000000 3209.491525
29022738.640471 0.000000 3221.694915
28911334.698198 0.000000 3233.898305
28801897.462066 0.000000 3246.101695
28697460.868982 0.000000 3258.305085
28612689.756345 0.000000 3270.508475
28567535.982068 0.000000 3282.711864
28608688.651235 0.000000 3294.915254
28837089.934375 0.000000 3307.118644
29285755.281507 0.000000 3319.322034
29216050.071486 0.000000 3331.525424
29480221.183190 0.000000 3343.728814
32338716.596398 0.000000 3355.932203
34899924.684421 0.000000 3368.135593
34609054.114017 0.000000 3380.338983
32946540.930185 0.000000 3392.542373
31343348.579502 0.000000 3404.745763
27894226.272212 0.000000 3416.949153
27956751.918378 0.000000 3429.152542
5899080.898277 0.000000 3441.355932
47311187.356870 0.000000 3453.559322
109987.995225 0.000000 3465.762712
180564.066185 0.000000 3477.966102
246650.896367 0.000000 3490.169492
307004.810998 0.000000 3502.372881
361022.773293 0.000000 3514.576271
407991.113601 0.000000 3526.779661
447699.322778 0.000000 3538.983051
480121.503531 0.000000 3551.186441
505491.270757 0.000000 3563.389831
524109.688375 0.000000 3575.593220
536307.036759 0.000000 3587.796610
542334.440258 0.000000 3600.000000
