32249.713880 0.000000 0.000000
32399.273963 0.000000 12.203390
32698.569927 0.000000 24.406780
33148.889656 0.000000 36.610169
33750.913261 0.000000 48.813559
34506.971852 0.000000 61.016949
35418.302910 0.000000 73.220339
36488.406769 0.000000 85.423729
37719.007114 0.000000 97.627119
39114.808134 0.000000 109.830508
40677.998588 0.000000 122.033898
42414.524181 0.000000 134.237288
44327.019122 0.000000 146.440678
46422.717270 0.000000 158.644068
48704.675665 0.000000 170.847458
51181.475050 0.000000 183.050847
53856.570949 0.000000 195.254237
56739.961822 0.000000 207.457627
59835.476030 0.000000 219.661017
63154.612048 0.000000 231.864407
66701.544425 0.000000 244.067797
70489.365473 0.000000 256.271186
74522.568227 0.000000 268.474576
78815.940650 0.000000 280.677966
83374.266335 0.000000 292.881356
88214.134212 0.000000 305.084746
93340.586947 0.000000 317.288136
98772.115575 0.000000 329.491525
104513.985660 0.000000 341.694915
110586.671221 0.000000 353.898305
116995.612316 0.000000 366.101695
123763.304181 0.000000 378.305085
130895.283659 0.000000 390.508475
138416.022948 0.000000 402.711864
146331.020511 0.000000 414.915254
154666.529137 0.000000 427.118644
163427.757403 0.000000 439.322034
172642.283229 0.000000 451.525424
182314.542480 0.000000 463.728814
192472.530047 0.000000 475.932203
203118.990263 0.000000 488.135593
214280.642646 0.000000 500.338983
225956.791793 0.000000 512.542373
238169.832717 0.000000 524.745763
250912.321779 0.000000 536.949153
264196.881061 0.000000 549.152542
278003.091519 0.000000 561.355932
292324.061424 0.000000 573.559322
307114.694047 0.000000 585.762712
322331.058806 0.000000 597.966102
337881.422579 0.000000 610.169492
353653.027070 0.000000 622.372881
369466.456657 0.000000 634.576271
385082.342118 0.000000 646.779661
400157.875600 0.000000 658.983051
414223.677746 0.000000 671.186441
426639.501212 0.000000 683.389831
436532.323353 0.000000 695.593220
442754.024198 0.000000 707.796610
443792.549266 0.000000 720.000000
437780.656248 0.000000 732.203390
422490.671854 0.000000 744.406780
395610.744930 0.000000 756.610169
355169.177642 0.000000 768.813559
300489.860576 0.000000 781.016949
233273.005846 0.000000 793.220339
158768.688905 0.000000 805.423729
85836.338236 0.000000 817.627119
25987925.938192 0.000000 829.830508
-2202040.364211 -0.000000 842.033898
-10316944.080902 -0.000000 854.237288
-13697076.976775 -0.000000 866.440678
-13093623.506135 -0.000000 878.644068
-12864251.706958 -0.000000 890.847458
-12804228.547216 -0.000000 903.050847
-12834547.230840 -0.000000 915.254237
-12844276.648825 -0.000000 927.457627
-12790496.920309 -0.000000 939.661017
-12695981.046292 -0.000000 951.864407
-12620744.069980 -0.000000 964.067797
-12612659.485285 -0.000000 976.271186
-12663066.053532 -0.000000 988.474576
-12724173.802778 -0.000000 1000.677966
-12762359.906247 -0.000000 1012.881356
-12779492.948684 -0.000000 1025.084746
-12785390.767865 -0.000000 1037.288136
-12774841.771193 -0.000000 1049.491525
-12758781.271941 -0.000000 1061.694915
-12751540.552496 -0.000000 1073.898305
-12756165.325898 -0.000000 1086.101695
-12761456.496743 -0.000000 1098.305085
-12759008.707108 -0.000000 1110.508475
-12754962.693346 -0.000000 1122.711864
-12753168.243875 -0.000000 1134.915254
-12751958.537511 -0.000000 1147.118644
-12750261.204368 -0.000000 1159.322034
-12753418.631495 -0.000000 1171.525424
-12753767.752747 -0.000000 1183.728814
-12751025.030694 -0.000000 1195.932203
-12751387.704964 -0.000000 1208.135593
-12752935.620122 -0.000000 1220.338983
-12752309.999084 -0.000000 1232.542373
-12754963.797274 -0.000000 1244.745763
-12755808.487714 -0.000000 1256.949153
-12752478.296584 -0.000000 1269.152542
-12747368.994836 -0.000000 1281.355932
-12748109.734538 -0.000000 1293.559322
-12753524.481370 -0.000000 1305.762712
-12754285.337094 -0.000000 1317.966102
-12746694.097151 -0.000000 1330.169492
-12720779.313527 -0.000000 1342.372881
-12692286.532323 -0.000000 1354.576271
-12667193.223659 -0.000000 1366.779661
-12643835.017113 -0.000000 1378.983051
-12619596.365019 -0.000000 1391.186441
-12594564.311883 -0.000000 1403.389831
-12567456.250563 -0.000000 1415.593220
-12544043.259570 -0.000000 1427.796610
-12513144.789108 -0.000000 1440.000000
-12466472.662003 -0.000000 1452.203390
-12404357.769181 -0.000000 1464.406780
-12327763.196561 -0.000000 1476.610169
-12242618.001898 -0.000000 1488.813559
-12155788.038623 -0.000000 1501.016949
-12067583.348179 -0.000000 1513.220339
-11979485.864780 -0.000000 1525.423729
-11891463.822101 -0.000000 1537.627119
-11804097.193032 -0.000000 1549.830508
-11716848.838859 -0.000000 1562.033898
-11630445.675332 -0.000000 1574.237288
-11543721.345903 -0.000000 1586.440678
-11457814.523764 -0.000000 1598.644068
-11370668.263225 -0.000000 1610.847458
-11283745.319419 -0.000000 1623.050847
-11193891.284691 -0.000000 1635.254237
-11102970.685895 -0.000000 1647.457627
-11008219.550071 -0.000000 1659.661017
-10914206.101011 -0.000000 1671.864407
-10818841.418000 -0.000000 1684.067797
-10720691.635996 -0.000000 1696.271186
-10606133.180792 -0.000000 1708.474576
-10471150.491207 -0.000000 1720.677966
-10311345.569026 -0.000000 1732.881356
-10121328.977538 -0.000000 1745.084746
-9870891.103345 -0.000000 1757.288136
-9523353.469326 -0.000000 1769.491525
-9025547.900129 -0.000000 1781.694915
-8320885.435052 -0.000000 1793.898305
-7318763.018857 -0.000000 1806.101695
-5910397.622297 -0.000000 1818.305085
-3944588.442138 -0.000000 1830.508475
-1279625.510193 -0.000000 1842.711864
2205320.196231 0.000000 1854.915254
6424085.384737 0.000000 1867.118644
10727226.100752 0.000000 1879.322034
13183312.220257 0.000000 1891.525424
13739241.517997 0.000000 1903.728814
15417689.058634 0.000000 1915.932203
2896899.728007 0.000000 1928.135593
-16658022.713357 -0.000000 1940.338983
-15121460.448735 -0.000000 1952.542373
-32758747.152120 -0.000000 1964.745763
-32726200.836185 -0.000000 1976.949153
-18637089.459933 -0.000000 1989.152542
-14655935.809659 -0.000000 2001.355932
-13063405.101253 -0.000000 2013.559322
-12431272.695667 -0.000000 2025.762712
-13013959.139272 -0.000000 2037.966102
-14061978.540131 -0.000000 2050.169492
-15311851.176069 -0.000000 2062.372881
-17018507.621114 -0.000000 2074.576271
-20341122.945630 -0.000000 2086.779661
-20825797.452494 -0.000000 2098.983051
-92136711.660857 -0.000000 2111.186441
-35759729.871317 -0.000000 2123.389831
70315.672790 0.000000 2135.593220
59671118.628373 0.000000 2147.796610
15828326.478074 0.000000 2160.000000
15254583.800753 0.000000 2172.203390
18188119.379098 0.000000 2184.406780
21878311.684076 0.000000 2196.610169
1597808.553374 0.000000 2208.813559
21988551.700619 0.000000 2221.016949
19817325.178155 0.000000 2233.220339
25924709.825396 0.000000 2245.423729
30099749.661020 0.000000 2257.627119
17240001.767074 0.000000 2269.830508
10815296.397128 0.000000 2282.033898
4523349.933256 0.000000 2294.237288
-580395.983663 -0.000000 2306.440678
-2290671.646119 -0.000000 2318.644068
-1791452.245690 -0.000000 2330.847458
-233464.869575 -0.000000 2343.050847
1602914.359348 0.000000 2355.254237
3340514.845025 0.000000 2367.457627
4828058.527607 0.000000 2379.661017
6047153.958662 0.000000 2391.864407
7023752.571738 0.000000 2404.067797
7809398.348885 0.000000 2416.271186
8445778.763519 0.000000 2428.474576
8973206.749167 0.000000 2440.677966
9416053.782135 0.000000 2452.881356
9796106.681219 0.000000 2465.084746
10124405.253696 0.000000 2477.288136
10412149.938750 0.000000 2489.491525
10664340.235697 0.000000 2501.694915
10887552.635387 0.000000 2513.898305
11084419.832499 0.000000 2526.101695
11259407.437578 0.000000 2538.305085
11414126.060788 0.000000 2550.508475
11552001.437986 0.000000 2562.711864
11674198.370365 0.000000 2574.915254
11783570.472819 0.000000 2587.118644
11880873.584798 0.000000 2599.322034
11968404.074545 0.000000 2611.525424
12046384.729262 0.000000 2623.728814
12116804.024752 0.000000 2635.932203
12179665.748343 0.000000 2648.135593
12237189.437059 0.000000 2660.338983
12289454.471186 0.000000 2672.542373
12339087.771129 0.000000 2684.745763
12386384.656123 0.000000 2696.949153
12434095.986625 0.000000 2709.152542
12481899.095382 0.000000 2721.355932
12528346.220444 0.000000 2733.559322
12563130.341004 0.000000 2745.762712
12565996.282175 0.000000 2757.966102
12516619.494012 0.000000 2770.169492
12418966.400368 0.000000 2782.372881
12313228.016354 0.000000 2794.576271
12213114.042795 0.000000 2806.779661
12047411.325814 0.000000 2818.983051
11678463.247593 0.000000 2831.186441
10954436.776127 0.000000 2843.389831
9716711.506136 0.000000 2855.593220
7737911.611684 0.000000 2867.796610
4906625.999205 0.000000 2880.000000
1537015.836244 0.000000 2892.203390
-363700.499424 -0.000000 2904.406780
2406751.180650 0.000000 2916.610169
14492695.222805 0.000000 2928.813559
27739858.011984 0.000000 2941.016949
30181379.744881 0.000000 2953.220339
30223906.421132 0.000000 2965.423729
30595226.946397 0.000000 2977.627119
30891493.846975 0.000000 2989.830508
31054749.853774 0.000000 3002.033898
30793440.813601 0.000000 3014.237288
30303621.844189 0.000000 3026.440678
30116668.310144 0.000000 3038.644068
29819422.561097 0.000000 3050.847458
29451876.330085 0.000000 3063.050847
29157628.632661 0.000000 3075.254237
28867139.208350 0.000000 3087.457627
28653687.816606 0.000000 3099.661017
28478971.604058 0.000000 3111.864407
28341459.499209 0.000000 3124.067797
28222244.499116 0.000000 3136.271186
28121945.840892 0.000000 3148.474576
28023293.975330 0.000000 3160.677966
27935136.107771 0.000000 3172.881356
27871947.430291 0.000000 3185.084746
27865978.593721 0.000000 3197.288136
27966107.701480 0.000000 3209.491525
28274239.598952 0.000000 3221.694915
28768405.182956 0.000000 3233.898305
28746783.884030 0.000000 3246.101695
29296501.116184 0.000000 3258.305085
31864588.098494 0.000000 3270.508475
33947375.412965 0.000000 3282.711864
33657016.432663 0.000000 3294.915254
32226796.221890 0.000000 3307.118644
30208899.064497 0.000000 3319.322034
27219153.429255 0.000000 3331.525424
29004833.540140 0.000000 3343.728814
8216999.807956 0.000000 3355.932203
8880167.952722 0.000000 3368.135593
10730.207583 0.000000 3380.338983
19288.138020 0.000000 3392.542373
27775.274756 0.000000 3404.745763
35683.326513 0.000000 3416.949153
43106.630331 0.000000 3429.152542
49766.917151 0.000000 3441.355932
55656.008784 0.000000 3453.559322
60713.109280 0.000000 3465.762712
64987.877057 0.000000 3477.966102
68526.616097 0.000000 3490.169492
71416.590240 0.000000 3502.372881
73737.503194 0.000000 3514.576271
75576.976300 0.000000 3526.779661
77009.124964 0.000000 3538.983051
78102.687714 0.000000 3551.186441
78911.847800 0.000000 3563.389831
79481.443465 0.000000 3575.593220
79843.301143 0.000000 3587.796610
80019.013940 0.000000 3600.000000
