637726.754706 0.000000 0.000000
639267.973968 0.000000 12.203390
642342.316440 0.000000 24.406780
646926.135581 0.000000 36.610169
652990.995044 0.000000 48.813559
660479.617919 0.000000 61.016949
669328.632847 0.000000 73.220339
679424.189824 0.000000 85.423729
690636.986299 0.000000 97.627119
702751.612128 0.000000 109.830508
715513.297012 0.000000 122.033898
728521.503702 0.000000 134.237288
741285.551977 0.000000 146.440678
753069.483150 0.000000 158.644068
762951.478379 0.000000 170.847458
769608.262628 0.000000 183.050847
771382.385443 0.000000 195.254237
766025.018724 0.000000 207.457627
750843.821745 0.000000 219.661017
722565.451178 0.000000 231.864407
677873.323038 0.000000 244.067797
613865.990071 0.000000 256.271186
529513.111796 0.000000 268.474576
426927.768844 0.000000 280.677966
312988.159515 0.000000 292.881356
199154.713076 0.000000 305.084746
99773.977997 0.000000 317.288136
556571988.071595 0.000000 329.491525
-6134909.387850 -0.000000 341.694915
-12991825.491449 -0.000000 353.898305
-13476648.711372 -0.000000 366.101695
-13101391.665881 -0.000000 378.305085
-12974556.324708 -0.000000 390.508475
-12936379.153443 -0.000000 402.711864
-12934627.408147 -0.000000 414.915254
-12913131.805601 -0.000000 427.118644
-12823513.492672 -0.000000 439.322034
-12698857.241531 -0.000000 451.525424
-12633277.739278 -0.000000 463.728814
-12689352.278536 -0.000000 475.932203
-12779041.930315 -0.000000 488.135593
-12815835.283204 -0.000000 500.338983
-12823698.957373 -0.000000 512.542373
-12823417.743212 -0.000000 524.745763
-12820076.686655 -0.000000 536.949153
-12817825.116167 -0.000000 549.152542
-12813621.001334 -0.000000 561.355932
-12808678.155669 -0.000000 573.559322
-12798100.208516 -0.000000 585.762712
-12768991.830395 -0.000000 597.966102
-12733465.937295 -0.000000 610.169492
-12694042.195500 -0.000000 622.372881
-12652854.293131 -0.000000 634.576271
-12603473.288233 -0.000000 646.779661
-12530850.330303 -0.000000 658.983051
-12448252.926105 -0.000000 671.186441
-12358312.006309 -0.000000 683.389831
-12261669.062271 -0.000000 695.593220
-12159195.027200 -0.000000 707.796610
-12040618.291063 -0.000000 720.000000
-11903135.149555 -0.000000 732.203390
-11752139.587799 -0.000000 744.406780
-11599190.546826 -0.000000 756.610169
-11457109.474281 -0.000000 768.813559
-11337299.510230 -0.000000 781.016949
-11241051.257684 -0.000000 793.220339
-11155925.920916 -0.000000 805.423729
-11055966.808186 -0.000000 817.627119
-10925726.872751 -0.000000 829.830508
-10772203.311252 -0.000000 842.033898
-10617042.460794 -0.000000 854.237288
-10470815.743857 -0.000000 866.440678
-10333581.459669 -0.000000 878.644068
-10200415.644513 -0.000000 890.847458
-10068901.255492 -0.000000 903.050847
-9937672.010035 -0.000000 915.254237
-9805696.287001 -0.000000 927.457627
-9672192.866934 -0.000000 939.661017
-9535757.635366 -0.000000 951.864407
-9397524.852795 -0.000000 964.067797
-9259653.854844 -0.000000 976.271186
-9128523.217921 -0.000000 988.474576
-9007661.296514 -0.000000 1000.677966
-8896701.054540 -0.000000 1012.881356
-8786027.197435 -0.000000 1025.084746
-8667243.828119 -0.000000 1037.288136
-8536098.782880 -0.000000 1049.491525
-8397481.154328 -0.000000 1061.694915
-8256548.715483 -0.000000 1073.898305
-8118437.325218 -0.000000 1086.101695
-7983574.641984 -0.000000 1098.305085
-7852202.464513 -0.000000 1110.508475
-7722339.551831 -0.000000 1122.711864
-7593311.721286 -0.000000 1134.915254
-7463175.846750 -0.000000 1147.118644
-7331033.537758 -0.000000 1159.322034
-7195051.600231 -0.000000 1171.525424
-7054995.439039 -0.000000 1183.728814
-6912040.045533 -0.000000 1195.932203
-6771367.134582 -0.000000 1208.135593
-6640005.857191 -0.000000 1220.338983
-6522817.780133 -0.000000 1232.542373
-6416066.822960 -0.000000 1244.745763
-6308794.059720 -0.000000 1256.949153
-6191028.424114 -0.000000 1269.152542
-6061296.513414 -0.000000 1281.355932
-5924508.483848 -0.000000 1293.559322
-5785945.443690 -0.000000 1305.762712
-5647917.893782 -0.000000 1317.966102
-5510842.851510 -0.000000 1330.169492
-5374671.343818 -0.000000 1342.372881
-5239532.775884 -0.000000 1354.576271
-5105195.126888 -0.000000 1366.779661
-4970997.542577 -0.000000 1378.983051
-4835723.916804 -0.000000 1391.186441
-4698429.089253 -0.000000 1403.389831
-4559313.199405 -0.000000 1415.593220
-4421282.507793 -0.000000 1427.796610
-4289597.129634 -0.000000 1440.000000
-4168922.010459 -0.000000 1452.203390
-4057868.968034 -0.000000 1464.406780
-3948139.180858 -0.000000 1476.610169
-3830100.101677 -0.000000 1488.813559
-3700568.167261 -0.000000 1501.016949
-3563084.568441 -0.000000 1513.220339
-3423976.354986 -0.000000 1525.423729
-3287240.515263 -0.000000 1537.627119
-3154571.808684 -0.000000 1549.830508
-3025124.042460 -0.000000 1562.033898
-2898156.078710 -0.000000 1574.237288
-2771912.168041 -0.000000 1586.440678
-2645692.583901 -0.000000 1598.644068
-2517540.836465 -0.000000 1610.847458
-2386870.829660 -0.000000 1623.050847
-2252319.178691 -0.000000 1635.254237
-2116130.707693 -0.000000 1647.457627
-1982067.321968 -0.000000 1659.661017
-1858060.214768 -0.000000 1671.864407
-1747767.834301 -0.000000 1684.067797
-1649058.139903 -0.000000 1696.271186
-1550377.198983 -0.000000 1708.474576
-1443239.787125 -0.000000 1720.677966
-1324738.290076 -0.000000 1732.881356
-1200570.066873 -0.000000 1745.084746
-1074502.466991 -0.000000 1757.288136
-949907.932526 -0.000000 1769.491525
-825748.027350 -0.000000 1781.694915
-702708.709154 -0.000000 1793.898305
-578943.336000 -0.000000 1806.101695
-454257.649136 -0.000000 1818.305085
-325213.020108 -0.000000 1830.508475
-188941.858401 -0.000000 1842.711864
-38744.115150 -0.000000 1854.915254
133505.302252 0.000000 1867.118644
341581.462332 0.000000 1879.322034
605603.775814 0.000000 1891.525424
955995.165377 0.000000 1903.728814
1438920.955271 0.000000 1915.932203
2119750.787743 0.000000 1928.135593
3085594.675577 0.000000 1940.338983
4449971.119965 0.000000 1952.542373
6265143.222383 0.000000 1964.745763
8594379.622499 0.000000 1976.949153
11776635.589985 0.000000 1989.152542
13677648.029351 0.000000 2001.355932
13472785.022582 0.000000 2013.559322
13870857.532452 0.000000 2025.762712
11776770.819565 0.000000 2037.966102
-280526.041891 -0.000000 2050.169492
-12612589.570559 -0.000000 2062.372881
-20237978.030431 -0.000000 2074.576271
-52577353.882800 -0.000000 2086.779661
-28024913.079507 -0.000000 2098.983051
-17822954.251140 -0.000000 2111.186441
-14528672.271286 -0.000000 2123.389831
-14051259.557175 -0.000000 2135.593220
-15863020.903047 -0.000000 2147.796610
-18706407.767166 -0.000000 2160.000000
-21333622.152381 -0.000000 2172.203390
-23497723.505792 -0.000000 2184.406780
-25130813.026003 -0.000000 2196.610169
-26210338.647552 -0.000000 2208.813559
-26595699.733010 -0.000000 2221.016949
-25514466.352547 -0.000000 2233.220339
-18075833.297586 -0.000000 2245.423729
-69182937.661836 -0.000000 2257.627119
-374604191.971222 -0.000000 2269.830508
506135.587216 0.000000 2282.033898
6374377.552867 0.000000 2294.237288
11038467.931246 0.000000 2306.440678
13032143.683251 0.000000 2318.644068
12933869.282662 0.000000 2330.847458
10874914.649325 0.000000 2343.050847
7640647.419160 0.000000 2355.254237
4525754.061956 0.000000 2367.457627
2478525.126445 0.000000 2379.661017
1773396.823642 0.000000 2391.864407
2177078.778180 0.000000 2404.067797
3258929.864147 0.000000 2416.271186
4658208.911881 0.000000 2428.474576
6112144.990712 0.000000 2440.677966
7495706.872876 0.000000 2452.881356
8740378.945448 0.000000 2465.084746
9845669.655823 0.000000 2477.288136
10813614.125229 0.000000 2489.491525
11669712.181128 0.000000 2501.694915
12424034.784088 0.000000 2513.898305
13094829.150841 0.000000 2526.101695
13686190.821920 0.000000 2538.305085
14206276.305376 0.000000 2550.508475
14656033.063930 0.000000 2562.711864
15023512.852632 0.000000 2574.915254
15280996.348770 0.000000 2587.118644
15459606.804439 0.000000 2599.322034
15545585.754592 0.000000 2611.525424
15559993.402113 0.000000 2623.728814
15568311.241966 0.000000 2635.932203
15558089.080631 0.000000 2648.135593
15560943.282479 0.000000 2660.338983
15569155.915443 0.000000 2672.542373
15573909.327049 0.000000 2684.745763
15589496.732640 0.000000 2696.949153
15594495.326947 0.000000 2709.152542
15598453.576209 0.000000 2721.355932
15609381.007220 0.000000 2733.559322
15617350.757304 0.000000 2745.762712
15602187.863536 0.000000 2757.966102
15570809.797826 0.000000 2770.169492
15551532.303398 0.000000 2782.372881
15543493.943476 0.000000 2794.576271
15502437.834873 0.000000 2806.779661
15463754.491177 0.000000 2818.983051
15494028.147008 0.000000 2831.186441
15585462.608746 0.000000 2843.389831
15657260.924286 0.000000 2855.593220
15682456.091034 0.000000 2867.796610
15659949.849336 0.000000 2880.000000
15545591.761520 0.000000 2892.203390
15521218.924793 0.000000 2904.406780
15873789.001516 0.000000 2916.610169
16118182.060906 0.000000 2928.813559
15427530.356926 0.000000 2941.016949
12401558.762781 0.000000 2953.220339
6675107.277545 0.000000 2965.423729
1150912.164381 0.000000 2977.627119
1760347.997157 0.000000 2989.830508
19048080.287221 0.000000 3002.033898
31705869.043852 0.000000 3014.237288
30325925.324307 0.000000 3026.440678
30275175.640857 0.000000 3038.644068
31149358.474714 0.000000 3050.847458
31958973.790248 0.000000 3063.050847
32121609.591263 0.000000 3075.254237
31911364.668669 0.000000 3087.457627
31330619.989436 0.000000 3099.661017
30939081.759262 0.000000 3111.864407
30820426.942329 0.000000 3124.067797
30476537.145556 0.000000 3136.271186
30161908.319558 0.000000 3148.474576
29896930.963850 0.000000 3160.677966
29671693.081679 0.000000 3172.881356
29515761.492556 0.000000 3185.084746
29388045.706283 0.000000 3197.288136
29277817.375628 0.000000 3209.491525
29171141.322572 0.000000 3221.694915
29066600.129225 0.000000 3233.898305
28966822.980460 0.000000 3246.101695
28885343.378178 0.000000 3258.305085
28845140.505099 0.000000 3270.508475
28884119.727612 0.000000 3282.711864
29103101.623411 0.000000 3294.915254
29481532.461330 0.000000 3307.118644
29404676.132014 0.000000 3319.322034
29742797.430754 0.000000 3331.525424
32269606.869136 0.000000 3343.728814
34678319.042206 0.000000 3355.932203
34753520.938154 0.000000 3368.135593
33490102.126152 0.000000 3380.338983
32211945.392787 0.000000 3392.542373
29372677.609135 0.000000 3404.745763
30923907.433095 0.000000 3416.949153
7165761.869288 0.000000 3429.152542
95246412.975488 0.000000 3441.355932
132612.567406 0.000000 3453.559322
218631.111511 0.000000 3465.762712
300276.954901 0.000000 3477.966102
375796.161683 0.000000 3490.169492
444141.113022 0.000000 3502.372881
504318.247182 0.000000 3514.576271
555948.014244 0.000000 3526.779661
598980.101418 0.000000 3538.983051
633723.713991 0.000000 3551.186441
660633.780996 0.000000 3563.389831
680240.208419 0.000000 3575.593220
693011.098530 0.000000 3587.796610
699303.542494 0.000000 3600.000000
