6399.860480 0.000000 0.000000
6422.811906 0.000000 12.203390
6468.683152 0.000000 24.406780
6537.873574 0.000000 36.610169
6630.450368 0.000000 48.813559
6746.955307 0.000000 61.016949
6887.620903 0.000000 73.220339
7053.254176 0.000000 85.423729
7244.197998 0.000000 97.627119
7461.548266 0.000000 109.830508
7705.761909 0.000000 122.033898
7978.245024 0.000000 134.237288
8279.579708 0.000000 146.440678
8611.506733 0.000000 158.644068
8974.746597 0.000000 170.847458
9371.404783 0.000000 183.050847
9802.356123 0.000000 195.254237
10270.106045 0.000000 207.457627
10775.702052 0.000000 219.661017
11322.089909 0.000000 231.864407
11910.509974 0.000000 244.067797
12544.394547 0.000000 256.271186
13225.198673 0.000000 268.474576
13956.892545 0.000000 280.677966
14741.169815 0.000000 292.881356
15582.595226 0.000000 305.084746
16483.124559 0.000000 317.288136
17447.979671 0.000000 329.491525
18479.402715 0.000000 341.694915
19583.339442 0.000000 353.898305
20762.342718 0.000000 366.101695
22023.154080 0.000000 378.305085
23368.658845 0.000000 390.508475
24806.471643 0.000000 402.711864
26339.831089 0.000000 414.915254
27977.305335 0.000000 427.118644
29722.505072 0.000000 439.322034
31585.038870 0.000000 451.525424
33568.903779 0.000000 463.728814
35684.840833 0.000000 475.932203
37937.246465 0.000000 488.135593
40338.090475 0.000000 500.338983
42892.179127 0.000000 512.542373
45612.815657 0.000000 524.745763
48505.222767 0.000000 536.949153
51584.149015 0.000000 549.152542
54855.240428 0.000000 561.355932
58334.809712 0.000000 573.559322
62028.932265 0.000000 585.762712
65955.615157 0.000000 597.966102
70121.369536 0.000000 610.169492
74546.035009 0.000000 622.372881
79236.568912 0.000000 634.576271
84214.792014 0.000000 646.779661
89488.122143 0.000000 658.983051
95080.519550 0.000000 671.186441
100999.884209 0.000000 683.389831
107272.480109 0.000000 695.593220
113906.722443 0.000000 707.796610
120931.348857 0.000000 720.000000
128355.336283 0.000000 732.203390
136210.063444 0.000000 744.406780
144505.133377 0.000000 756.610169
153274.724712 0.000000 768.813559
162529.154242 0.000000 781.016949
172305.536849 0.000000 793.220339
182615.013922 0.000000 805.423729
193497.731996 0.000000 817.627119
204965.793189 0.000000 829.830508
217062.396817 0.000000 842.033898
229800.756072 0.000000 854.237288
243227.027600 0.000000 866.440678
257355.674808 0.000000 878.644068
272235.522802 0.000000 890.847458
287882.356437 0.000000 903.050847
304347.066551 0.000000 915.254237
321646.648863 0.000000 927.457627
339832.947056 0.000000 939.661017
358923.651303 0.000000 951.864407
378969.604186 0.000000 964.067797
399987.855861 0.000000 976.271186
422024.872890 0.000000 988.474576
445094.142811 0.000000 1000.677966
469231.936797 0.000000 1012.881356
494442.260707 0.000000 1025.084746
520741.060185 0.000000 1037.288136
548111.330553 0.000000 1049.491525
576530.800390 0.000000 1061.694915
605939.462234 0.000000 1073.898305
636244.704760 0.000000 1086.101695
667302.006805 0.000000 1098.305085
698889.900162 0.000000 1110.508475
730701.513318 0.000000 1122.711864
762279.181971 0.000000 1134.915254
793009.477345 0.000000 1147.118644
822003.801611 0.000000 1159.322034
848084.137028 0.000000 1171.525424
869596.763003 0.000000 1183.728814
884383.849398 0.000000 1195.932203
889553.035751 0.000000 1208.135593
881515.576257 0.000000 1220.338983
855923.415274 0.000000 1232.542373
808193.916118 0.000000 1244.745763
734311.915668 0.000000 1256.949153
632671.357176 0.000000 1269.152542
506184.949330 0.000000 1281.355932
364469.397818 0.000000 1293.559322
223949.819474 0.000000 1305.762712
105192.114441 0.000000 1317.966102
230851659.765621 0.000000 1330.169492
-3103306.230706 -0.000000 1342.372881
-9821143.067597 -0.000000 1354.576271
-13338970.885472 -0.000000 1366.779661
-13312397.423864 -0.000000 1378.983051
-12981637.334849 -0.000000 1391.186441
-12910343.757323 -0.000000 1403.389831
-12928182.232592 -0.000000 1415.593220
-12907714.670173 -0.000000 1427.796610
-12762674.923431 -0.000000 1440.000000
-12500740.532646 -0.000000 1452.203390
-12371713.635970 -0.000000 1464.406780
-12388845.012624 -0.000000 1476.610169
-12367783.537597 -0.000000 1488.813559
-12320390.224424 -0.000000 1501.016949
-12277788.160970 -0.000000 1513.220339
-12214314.256980 -0.000000 1525.423729
-12117087.602727 -0.000000 1537.627119
-11982234.055114 -0.000000 1549.830508
-11823492.366826 -0.000000 1562.033898
-11652618.348100 -0.000000 1574.237288
-11480392.126610 -0.000000 1586.440678
-11308667.016357 -0.000000 1598.644068
-11135147.023084 -0.000000 1610.847458
-10954377.893825 -0.000000 1623.050847
-10768418.635289 -0.000000 1635.254237
-10575120.307172 -0.000000 1647.457627
-10372340.869559 -0.000000 1659.661017
-10155718.936136 -0.000000 1671.864407
-9926567.811550 -0.000000 1684.067797
-9684073.121475 -0.000000 1696.271186
-9421817.047444 -0.000000 1708.474576
-9114995.306829 -0.000000 1720.677966
-8720666.404884 -0.000000 1732.881356
-8182577.383427 -0.000000 1745.084746
-7435749.050698 -0.000000 1757.288136
-6405507.592966 -0.000000 1769.491525
-4999416.546446 -0.000000 1781.694915
-3118629.622179 -0.000000 1793.898305
-655685.715529 -0.000000 1806.101695
2462857.117518 0.000000 1818.305085
6194209.354610 0.000000 1830.508475
10297430.935878 0.000000 1842.711864
13075402.032448 0.000000 1854.915254
13641283.430125 0.000000 1867.118644
12926802.075648 0.000000 1879.322034
4360859.318165 0.000000 1891.525424
-11113078.333238 -0.000000 1903.728814
-16267696.933744 -0.000000 1915.932203
-55570165.889089 -0.000000 1928.135593
-33568604.208583 -0.000000 1940.338983
-18767003.322186 -0.000000 1952.542373
-14756114.173962 -0.000000 1964.745763
-13428167.454443 -0.000000 1976.949153
-13974744.580977 -0.000000 1989.152542
-16130392.568649 -0.000000 2001.355932
-18702523.664178 -0.000000 2013.559322
-21236682.917513 -0.000000 2025.762712
-23725822.462003 -0.000000 2037.966102
-26128676.705448 -0.000000 2050.169492
-28494036.503942 -0.000000 2062.372881
-30831211.817808 -0.000000 2074.576271
-33270075.815298 -0.000000 2086.779661
-26224023.081035 -0.000000 2098.983051
-102316850.813456 -0.000000 2111.186441
-5298767.580944 -0.000000 2123.389831
22463227.829964 0.000000 2135.593220
17875608.650427 0.000000 2147.796610
9747623.092658 0.000000 2160.000000
13859032.918934 0.000000 2172.203390
10768737.874545 0.000000 2184.406780
13695501.843673 0.000000 2196.610169
22972707.818568 0.000000 2208.813559
38073116.234324 0.000000 2221.016949
69954222.921732 0.000000 2233.220339
19441089.518574 0.000000 2245.423729
11396731.193180 0.000000 2257.627119
5522542.124749 0.000000 2269.830508
-72077.524760 -0.000000 2282.033898
-2968269.154587 -0.000000 2294.237288
-3674013.898106 -0.000000 2306.440678
-3059996.770409 -0.000000 2318.644068
-1816016.112723 -0.000000 2330.847458
-379737.478492 -0.000000 2343.050847
1000196.441621 0.000000 2355.254237
2219330.301328 0.000000 2367.457627
3243533.948945 0.000000 2379.661017
4089564.011821 0.000000 2391.864407
4782907.402411 0.000000 2404.067797
5358875.971238 0.000000 2416.271186
5842746.136553 0.000000 2428.474576
6258554.678099 0.000000 2440.677966
6620062.641790 0.000000 2452.881356
6939493.376596 0.000000 2465.084746
7222820.833972 0.000000 2477.288136
7476056.857726 0.000000 2489.491525
7702136.046249 0.000000 2501.694915
7904812.962879 0.000000 2513.898305
8086475.073711 0.000000 2526.101695
8250278.301472 0.000000 2538.305085
8398849.621002 0.000000 2550.508475
8534975.995986 0.000000 2562.711864
8661180.276658 0.000000 2574.915254
8779225.551930 0.000000 2587.118644
8890157.501761 0.000000 2599.322034
8992297.483782 0.000000 2611.525424
9080016.219636 0.000000 2623.728814
9143153.655166 0.000000 2635.932203
9174733.655837 0.000000 2648.135593
9186471.731379 0.000000 2660.338983
9208699.784726 0.000000 2672.542373
9266160.193251 0.000000 2684.745763
9348925.233832 0.000000 2696.949153
9423007.958114 0.000000 2709.152542
9463383.104814 0.000000 2721.355932
9479633.011233 0.000000 2733.559322
9493501.000507 0.000000 2745.762712
9518733.588104 0.000000 2757.966102
9556900.388892 0.000000 2770.169492
9581355.277681 0.000000 2782.372881
9534656.089299 0.000000 2794.576271
9325025.330780 0.000000 2806.779661
8860496.860453 0.000000 2818.983051
8019172.412573 0.000000 2831.186441
6676764.508236 0.000000 2843.389831
4672705.664630 0.000000 2855.593220
2040164.128102 0.000000 2867.796610
-718705.543377 -0.000000 2880.000000
-1827037.017958 -0.000000 2892.203390
1580806.100889 0.000000 2904.406780
13033686.774919 0.000000 2916.610169
26117838.865638 0.000000 2928.813559
29863528.679513 0.000000 2941.016949
29900723.150621 0.000000 2953.220339
30017861.240079 0.000000 2965.423729
30456408.433691 0.000000 2977.627119
30675371.508295 0.000000 2989.830508
30230373.093795 0.000000 3002.033898
29877809.408474 0.000000 3014.237288
29710837.109150 0.000000 3026.440678
29287128.348846 0.000000 3038.644068
28914892.134565 0.000000 3050.847458
28575240.334607 0.000000 3063.050847
28254802.083757 0.000000 3075.254237
28034962.216237 0.000000 3087.457627
27883104.850314 0.000000 3099.661017
27799921.485584 0.000000 3111.864407
27753153.182831 0.000000 3124.067797
27722692.074984 0.000000 3136.271186
27690188.479129 0.000000 3148.474576
27659607.526017 0.000000 3160.677966
27642067.024627 0.000000 3172.881356
27656684.499105 0.000000 3185.084746
27746447.506754 0.000000 3197.288136
27983463.947920 0.000000 3209.491525
28428276.970041 0.000000 3221.694915
28576418.879810 0.000000 3233.898305
28745062.088375 0.000000 3246.101695
30664747.530163 0.000000 3258.305085
33129533.624880 0.000000 3270.508475
33288957.842323 0.000000 3282.711864
32005000.981730 0.000000 3294.915254
30001581.807646 0.000000 3307.118644
26977450.002446 0.000000 3319.322034
28569741.810070 0.000000 3331.525424
12972532.767270 0.000000 3343.728814
7864583.823960 0.000000 3355.932203
-820920.274237 -0.000000 3368.135593
-29914.285702 -0.000000 3380.338983
-38161.883622 -0.000000 3392.542373
-48763.845178 -0.000000 3404.745763
-58352.666158 -0.000000 3416.949153
-67574.629946 -0.000000 3429.152542
-75831.266243 -0.000000 3441.355932
-82975.492772 -0.000000 3453.559322
-89039.429965 -0.000000 3465.762712
-93985.343408 -0.000000 3477.966102
-97986.670732 -0.000000 3490.169492
-101104.465402 -0.000000 3502.372881
-103522.486365 -0.000000 3514.576271
-105328.832576 -0.000000 3526.779661
-106672.335989 -0.000000 3538.983051
-107629.745357 -0.000000 3551.186441
-108304.098193 -0.000000 3563.389831
-108747.792092 -0.000000 3575.593220
-109019.865353 -0.000000 3587.796610
-109146.371203 -0.000000 3600.000000
