11656.041910 0.000000 0.000000
11663.470011 0.000000 12.203390
11678.260024 0.000000 24.406780
11700.665245 0.000000 36.610169
11730.691463 0.000000 48.813559
11768.510123 0.000000 61.016949
11814.277453 0.000000 73.220339
11868.224447 0.000000 85.423729
11930.577058 0.000000 97.627119
12001.633255 0.000000 109.830508
12081.679444 0.000000 122.033898
12171.077464 0.000000 134.237288
12270.170399 0.000000 146.440678
12379.378044 0.000000 158.644068
12499.096231 0.000000 170.847458
12629.796689 0.000000 183.050847
12771.924987 0.000000 195.254237
12925.998743 0.000000 207.457627
13092.511257 0.000000 219.661017
13272.020225 0.000000 231.864407
13465.065912 0.000000 244.067797
13672.241409 0.000000 256.271186
13894.134916 0.000000 268.474576
14131.371212 0.000000 280.677966
14384.590173 0.000000 292.881356
14654.445951 0.000000 305.084746
14941.635337 0.000000 317.288136
15246.841580 0.000000 329.491525
15570.826604 0.000000 341.694915
15914.303677 0.000000 353.898305
16278.111634 0.000000 366.101695
16662.996104 0.000000 378.305085
17069.886145 0.000000 390.508475
17499.564545 0.000000 402.711864
17953.067589 0.000000 414.915254
18431.219992 0.000000 427.118644
18935.185791 0.000000 439.322034
19465.838681 0.000000 451.525424
20024.492517 0.000000 463.728814
20612.078594 0.000000 475.932203
21230.086844 0.000000 488.135593
21879.514307 0.000000 500.338983
22562.057124 0.000000 512.542373
23278.788239 0.000000 524.745763
24031.642204 0.000000 536.949153
24821.779101 0.000000 549.152542
25651.408920 0.000000 561.355932
26521.788726 0.000000 573.559322
27435.444631 0.000000 585.762712
28393.743159 0.000000 597.966102
29399.570226 0.000000 610.169492
30454.411825 0.000000 622.372881
31561.562765 0.000000 634.576271
32722.638491 0.000000 646.779661
33941.394639 0.000000 658.983051
35219.585190 0.000000 671.186441
36561.483294 0.000000 683.389831
37968.987598 0.000000 695.593220
39446.950403 0.000000 707.796610
40997.419533 0.000000 720.000000
42625.892825 0.000000 732.203390
44334.569371 0.000000 744.406780
46129.664829 0.000000 756.610169
48013.527650 0.000000 768.813559
49993.171416 0.000000 781.016949
52071.089380 0.000000 793.220339
54255.179618 0.000000 805.423729
56548.073000 0.000000 817.627119
58958.648647 0.000000 829.830508
61489.660945 0.000000 842.033898
64151.076322 0.000000 854.237288
66945.755893 0.000000 866.440678
69884.869866 0.000000 878.644068
72971.361821 0.000000 890.847458
76217.733200 0.000000 903.050847
79626.979045 0.000000 915.254237
83213.071736 0.000000 927.457627
86979.015254 0.000000 939.661017
90940.404949 0.000000 951.864407
95100.201645 0.000000 964.067797
99475.787320 0.000000 976.271186
104070.014513 0.000000 988.474576
108902.226478 0.000000 1000.677966
113975.087243 0.000000 1012.881356
119310.090609 0.000000 1025.084746
124909.616169 0.000000 1037.288136
130797.505504 0.000000 1049.491525
136975.740146 0.000000 1061.694915
143470.718550 0.000000 1073.898305
150283.894317 0.000000 1086.101695
157444.435966 0.000000 1098.305085
164953.120598 0.000000 1110.508475
172842.103087 0.000000 1122.711864
181111.319564 0.000000 1134.915254
189796.118131 0.000000 1147.118644
198895.412074 0.000000 1159.322034
208447.928981 0.000000 1171.525424
218451.363976 0.000000 1183.728814
228947.966305 0.000000 1195.932203
239934.002856 0.000000 1208.135593
251455.311277 0.000000 1220.338983
263506.498986 0.000000 1232.542373
276136.930441 0.000000 1244.745763
289339.294512 0.000000 1256.949153
303166.212342 0.000000 1269.152542
317608.125084 0.000000 1281.355932
332720.305729 0.000000 1293.559322
348490.478686 0.000000 1305.762712
364975.418156 0.000000 1317.966102
382159.357495 0.000000 1330.169492
400098.531031 0.000000 1342.372881
418772.271783 0.000000 1354.576271
438232.745670 0.000000 1366.779661
458451.688588 0.000000 1378.983051
479471.121887 0.000000 1391.186441
501249.933202 0.000000 1403.389831
523809.444626 0.000000 1415.593220
547085.379415 0.000000 1427.796610
571059.740700 0.000000 1440.000000
595624.839184 0.000000 1452.203390
620689.792151 0.000000 1464.406780
646063.788662 0.000000 1476.610169
671521.338927 0.000000 1488.813559
696710.866587 0.000000 1501.016949
721157.265687 0.000000 1513.220339
744198.280925 0.000000 1525.423729
764896.438921 0.000000 1537.627119
782001.126614 0.000000 1549.830508
793742.833515 0.000000 1562.033898
797833.459828 0.000000 1574.237288
791173.712620 0.000000 1586.440678
770043.390424 0.000000 1598.644068
730063.036084 0.000000 1610.847458
667242.760629 0.000000 1623.050847
579153.156544 0.000000 1635.254237
467589.670076 0.000000 1647.457627
340371.460484 0.000000 1659.661017
212332.236989 0.000000 1671.864407
102108.667983 0.000000 1684.067797
41723622.546454 0.000000 1696.271186
-3012240.551559 -0.000000 1708.474576
-8896695.264502 -0.000000 1720.677966
-12813829.220755 -0.000000 1732.881356
-13308770.259655 -0.000000 1745.084746
-13239465.628135 -0.000000 1757.288136
-12791377.558897 -0.000000 1769.491525
-11230825.422920 -0.000000 1781.694915
-9095272.105124 -0.000000 1793.898305
-6380321.066063 -0.000000 1806.101695
-3059258.453618 -0.000000 1818.305085
600648.779899 0.000000 1830.508475
4375972.804366 0.000000 1842.711864
7859573.770499 0.000000 1854.915254
10698267.440195 0.000000 1867.118644
12538199.216448 0.000000 1879.322034
11921947.360729 0.000000 1891.525424
3341478.970241 0.000000 1903.728814
-11557453.837495 -0.000000 1915.932203
-17790285.362328 -0.000000 1928.135593
-87258834.236419 -0.000000 1940.338983
-28560524.812936 -0.000000 1952.542373
-17081492.461181 -0.000000 1964.745763
-14087677.970938 -0.000000 1976.949153
-13390505.460541 -0.000000 1989.152542
-14358761.064117 -0.000000 2001.355932
-16370017.630704 -0.000000 2013.559322
-18498818.702131 -0.000000 2025.762712
-20509951.303070 -0.000000 2037.966102
-22276741.018242 -0.000000 2050.169492
-23777760.299299 -0.000000 2062.372881
-25060597.717177 -0.000000 2074.576271
-26230846.857147 -0.000000 2086.779661
-27090888.709718 -0.000000 2098.983051
-27946096.020168 -0.000000 2111.186441
-24510752.122048 -0.000000 2123.389831
-38117331.210267 -0.000000 2135.593220
-282426950.657324 -0.000000 2147.796610
-31063627.092665 -0.000000 2160.000000
-4823307.419926 -0.000000 2172.203390
-5236984.926992 -0.000000 2184.406780
-4948384.746947 -0.000000 2196.610169
-5469999.165040 -0.000000 2208.813559
-5725950.833883 -0.000000 2221.016949
-5334532.490432 -0.000000 2233.220339
-4308347.304342 -0.000000 2245.423729
-2788546.607702 -0.000000 2257.627119
-1046579.460450 -0.000000 2269.830508
675762.182284 0.000000 2282.033898
2246646.472472 0.000000 2294.237288
3625958.152094 0.000000 2306.440678
4815837.990468 0.000000 2318.644068
5852886.914652 0.000000 2330.847458
6762984.610039 0.000000 2343.050847
7579327.022786 0.000000 2355.254237
8313846.229734 0.000000 2367.457627
8982633.386915 0.000000 2379.661017
9587227.278735 0.000000 2391.864407
10133425.604769 0.000000 2404.067797
10615681.620063 0.000000 2416.271186
11031852.060922 0.000000 2428.474576
11381581.216759 0.000000 2440.677966
11690880.011833 0.000000 2452.881356
11992312.130640 0.000000 2465.084746
12298626.390596 0.000000 2477.288136
12583691.309058 0.000000 2489.491525
12827138.950411 0.000000 2501.694915
13024378.110208 0.000000 2513.898305
13188962.742044 0.000000 2526.101695
13328215.176195 0.000000 2538.305085
13448951.208568 0.000000 2550.508475
13546238.117623 0.000000 2562.711864
13616030.445135 0.000000 2574.915254
13656170.295248 0.000000 2587.118644
13690049.009268 0.000000 2599.322034
13750198.798903 0.000000 2611.525424
13846624.693720 0.000000 2623.728814
13952120.529643 0.000000 2635.932203
14036755.761569 0.000000 2648.135593
14088777.355961 0.000000 2660.338983
14093177.074969 0.000000 2672.542373
14022406.288344 0.000000 2684.745763
13818458.675736 0.000000 2696.949153
13429321.013191 0.000000 2709.152542
12784874.570587 0.000000 2721.355932
11788799.158281 0.000000 2733.559322
10199593.875525 0.000000 2745.762712
7665850.375727 0.000000 2757.966102
4027251.892331 0.000000 2770.169492
559226.327661 0.000000 2782.372881
120594.785824 0.000000 2794.576271
8089082.895343 0.000000 2806.779661
23342109.138273 0.000000 2818.983051
29814961.668452 0.000000 2831.186441
29670915.629405 0.000000 2843.389831
30051105.492998 0.000000 2855.593220
30570541.233171 0.000000 2867.796610
30799307.160793 0.000000 2880.000000
30965911.134674 0.000000 2892.203390
30593334.611330 0.000000 2904.406780
30187683.754417 0.000000 2916.610169
30080669.129179 0.000000 2928.813559
29685334.983694 0.000000 2941.016949
29318385.819492 0.000000 2953.220339
29000045.824992 0.000000 2965.423729
28731733.726523 0.000000 2977.627119
28576059.421677 0.000000 2989.830508
28480346.893096 0.000000 3002.033898
28414995.582443 0.000000 3014.237288
28352468.167592 0.000000 3026.440678
28286272.248819 0.000000 3038.644068
28217030.223287 0.000000 3050.847458
28158911.677563 0.000000 3063.050847
28128171.288499 0.000000 3075.254237
28167443.821846 0.000000 3087.457627
28332882.061051 0.000000 3099.661017
28690462.863987 0.000000 3111.864407
28949657.318932 0.000000 3124.067797
28926393.055077 0.000000 3136.271186
30183415.366857 0.000000 3148.474576
32698723.349297 0.000000 3160.677966
33755788.762497 0.000000 3172.881356
32974009.968828 0.000000 3185.084746
31183359.610234 0.000000 3197.288136
29630509.355571 0.000000 3209.491525
29516637.814164 0.000000 3221.694915
22534750.503493 0.000000 3233.898305
-1185470.635302 -0.000000 3246.101695
2824568.125526 0.000000 3258.305085
16010.417153 0.000000 3270.508475
29219.301582 0.000000 3282.711864
43341.661287 0.000000 3294.915254
57390.840655 0.000000 3307.118644
70924.716833 0.000000 3319.322034
83375.165659 0.000000 3331.525424
94454.418617 0.000000 3343.728814
103974.269254 0.000000 3355.932203
111922.396877 0.000000 3368.135593
118356.306477 0.000000 3380.338983
123421.991488 0.000000 3392.542373
127276.735293 0.000000 3404.745763
130109.040753 0.000000 3416.949153
132084.356121 0.000000 3429.152542
133373.032887 0.000000 3441.355932
134111.278477 0.000000 3453.559322
134432.280711 0.000000 3465.762712
134436.128018 0.000000 3477.966102
134219.558803 0.000000 3490.169492
133851.575183 0.000000 3502.372881
133399.390526 0.000000 3514.576271
132908.517619 0.000000 3526.779661
132423.893154 0.000000 3538.983051
131974.185236 0.000000 3551.186441
131587.740519 0.000000 3563.389831
131281.178865 0.000000 3575.593220
131070.164566 0.000000 3587.796610
130962.127877 0.000000 3600.000000
