29680.068171 0.000000 0.000000
29697.442742 0.000000 12.203390
29732.049844 0.000000 24.406780
29783.967791 0.000000 36.610169
29852.933505 0.000000 48.813559
29938.841970 0.000000 61.016949
30041.375491 0.000000 73.220339
30160.364111 0.000000 85.423729
30295.379038 0.000000 97.627119
30446.200987 0.000000 109.830508
30612.292426 0.000000 122.033898
30793.394944 0.000000 134.237288
30988.871450 0.000000 146.440678
31198.434719 0.000000 158.644068
31421.358588 0.000000 170.847458
31657.339007 0.000000 183.050847
31905.573042 0.000000 195.254237
32165.752775 0.000000 207.457627
32437.011398 0.000000 219.661017
32719.050136 0.000000 231.864407
33010.951131 0.000000 244.067797
33312.437575 0.000000 256.271186
33622.552555 0.000000 268.474576
33941.052733 0.000000 280.677966
34266.952967 0.000000 292.881356
34600.053056 0.000000 305.084746
34939.347701 0.000000 317.288136
35284.687221 0.000000 329.491525
35635.051769 0.000000 341.694915
35990.346980 0.000000 353.898305
36349.542311 0.000000 366.101695
36712.600156 0.000000 378.305085
37078.479370 0.000000 390.508475
37447.199497 0.000000 402.711864
37817.707280 0.000000 414.915254
38190.076716 0.000000 427.118644
38563.240598 0.000000 439.322034
38937.324323 0.000000 451.525424
39311.243099 0.000000 463.728814
39685.171824 0.000000 475.932203
40058.005577 0.000000 488.135593
40429.966250 0.000000 500.338983
40799.928981 0.000000 512.542373
41168.163007 0.000000 524.745763
41533.525000 0.000000 536.949153
41896.335656 0.000000 549.152542
42255.438477 0.000000 561.355932
42611.210681 0.000000 573.559322
42962.491776 0.000000 585.762712
43309.727289 0.000000 597.966102
43651.764398 0.000000 610.169492
43989.129493 0.000000 622.372881
44320.694414 0.000000 634.576271
44647.083162 0.000000 646.779661
44967.210538 0.000000 658.983051
45281.817928 0.000000 671.186441
45589.884627 0.000000 683.389831
45892.290087 0.000000 695.593220
46188.101549 0.000000 707.796610
46478.359489 0.000000 720.000000
46762.243661 0.000000 732.203390
47040.979577 0.000000 744.406780
47313.884993 0.000000 756.610169
47582.394296 0.000000 768.813559
47845.991004 0.000000 781.016949
48106.343750 0.000000 793.220339
48363.128768 0.000000 805.423729
48618.277264 0.000000 817.627119
48871.688244 0.000000 829.830508
49125.581500 0.000000 842.033898
49380.110881 0.000000 854.237288
49637.816643 0.000000 866.440678
49899.141304 0.000000 878.644068
50166.978078 0.000000 890.847458
50442.094807 0.000000 903.050847
50727.774854 0.000000 915.254237
51025.151589 0.000000 927.457627
51337.936252 0.000000 939.661017
51667.671379 0.000000 951.864407
52018.538823 0.000000 964.067797
52392.535901 0.000000 976.271186
52794.360332 0.000000 988.474576
53226.510558 0.000000 1000.677966
53694.247274 0.000000 1012.881356
54200.620563 0.000000 1025.084746
54751.502637 0.000000 1037.288136
55350.542146 0.000000 1049.491525
56004.271294 0.000000 1061.694915
56716.985517 0.000000 1073.898305
57495.926224 0.000000 1086.101695
58346.078556 0.000000 1098.305085
59275.439832 0.000000 1110.508475
60289.725219 0.000000 1122.711864
61397.732841 0.000000 1134.915254
62605.939974 0.000000 1147.118644
63923.985705 0.000000 1159.322034
65359.133929 0.000000 1171.525424
66921.901118 0.000000 1183.728814
68620.349941 0.000000 1195.932203
70465.904377 0.000000 1208.135593
72467.424054 0.000000 1220.338983
74637.260068 0.000000 1232.542373
76985.047026 0.000000 1244.745763
79524.073415 0.000000 1256.949153
82264.699477 0.000000 1269.152542
85221.139267 0.000000 1281.355932
88404.391755 0.000000 1293.559322
91829.556654 0.000000 1305.762712
95508.126640 0.000000 1317.966102
99455.997830 0.000000 1330.169492
103684.927977 0.000000 1342.372881
108211.441676 0.000000 1354.576271
113047.207563 0.000000 1366.779661
118209.085566 0.000000 1378.983051
123708.111644 0.000000 1391.186441
129561.000661 0.000000 1403.389831
135777.333433 0.000000 1415.593220
142372.907667 0.000000 1427.796610
149354.631330 0.000000 1440.000000
156736.190783 0.000000 1452.203390
164520.033967 0.000000 1464.406780
172715.942021 0.000000 1476.610169
181319.335700 0.000000 1488.813559
190333.457512 0.000000 1501.016949
199743.072812 0.000000 1513.220339
209541.118339 0.000000 1525.423729
219696.671476 0.000000 1537.627119
230187.082105 0.000000 1549.830508
240958.870046 0.000000 1562.033898
251966.544190 0.000000 1574.237288
263124.845754 0.000000 1586.440678
274355.636071 0.000000 1598.644068
285529.664053 0.000000 1610.847458
296523.082806 0.000000 1623.050847
307146.676649 0.000000 1635.254237
317213.688774 0.000000 1647.457627
326454.288340 0.000000 1659.661017
334596.409629 0.000000 1671.864407
341263.213669 0.000000 1684.067797
346068.473612 0.000000 1696.271186
348495.095697 0.000000 1708.474576
348006.087442 0.000000 1720.677966
343903.133869 0.000000 1732.881356
335453.149245 0.000000 1745.084746
321728.051627 0.000000 1757.288136
301744.886527 0.000000 1769.491525
274292.538889 0.000000 1781.694915
238079.495394 0.000000 1793.898305
191562.928856 0.000000 1806.101695
133089.887099 0.000000 1818.305085
60765.671727 0.000000 1830.508475
-27446.035566 -0.000000 1842.711864
-133725.930528 -0.000000 1854.915254
-260432.482506 -0.000000 1867.118644
-409739.075617 -0.000000 1879.322034
-584079.763643 -0.000000 1891.525424
-784713.520018 -0.000000 1903.728814
-1013500.779640 -0.000000 1915.932203
-1268023.556427 -0.000000 1928.135593
-1547700.299809 -0.000000 1940.338983
-1837372.317313 -0.000000 1952.542373
-2121855.662423 -0.000000 1964.745763
-2350249.745024 -0.000000 1976.949153
-2268018.903443 -0.000000 1989.152542
-6256404.004759 -0.000000 2001.355932
-32396502.250465 -0.000000 2013.559322
-97840144.226280 -0.000000 2025.762712
-11765162.919083 -0.000000 2037.966102
1407609.778043 0.000000 2050.169492
8474069.515332 0.000000 2062.372881
11301100.135847 0.000000 2074.576271
11043870.296510 0.000000 2086.779661
9304940.669933 0.000000 2098.983051
5813778.057462 0.000000 2111.186441
1055853.403792 0.000000 2123.389831
-3768239.240676 -0.000000 2135.593220
-7443752.409631 -0.000000 2147.796610
-9498511.282523 -0.000000 2160.000000
-10138774.150642 -0.000000 2172.203390
-9808836.423384 -0.000000 2184.406780
-8916845.642523 -0.000000 2196.610169
-7781264.785337 -0.000000 2208.813559
-6625759.502366 -0.000000 2221.016949
-5560095.935423 -0.000000 2233.220339
-4614226.218068 -0.000000 2245.423729
-3764293.671120 -0.000000 2257.627119
-2980589.005943 -0.000000 2269.830508
-2232809.243379 -0.000000 2282.033898
-1508208.953303 -0.000000 2294.237288
-798091.586630 -0.000000 2306.440678
-105662.618419 -0.000000 2318.644068
568032.872714 0.000000 2330.847458
1216382.723817 0.000000 2343.050847
1837847.206761 0.000000 2355.254237
2428041.304993 0.000000 2367.457627
2987307.877568 0.000000 2379.661017
3513831.057043 0.000000 2391.864407
4008945.225360 0.000000 2404.067797
4472394.870444 0.000000 2416.271186
4905840.876914 0.000000 2428.474576
5310201.636838 0.000000 2440.677966
5687385.271457 0.000000 2452.881356
6038946.448482 0.000000 2465.084746
6366422.848972 0.000000 2477.288136
6669456.773881 0.000000 2489.491525
6943929.227489 0.000000 2501.694915
7177250.321728 0.000000 2513.898305
7353989.671881 0.000000 2526.101695
7471110.564917 0.000000 2538.305085
7563122.417816 0.000000 2550.508475
7673755.201300 0.000000 2562.711864
7792914.259179 0.000000 2574.915254
7827084.248565 0.000000 2587.118644
7652208.531552 0.000000 2599.322034
7156941.762040 0.000000 2611.525424
6229483.808699 0.000000 2623.728814
4771173.624049 0.000000 2635.932203
2706072.580169 0.000000 2648.135593
225020.151216 0.000000 2660.338983
-1919819.813268 -0.000000 2672.542373
-1779771.262807 -0.000000 2684.745763
3708818.047126 0.000000 2696.949153
16777889.778360 0.000000 2709.152542
27822489.685342 0.000000 2721.355932
29101191.556275 0.000000 2733.559322
29138633.739865 0.000000 2745.762712
29522081.730231 0.000000 2757.966102
29982236.056060 0.000000 2770.169492
30075818.012468 0.000000 2782.372881
29633446.829130 0.000000 2794.576271
29371687.514700 0.000000 2806.779661
29189681.210232 0.000000 2818.983051
28804654.249531 0.000000 2831.186441
28472164.371689 0.000000 2843.389831
28135498.224541 0.000000 2855.593220
27845676.858534 0.000000 2867.796610
27645715.859678 0.000000 2880.000000
27522452.735457 0.000000 2892.203390
27458746.507384 0.000000 2904.406780
27417487.369526 0.000000 2916.610169
27372160.567955 0.000000 2928.813559
27310116.534013 0.000000 2941.016949
27244156.287806 0.000000 2953.220339
27197820.004827 0.000000 2965.423729
27222049.480154 0.000000 2977.627119
27360244.499764 0.000000 2989.830508
27717414.443211 0.000000 3002.033898
28134915.545521 0.000000 3014.237288
28082187.014537 0.000000 3026.440678
28709175.538483 0.000000 3038.644068
31130440.117340 0.000000 3050.847458
32920204.666432 0.000000 3063.050847
32666073.599005 0.000000 3075.254237
31465963.343123 0.000000 3087.457627
29952732.845840 0.000000 3099.661017
27299461.218883 0.000000 3111.864407
29670465.294373 0.000000 3124.067797
8018477.273735 0.000000 3136.271186
4197185.046779 0.000000 3148.474576
5591.599873 0.000000 3160.677966
10232.208789 0.000000 3172.881356
14647.638967 0.000000 3185.084746
18549.560967 0.000000 3197.288136
22117.560316 0.000000 3209.491525
25243.800717 0.000000 3221.694915
27998.534501 0.000000 3233.898305
30377.729469 0.000000 3246.101695
32441.638187 0.000000 3258.305085
34217.110787 0.000000 3270.508475
35756.847432 0.000000 3282.711864
37089.229218 0.000000 3294.915254
38255.031791 0.000000 3307.118644
39275.256372 0.000000 3319.322034
40179.148072 0.000000 3331.525424
40979.896942 0.000000 3343.728814
41697.910823 0.000000 3355.932203
42340.562237 0.000000 3368.135593
42922.175628 0.000000 3380.338983
43446.366083 0.000000 3392.542373
43923.436179 0.000000 3404.745763
44354.763193 0.000000 3416.949153
44747.983678 0.000000 3429.152542
45103.227265 0.000000 3441.355932
45426.302620 0.000000 3453.559322
45716.702021 0.000000 3465.762712
45978.910242 0.000000 3477.966102
46212.150750 0.000000 3490.169492
46419.886500 0.000000 3502.372881
46601.292931 0.000000 3514.576271
46758.992581 0.000000 3526.779661
46892.247380 0.000000 3538.983051
47002.948502 0.000000 3551.186441
47090.528687 0.000000 3563.389831
47156.205651 0.000000 3575.593220
47199.693067 0.000000 3587.796610
47221.458673 0.000000 3600.000000
