83944.292650 0.000000 0.000000
84277.009626 0.000000 12.203390
84943.789747 0.000000 24.406780
85944.919048 0.000000 36.610169
87284.655708 0.000000 48.813559
88963.225350 0.000000 61.016949
90987.901028 0.000000 73.220339
93358.999655 0.000000 85.423729
96086.758733 0.000000 97.627119
99171.603799 0.000000 109.830508
102626.768350 0.000000 122.033898
106452.800560 0.000000 134.237288
110665.968964 0.000000 146.440678
115266.966261 0.000000 158.644068
120275.126646 0.000000 170.847458
125691.323319 0.000000 183.050847
131537.963881 0.000000 195.254237
137816.154027 0.000000 207.457627
144551.336745 0.000000 219.661017
151744.915092 0.000000 231.864407
159425.248839 0.000000 244.067797
167594.107483 0.000000 256.271186
176282.512895 0.000000 268.474576
185492.643562 0.000000 280.677966
195257.708046 0.000000 292.881356
205580.246813 0.000000 305.084746
216494.817477 0.000000 317.288136
228004.058166 0.000000 329.491525
240142.448534 0.000000 341.694915
252911.991803 0.000000 353.898305
266344.682197 0.000000 366.101695
280440.219243 0.000000 378.305085
295224.041068 0.000000 390.508475
310690.056684 0.000000 402.711864
326850.197003 0.000000 414.915254
343685.625078 0.000000 427.118644
361182.703005 0.000000 439.322034
379296.352030 0.000000 451.525424
397966.043518 0.000000 463.728814
417094.654943 0.000000 475.932203
436536.466152 0.000000 488.135593
456093.541558 0.000000 500.338983
475465.562854 0.000000 512.542373
494263.154619 0.000000 524.745763
511906.956448 0.000000 536.949153
527654.457836 0.000000 549.152542
540436.800517 0.000000 561.355932
548901.545569 0.000000 573.559322
551200.505317 0.000000 585.762712
545106.573342 0.000000 597.966102
527888.452305 0.000000 610.169492
496771.251375 0.000000 622.372881
449333.836299 0.000000 634.576271
384820.365554 0.000000 646.779661
305309.308415 0.000000 658.983051
217209.713762 0.000000 671.186441
131048.088280 0.000000 683.389831
59789.723621 0.000000 695.593220
311819960.628135 0.000000 707.796610
-7246552.892074 -0.000000 720.000000
-13905041.044040 -0.000000 732.203390
-13336504.904228 -0.000000 744.406780
-12965257.679848 -0.000000 756.610169
-12848891.740572 -0.000000 768.813559
-12863315.118482 -0.000000 781.016949
-12883895.714598 -0.000000 793.220339
-12861268.557636 -0.000000 805.423729
-12771417.562486 -0.000000 817.627119
-12651630.315683 -0.000000 829.830508
-12606124.851875 -0.000000 842.033898
-12650820.160084 -0.000000 854.237288
-12725400.186814 -0.000000 866.440678
-12777442.892155 -0.000000 878.644068
-12789394.148693 -0.000000 890.847458
-12787749.014441 -0.000000 903.050847
-12785508.631340 -0.000000 915.254237
-12785037.205173 -0.000000 927.457627
-12779513.242070 -0.000000 939.661017
-12769556.373971 -0.000000 951.864407
-12765337.417393 -0.000000 964.067797
-12766248.840505 -0.000000 976.271186
-12765720.627557 -0.000000 988.474576
-12768233.466986 -0.000000 1000.677966
-12769107.921675 -0.000000 1012.881356
-12765004.981093 -0.000000 1025.084746
-12759517.365193 -0.000000 1037.288136
-12746497.002287 -0.000000 1049.491525
-12720028.500210 -0.000000 1061.694915
-12690526.820222 -0.000000 1073.898305
-12659421.499190 -0.000000 1086.101695
-12626847.302016 -0.000000 1098.305085
-12593920.518427 -0.000000 1110.508475
-12542441.921447 -0.000000 1122.711864
-12458180.494107 -0.000000 1134.915254
-12352495.714699 -0.000000 1147.118644
-12266520.336850 -0.000000 1159.322034
-12207245.373844 -0.000000 1171.525424
-12139882.400173 -0.000000 1183.728814
-12045573.144959 -0.000000 1195.932203
-11930852.235692 -0.000000 1208.135593
-11805837.238519 -0.000000 1220.338983
-11681963.739553 -0.000000 1232.542373
-11563414.491295 -0.000000 1244.745763
-11447531.945614 -0.000000 1256.949153
-11331848.009382 -0.000000 1269.152542
-11212742.872661 -0.000000 1281.355932
-11090964.194189 -0.000000 1293.559322
-10966461.734374 -0.000000 1305.762712
-10845068.604502 -0.000000 1317.966102
-10731802.790782 -0.000000 1330.169492
-10631064.243583 -0.000000 1342.372881
-10537795.622123 -0.000000 1354.576271
-10440747.360484 -0.000000 1366.779661
-10330432.626693 -0.000000 1378.983051
-10206714.416647 -0.000000 1391.186441
-10081182.080713 -0.000000 1403.389831
-9965088.504771 -0.000000 1415.593220
-9862430.757118 -0.000000 1427.796610
-9759123.395583 -0.000000 1440.000000
-9643403.366416 -0.000000 1452.203390
-9515703.044434 -0.000000 1464.406780
-9390534.072675 -0.000000 1476.610169
-9272452.912039 -0.000000 1488.813559
-9160152.121516 -0.000000 1501.016949
-9041599.937467 -0.000000 1513.220339
-8895974.753093 -0.000000 1525.423729
-8708701.364050 -0.000000 1537.627119
-8536069.083491 -0.000000 1549.830508
-8455945.235900 -0.000000 1562.033898
-8426971.907593 -0.000000 1574.237288
-8365320.475703 -0.000000 1586.440678
-8268918.411254 -0.000000 1598.644068
-8163665.516712 -0.000000 1610.847458
-8057126.223858 -0.000000 1623.050847
-7950180.530200 -0.000000 1635.254237
-7840027.478829 -0.000000 1647.457627
-7727651.698008 -0.000000 1659.661017
-7611658.666675 -0.000000 1671.864407
-7494681.049979 -0.000000 1684.067797
-7375262.581658 -0.000000 1696.271186
-7255194.560184 -0.000000 1708.474576
-7130494.745689 -0.000000 1720.677966
-7001104.405189 -0.000000 1732.881356
-6859707.116999 -0.000000 1745.084746
-6702535.297800 -0.000000 1757.288136
-6516523.856348 -0.000000 1769.491525
-6288245.806155 -0.000000 1781.694915
-5993005.353827 -0.000000 1793.898305
-5594858.824828 -0.000000 1806.101695
-5045961.505234 -0.000000 1818.305085
-4265498.839325 -0.000000 1830.508475
-3166389.538913 -0.000000 1842.711864
-1601263.603804 -0.000000 1854.915254
545868.994700 0.000000 1867.118644
3426817.159769 0.000000 1879.322034
7023406.521123 0.000000 1891.525424
11123212.882653 0.000000 1903.728814
13484245.317675 0.000000 1915.932203
13721215.720819 0.000000 1928.135593
13363200.449115 0.000000 1940.338983
3011348.825202 0.000000 1952.542373
-12968581.174838 -0.000000 1964.745763
-16547197.214106 -0.000000 1976.949153
-28039848.419888 -0.000000 1989.152542
-40573996.561689 -0.000000 2001.355932
-20126004.201465 -0.000000 2013.559322
-15053850.879960 -0.000000 2025.762712
-13301697.461960 -0.000000 2037.966102
-13173731.651629 -0.000000 2050.169492
-15063388.091602 -0.000000 2062.372881
-18604937.887538 -0.000000 2074.576271
-24925309.849072 -0.000000 2086.779661
-28686503.965626 -0.000000 2098.983051
-23337186.625151 -0.000000 2111.186441
-164816498.068682 -0.000000 2123.389831
-166304296.049135 -0.000000 2135.593220
-5003266.723183 -0.000000 2147.796610
-1386777.745778 -0.000000 2160.000000
-232434.952689 -0.000000 2172.203390
-55551538.131116 -0.000000 2184.406780
-229797113.621348 -0.000000 2196.610169
-21483266.522300 -0.000000 2208.813559
-37809054.504966 -0.000000 2221.016949
-1793556810.535611 -0.000000 2233.220339
913132.241911 0.000000 2245.423729
8098596.111928 0.000000 2257.627119
11521905.329006 0.000000 2269.830508
9785172.637390 0.000000 2282.033898
5724228.547978 0.000000 2294.237288
2246088.704120 0.000000 2306.440678
298876.379297 0.000000 2318.644068
-290998.557004 -0.000000 2330.847458
94003.759358 0.000000 2343.050847
1034141.270924 0.000000 2355.254237
2222266.565528 0.000000 2367.457627
3411559.969799 0.000000 2379.661017
4524530.101136 0.000000 2391.864407
5525692.078050 0.000000 2404.067797
6448502.991775 0.000000 2416.271186
7263246.228678 0.000000 2428.474576
7972579.941614 0.000000 2440.677966
8566254.464008 0.000000 2452.881356
9078006.026524 0.000000 2465.084746
9518462.950545 0.000000 2477.288136
9911968.475003 0.000000 2489.491525
10261280.698562 0.000000 2501.694915
10579027.550263 0.000000 2513.898305
10865830.267342 0.000000 2526.101695
11129119.136554 0.000000 2538.305085
11368794.648353 0.000000 2550.508475
11587289.711423 0.000000 2562.711864
11779186.051809 0.000000 2574.915254
11939511.464890 0.000000 2587.118644
12066045.607324 0.000000 2599.322034
12178279.595788 0.000000 2611.525424
12299176.650716 0.000000 2623.728814
12432351.477889 0.000000 2635.932203
12553607.922377 0.000000 2648.135593
12663694.430050 0.000000 2660.338983
12765655.756101 0.000000 2672.542373
12844371.431589 0.000000 2684.745763
12861836.053026 0.000000 2696.949153
12849762.639424 0.000000 2709.152542
12880686.279377 0.000000 2721.355932
12991497.903478 0.000000 2733.559322
13103709.517665 0.000000 2745.762712
13138623.096499 0.000000 2757.966102
13100329.704466 0.000000 2770.169492
13079057.350850 0.000000 2782.372881
13118222.792886 0.000000 2794.576271
13179794.348637 0.000000 2806.779661
13190956.668303 0.000000 2818.983051
13083221.377746 0.000000 2831.186441
12762713.925886 0.000000 2843.389831
12102659.205907 0.000000 2855.593220
10953335.465459 0.000000 2867.796610
9076750.693125 0.000000 2880.000000
6232075.082267 0.000000 2892.203390
2533956.507793 0.000000 2904.406780
-242755.939516 -0.000000 2916.610169
1298464.562405 0.000000 2928.813559
11880425.901321 0.000000 2941.016949
25987667.918864 0.000000 2953.220339
30163287.054033 0.000000 2965.423729
30179963.969866 0.000000 2977.627119
30553919.346697 0.000000 2989.830508
30859954.336603 0.000000 3002.033898
31023364.732411 0.000000 3014.237288
30978380.860862 0.000000 3026.440678
30442299.014715 0.000000 3038.644068
30129886.765469 0.000000 3050.847458
29940078.297555 0.000000 3063.050847
29543481.094196 0.000000 3075.254237
29223984.440128 0.000000 3087.457627
28925372.482750 0.000000 3099.661017
28692684.501042 0.000000 3111.864407
28540204.998035 0.000000 3124.067797
28437590.384114 0.000000 3136.271186
28360922.613221 0.000000 3148.474576
28290242.502839 0.000000 3160.677966
28222675.311170 0.000000 3172.881356
28155984.591555 0.000000 3185.084746
28108357.655726 0.000000 3197.288136
28092941.462276 0.000000 3209.491525
28149671.217115 0.000000 3221.694915
28324915.341139 0.000000 3233.898305
28741944.458725 0.000000 3246.101695
29087980.914331 0.000000 3258.305085
28956315.440265 0.000000 3270.508475
30287667.537771 0.000000 3282.711864
33085340.911417 0.000000 3294.915254
34103893.555184 0.000000 3307.118644
32851303.828600 0.000000 3319.322034
30879786.632516 0.000000 3331.525424
28569813.554323 0.000000 3343.728814
28635690.947482 0.000000 3355.932203
17468424.934636 0.000000 3368.135593
152053.698907 0.000000 3380.338983
902046.559275 0.000000 3392.542373
23523.514403 0.000000 3404.745763
40979.630618 0.000000 3416.949153
57810.968220 0.000000 3429.152542
73801.773799 0.000000 3441.355932
88647.724168 0.000000 3453.559322
102004.876565 0.000000 3465.762712
113753.055272 0.000000 3477.966102
123824.980348 0.000000 3490.169492
132292.448758 0.000000 3502.372881
139263.164635 0.000000 3514.576271
144900.044968 0.000000 3526.779661
149363.462304 0.000000 3538.983051
152817.349108 0.000000 3551.186441
155401.051102 0.000000 3563.389831
157234.399342 0.000000 3575.593220
158405.982498 0.000000 3587.796610
158976.808550 0.000000 3600.000000
