1785818.026380 0.000000 0.000000
1786135.220455 0.000000 12.203390
1786410.814113 0.000000 24.406780
1785799.765641 0.000000 36.610169
1783080.733071 0.000000 48.813559
1776271.626767 0.000000 61.016949
1762845.637538 0.000000 73.220339
1739115.334622 0.000000 85.423729
1700619.775751 0.000000 97.627119
1641479.504832 0.000000 109.830508
1555336.510392 0.000000 122.033898
1435376.515631 0.000000 134.237288
1276721.320918 0.000000 146.440678
1077941.015361 0.000000 158.644068
844707.237621 0.000000 170.847458
590543.254302 0.000000 183.050847
336746.013633 0.000000 195.254237
2241095586.032434 0.000000 207.457627
-2791418.321196 -0.000000 219.661017
-8656862.497625 -0.000000 231.864407
-12550906.550342 -0.000000 244.067797
-13457158.587734 -0.000000 256.271186
-13183892.783013 -0.000000 268.474576
-13089095.712293 -0.000000 280.677966
-13082769.310969 -0.000000 292.881356
-12956229.900206 -0.000000 305.084746
-12484320.854036 -0.000000 317.288136
-12095057.972731 -0.000000 329.491525
-11911326.871191 -0.000000 341.694915
-11660575.861159 -0.000000 353.898305
-11416022.920600 -0.000000 366.101695
-11218948.379601 -0.000000 378.305085
-11027875.775011 -0.000000 390.508475
-10852245.415438 -0.000000 402.711864
-10669358.131326 -0.000000 414.915254
-10491543.361842 -0.000000 427.118644
-10306508.343775 -0.000000 439.322034
-10124704.334341 -0.000000 451.525424
-9938568.882116 -0.000000 463.728814
-9755027.207526 -0.000000 475.932203
-9569218.690480 -0.000000 488.135593
-9385226.077161 -0.000000 500.338983
-9200037.494154 -0.000000 512.542373
-9015888.041189 -0.000000 524.745763
-8831041.392147 -0.000000 536.949153
-8646634.712367 -0.000000 549.152542
-8461763.197108 -0.000000 561.355932
-8276942.328770 -0.000000 573.559322
-8091775.215940 -0.000000 585.762712
-7906436.960041 -0.000000 597.966102
-7720822.980863 -0.000000 610.169492
-7534927.657601 -0.000000 622.372881
-7348805.686591 -0.000000 634.576271
-7162358.795290 -0.000000 646.779661
-6975723.743805 -0.000000 658.983051
-6788756.963065 -0.000000 671.186441
-6601634.566838 -0.000000 683.389831
-6414192.469558 -0.000000 695.593220
-6226623.445644 -0.000000 707.796610
-6038755.457942 -0.000000 720.000000
-5850786.324379 -0.000000 732.203390
-5662542.176449 -0.000000 744.406780
-5474220.183430 -0.000000 756.610169
-5285647.435457 -0.000000 768.813559
-5097017.811611 -0.000000 781.016949
-4908160.525040 -0.000000 793.220339
-4719265.087898 -0.000000 805.423729
-4530163.200641 -0.000000 817.627119
-4341039.713567 -0.000000 829.830508
-4151728.798454 -0.000000 842.033898
-3962410.730833 -0.000000 854.237288
-3772922.003935 -0.000000 866.440678
-3583438.565095 -0.000000 878.644068
-3393799.012930 -0.000000 890.847458
-3204175.305935 -0.000000 903.050847
-3014407.928304 -0.000000 915.254237
-2824665.204876 -0.000000 927.457627
-2634789.278799 -0.000000 939.661017
-2444945.198384 -0.000000 951.864407
-2254976.562390 -0.000000 964.067797
-2065045.487787 -0.000000 976.271186
-1874996.823225 -0.000000 988.474576
-1684990.086827 -0.000000 1000.677966
-1494871.197745 -0.000000 1012.881356
-1304797.376868 -0.000000 1025.084746
-1114615.420022 -0.000000 1037.288136
-924480.572502 -0.000000 1049.491525
-734240.333149 -0.000000 1061.694915
-544048.234967 -0.000000 1073.898305
-353752.315592 -0.000000 1086.101695
-163504.676273 -0.000000 1098.305085
26846.264306 0.000000 1110.508475
217149.580977 0.000000 1122.711864
407556.632852 0.000000 1134.915254
597917.416926 0.000000 1147.118644
788383.174972 0.000000 1159.322034
978804.599051 0.000000 1171.525424
1169332.905161 0.000000 1183.728814
1359819.278499 0.000000 1195.932203
1550414.899184 0.000000 1208.135593
1740971.326482 0.000000 1220.338983
1931639.527766 0.000000 1232.542373
2122271.537539 0.000000 1244.745763
2313017.653004 0.000000 1256.949153
2503730.898462 0.000000 1269.152542
2694559.888406 0.000000 1281.355932
2885360.165097 0.000000 1293.559322
3076276.601892 0.000000 1305.762712
3267170.744480 0.000000 1317.966102
3458179.601599 0.000000 1330.169492
3649177.689279 0.000000 1342.372881
3840285.462787 0.000000 1354.576271
4031402.047229 0.000000 1366.779661
4222611.287641 0.000000 1378.983051
4413850.119902 0.000000 1391.186441
4605115.103128 0.000000 1403.389831
4796375.101287 0.000000 1415.593220
4987405.451651 0.000000 1427.796610
5178108.628440 0.000000 1440.000000
5367688.354354 0.000000 1452.203390
5555588.330961 0.000000 1464.406780
5739575.497930 0.000000 1476.610169
5917500.967345 0.000000 1488.813559
6083771.803620 0.000000 1501.016949
6232048.045647 0.000000 1513.220339
6349824.063999 0.000000 1525.423729
6422203.938061 0.000000 1537.627119
6425621.016537 0.000000 1549.830508
6334096.722093 0.000000 1562.033898
6116571.725486 0.000000 1574.237288
5750577.164188 0.000000 1586.440678
5225081.039062 0.000000 1598.644068
4553170.120878 0.000000 1610.847458
3729384.974629 0.000000 1623.050847
2785115.912559 0.000000 1635.254237
2923834.618540 0.000000 1647.457627
10507920.731819 0.000000 1659.661017
14875110.796603 0.000000 1671.864407
13539025.223901 0.000000 1684.067797
13116763.410899 0.000000 1696.271186
13081730.874172 0.000000 1708.474576
13155535.999417 0.000000 1720.677966
12950049.124416 0.000000 1732.881356
12483853.528873 0.000000 1745.084746
12522988.371259 0.000000 1757.288136
13006243.401190 0.000000 1769.491525
13208794.142126 0.000000 1781.694915
13201943.782388 0.000000 1793.898305
13112079.380029 0.000000 1806.101695
12957349.526959 0.000000 1818.305085
13048522.219220 0.000000 1830.508475
13516023.389988 0.000000 1842.711864
14919168.114871 0.000000 1854.915254
12999605.471772 0.000000 1867.118644
4907008.287772 0.000000 1879.322034
4094372.589854 0.000000 1891.525424
5690622.565230 0.000000 1903.728814
7173611.527183 0.000000 1915.932203
8500479.524822 0.000000 1928.135593
9645855.855260 0.000000 1940.338983
10570719.843141 0.000000 1952.542373
11316020.068638 0.000000 1964.745763
11843480.400754 0.000000 1976.949153
12168403.680126 0.000000 1989.152542
12531525.868146 0.000000 2001.355932
12783287.642960 0.000000 2013.559322
12834876.481897 0.000000 2025.762712
12898182.478397 0.000000 2037.966102
13088407.258967 0.000000 2050.169492
13080289.531130 0.000000 2062.372881
11176727.974474 0.000000 2074.576271
6624390.393675 0.000000 2086.779661
-1034068.604833 -0.000000 2098.983051
-9416413.528519 -0.000000 2111.186441
-30206469.013271 -0.000000 2123.389831
-149850320.879290 -0.000000 2135.593220
-25466205.397606 -0.000000 2147.796610
-16119250.436522 -0.000000 2160.000000
-16003885.220513 -0.000000 2172.203390
-19315655.083865 -0.000000 2184.406780
-23569033.275396 -0.000000 2196.610169
-27593763.532338 -0.000000 2208.813559
-31254012.065470 -0.000000 2221.016949
-34424106.221192 -0.000000 2233.220339
-35553081.364073 -0.000000 2245.423729
-30970090.876382 -0.000000 2257.627119
-24873550.325473 -0.000000 2269.830508
-21404482.855744 -0.000000 2282.033898
-18206721.604188 -0.000000 2294.237288
-16590174.359311 -0.000000 2306.440678
-17007524.431874 -0.000000 2318.644068
-17203665.910989 -0.000000 2330.847458
-17370361.204231 -0.000000 2343.050847
-18903509.781717 -0.000000 2355.254237
-22591998.085067 -0.000000 2367.457627
-32488692.476230 -0.000000 2379.661017
-23077894.808531 -0.000000 2391.864407
-9731156.037458 -0.000000 2404.067797
-10013342.640108 -0.000000 2416.271186
-7097869.874779 -0.000000 2428.474576
-3765783.949646 -0.000000 2440.677966
-602879.523362 -0.000000 2452.881356
2181997.879045 0.000000 2465.084746
4536678.753313 0.000000 2477.288136
6505368.471918 0.000000 2489.491525
8158883.105199 0.000000 2501.694915
9571773.337559 0.000000 2513.898305
10797376.052842 0.000000 2526.101695
11872833.215238 0.000000 2538.305085
12814170.688649 0.000000 2550.508475
13627856.562831 0.000000 2562.711864
14308455.093594 0.000000 2574.915254
14843846.368917 0.000000 2587.118644
15210824.082575 0.000000 2599.322034
15429479.358777 0.000000 2611.525424
15460928.066268 0.000000 2623.728814
15326946.728779 0.000000 2635.932203
15335221.622977 0.000000 2648.135593
15549670.587460 0.000000 2660.338983
15689315.247336 0.000000 2672.542373
15646973.060437 0.000000 2684.745763
15438443.389326 0.000000 2696.949153
15162629.401115 0.000000 2709.152542
15217186.491714 0.000000 2721.355932
15802199.433036 0.000000 2733.559322
16385845.478250 0.000000 2745.762712
16592955.968680 0.000000 2757.966102
16542743.567902 0.000000 2770.169492
16388139.092336 0.000000 2782.372881
16234141.867926 0.000000 2794.576271
16086577.626659 0.000000 2806.779661
15967590.838113 0.000000 2818.983051
15868671.048983 0.000000 2831.186441
15774803.202404 0.000000 2843.389831
15709589.497134 0.000000 2855.593220
15680154.396518 0.000000 2867.796610
15675223.049461 0.000000 2880.000000
15693897.540915 0.000000 2892.203390
15735227.848870 0.000000 2904.406780
15799658.042714 0.000000 2916.610169
15959256.326140 0.000000 2928.813559
16385866.742202 0.000000 2941.016949
17428263.114894 0.000000 2953.220339
20049698.068309 0.000000 2965.423729
27279886.660159 0.000000 2977.627119
14195253.787596 0.000000 2989.830508
1855924.872781 0.000000 3002.033898
-2230583.172720 -0.000000 3014.237288
6303827.953757 0.000000 3026.440678
25843875.694267 0.000000 3038.644068
31434295.610137 0.000000 3050.847458
30544448.627796 0.000000 3063.050847
30876271.343754 0.000000 3075.254237
31654271.744648 0.000000 3087.457627
32164378.531776 0.000000 3099.661017
32031167.558877 0.000000 3111.864407
31679452.409696 0.000000 3124.067797
31092983.689971 0.000000 3136.271186
30798015.276937 0.000000 3148.474576
30750841.977440 0.000000 3160.677966
30441062.611453 0.000000 3172.881356
30171995.372888 0.000000 3185.084746
29951276.622497 0.000000 3197.288136
29750958.540647 0.000000 3209.491525
29602557.161704 0.000000 3221.694915
29473024.925067 0.000000 3233.898305
29346986.619762 0.000000 3246.101695
29217754.333836 0.000000 3258.305085
29080166.581364 0.000000 3270.508475
28939612.058597 0.000000 3282.711864
28809704.309717 0.000000 3294.915254
28711887.870516 0.000000 3307.118644
28696063.006610 0.000000 3319.322034
28852119.712078 0.000000 3331.525424
29318850.435117 0.000000 3343.728814
29064265.473637 0.000000 3355.932203
29317117.597488 0.000000 3368.135593
33045234.140093 0.000000 3380.338983
35873211.057745 0.000000 3392.542373
35007154.154190 0.000000 3404.745763
33092815.165546 0.000000 3416.949153
31117954.348752 0.000000 3429.152542
28388633.614824 0.000000 3441.355932
23929140.649518 0.000000 3453.559322
4477404.203057 0.000000 3465.762712
39593503.415553 0.000000 3477.966102
240407.691037 0.000000 3490.169492
388402.201951 0.000000 3502.372881
522175.325027 0.000000 3514.576271
641048.017418 0.000000 3526.779661
743707.464759 0.000000 3538.983051
829400.092345 0.000000 3551.186441
897722.177043 0.000000 3563.389831
948664.404056 0.000000 3575.593220
982413.453681 0.000000 3587.796610
999210.576561 0.000000 3600.000000
