17390.636974 0.000000 0.000000
17401.073034 0.000000 12.203390
17421.898613 0.000000 24.406780
17453.278788 0.000000 36.610169
17495.239068 0.000000 48.813559
17547.835642 0.000000 61.016949
17611.227024 0.000000 73.220339
17685.472444 0.000000 85.423729
17770.793947 0.000000 97.627119
17867.256134 0.000000 109.830508
17975.132077 0.000000 122.033898
18094.485685 0.000000 134.237288
18225.633430 0.000000 146.440678
18368.630690 0.000000 158.644068
18523.830249 0.000000 170.847458
18691.272629 0.000000 183.050847
18871.341891 0.000000 195.254237
19064.059277 0.000000 207.457627
19269.837618 0.000000 219.661017
19488.676529 0.000000 231.864407
19721.017702 0.000000 244.067797
19966.839811 0.000000 256.271186
20226.616001 0.000000 268.474576
20500.306668 0.000000 280.677966
20788.422004 0.000000 292.881356
21090.908473 0.000000 305.084746
21408.319200 0.000000 317.288136
21740.592640 0.000000 329.491525
22088.331989 0.000000 341.694915
22451.472709 0.000000 353.898305
22830.675478 0.000000 366.101695
23225.877201 0.000000 378.305085
23637.801056 0.000000 390.508475
24066.388975 0.000000 402.711864
24512.431134 0.000000 414.915254
24975.874576 0.000000 427.118644
25457.579957 0.000000 439.322034
25957.499610 0.000000 451.525424
26476.565139 0.000000 463.728814
27014.733260 0.000000 475.932203
27573.008543 0.000000 488.135593
28151.349523 0.000000 500.338983
28750.836821 0.000000 512.542373
29371.431377 0.000000 524.745763
30014.293409 0.000000 536.949153
30679.388986 0.000000 549.152542
31367.966746 0.000000 561.355932
32080.002644 0.000000 573.559322
32816.846325 0.000000 585.762712
33578.494783 0.000000 597.966102
34366.415425 0.000000 610.169492
35180.640111 0.000000 622.372881
36022.776970 0.000000 634.576271
36892.911356 0.000000 646.779661
37792.818658 0.000000 658.983051
38722.660587 0.000000 671.186441
39684.410053 0.000000 683.389831
40678.329250 0.000000 695.593220
41706.622721 0.000000 707.796610
42769.680101 0.000000 720.000000
43869.972983 0.000000 732.203390
45008.045361 0.000000 744.406780
46186.672400 0.000000 756.610169
47406.579418 0.000000 768.813559
48670.883159 0.000000 781.016949
49980.516422 0.000000 793.220339
51338.974527 0.000000 805.423729
52747.423370 0.000000 817.627119
54209.775204 0.000000 829.830508
55727.451563 0.000000 842.033898
57304.819489 0.000000 854.237288
58943.578679 0.000000 866.440678
60648.588430 0.000000 878.644068
62421.847018 0.000000 890.847458
64268.743612 0.000000 903.050847
66191.592297 0.000000 915.254237
68196.349623 0.000000 927.457627
70285.659542 0.000000 939.661017
72466.082860 0.000000 951.864407
74740.604489 0.000000 964.067797
77116.424575 0.000000 976.271186
79596.874207 0.000000 988.474576
82189.824514 0.000000 1000.677966
84898.951939 0.000000 1012.881356
87732.828406 0.000000 1025.084746
90695.465654 0.000000 1037.288136
93796.159859 0.000000 1049.491525
97039.237717 0.000000 1061.694915
100434.736541 0.000000 1073.898305
103987.264717 0.000000 1086.101695
107707.609801 0.000000 1098.305085
111600.612816 0.000000 1110.508475
115677.809379 0.000000 1122.711864
119944.205503 0.000000 1134.915254
124412.072323 0.000000 1147.118644
129086.491535 0.000000 1159.322034
133980.442739 0.000000 1171.525424
139098.972238 0.000000 1183.728814
144455.728151 0.000000 1195.932203
150055.585063 0.000000 1208.135593
155912.808877 0.000000 1220.338983
162031.940472 0.000000 1232.542373
168427.805513 0.000000 1244.745763
175104.429712 0.000000 1256.949153
182077.139965 0.000000 1269.152542
189349.247190 0.000000 1281.355932
196936.532403 0.000000 1293.559322
204841.386129 0.000000 1305.762712
213080.027565 0.000000 1317.966102
221653.724068 0.000000 1330.169492
230579.169887 0.000000 1342.372881
239856.331748 0.000000 1354.576271
249502.501001 0.000000 1366.779661
259516.204370 0.000000 1378.983051
269915.578706 0.000000 1391.186441
280697.639446 0.000000 1403.389831
291881.789570 0.000000 1415.593220
303463.539827 0.000000 1427.796610
315464.208124 0.000000 1440.000000
327877.901610 0.000000 1452.203390
340728.786398 0.000000 1464.406780
354009.756223 0.000000 1476.610169
367749.110151 0.000000 1488.813559
381938.766784 0.000000 1501.016949
396612.844431 0.000000 1513.220339
411762.504874 0.000000 1525.423729
427429.817562 0.000000 1537.627119
443605.234540 0.000000 1549.830508
460341.351714 0.000000 1562.033898
477627.543685 0.000000 1574.237288
495529.853064 0.000000 1586.440678
514035.397607 0.000000 1598.644068
533226.597551 0.000000 1610.847458
553085.634084 0.000000 1623.050847
573713.400501 0.000000 1635.254237
595081.749385 0.000000 1647.457627
617309.240000 0.000000 1659.661017
640346.927612 0.000000 1671.864407
664322.631923 0.000000 1684.067797
689145.979202 0.000000 1696.271186
714927.471443 0.000000 1708.474576
741492.699456 0.000000 1720.677966
768866.852936 0.000000 1732.881356
796697.957189 0.000000 1745.084746
824765.824090 0.000000 1757.288136
852323.919873 0.000000 1769.491525
878546.552356 0.000000 1781.694915
901773.186790 0.000000 1793.898305
919794.938354 0.000000 1806.101695
928812.685622 0.000000 1818.305085
923686.538128 0.000000 1830.508475
895922.533144 0.000000 1842.711864
835223.431518 0.000000 1854.915254
725223.398864 0.000000 1867.118644
551431.800989 0.000000 1879.322034
287162.111421 0.000000 1891.525424
-84580.506570 -0.000000 1903.728814
-643494.886089 -0.000000 1915.932203
-1440981.868253 -0.000000 1928.135593
-2594809.935134 -0.000000 1940.338983
-3679424.224378 -0.000000 1952.542373
-11514594.155205 -0.000000 1964.745763
-28311796.777969 -0.000000 1976.949153
-32490872.076767 -0.000000 1989.152542
-30625358.819448 -0.000000 2001.355932
-30331989.168235 -0.000000 2013.559322
-31060719.258480 -0.000000 2025.762712
-32350277.624470 -0.000000 2037.966102
-33193965.191159 -0.000000 2050.169492
-25625890.356233 -0.000000 2062.372881
-23870719.192031 -0.000000 2074.576271
-8202682.016308 -0.000000 2086.779661
-14408834.202157 -0.000000 2098.983051
-547401.300570 -0.000000 2111.186441
11597099.433138 0.000000 2123.389831
4768373.937809 0.000000 2135.593220
4888502.206877 0.000000 2147.796610
5353656.008286 0.000000 2160.000000
21438063.907633 0.000000 2172.203390
538432575.549145 0.000000 2184.406780
8139516.128009 0.000000 2196.610169
10484282.873176 0.000000 2208.813559
14255652.019371 0.000000 2221.016949
14765511.752155 0.000000 2233.220339
12771384.638406 0.000000 2245.423729
10359607.936407 0.000000 2257.627119
8463286.418252 0.000000 2269.830508
7457320.118093 0.000000 2282.033898
7348703.733988 0.000000 2294.237288
7860299.059038 0.000000 2306.440678
8715300.762555 0.000000 2318.644068
9677363.895758 0.000000 2330.847458
10609694.334050 0.000000 2343.050847
11447781.499216 0.000000 2355.254237
12169303.240052 0.000000 2367.457627
12784800.740236 0.000000 2379.661017
13304208.916557 0.000000 2391.864407
13747488.803068 0.000000 2404.067797
14123082.739282 0.000000 2416.271186
14445020.203207 0.000000 2428.474576
14717605.024139 0.000000 2440.677966
14951071.367177 0.000000 2452.881356
15137948.075876 0.000000 2465.084746
15273446.636417 0.000000 2477.288136
15368777.441890 0.000000 2489.491525
15426138.941179 0.000000 2501.694915
15458396.153497 0.000000 2513.898305
15484405.261200 0.000000 2526.101695
15495766.837331 0.000000 2538.305085
15497382.334380 0.000000 2550.508475
15493707.349304 0.000000 2562.711864
15488515.275881 0.000000 2574.915254
15490038.878237 0.000000 2587.118644
15495708.022508 0.000000 2599.322034
15502302.271347 0.000000 2611.525424
15505736.601436 0.000000 2623.728814
15503327.642375 0.000000 2635.932203
15489450.069823 0.000000 2648.135593
15470720.764981 0.000000 2660.338983
15460645.760640 0.000000 2672.542373
15471965.310840 0.000000 2684.745763
15493709.081754 0.000000 2696.949153
15519758.996634 0.000000 2709.152542
15532815.542665 0.000000 2721.355932
15515184.049386 0.000000 2733.559322
15464150.892798 0.000000 2745.762712
15418445.551156 0.000000 2757.966102
15440075.069067 0.000000 2770.169492
15527589.569368 0.000000 2782.372881
15498020.556711 0.000000 2794.576271
15174515.194756 0.000000 2806.779661
14464068.347052 0.000000 2818.983051
13106598.539832 0.000000 2831.186441
10600284.214016 0.000000 2843.389831
6387269.074403 0.000000 2855.593220
1681261.229629 0.000000 2867.796610
77393.941873 0.000000 2880.000000
8184286.976396 0.000000 2892.203390
24164549.517638 0.000000 2904.406780
29991504.268640 0.000000 2916.610169
29518992.138132 0.000000 2928.813559
29834582.191523 0.000000 2941.016949
30379537.319180 0.000000 2953.220339
30629143.941509 0.000000 2965.423729
30601418.283241 0.000000 2977.627119
30256978.582730 0.000000 2989.830508
29779856.582966 0.000000 3002.033898
29647556.030205 0.000000 3014.237288
29459200.019864 0.000000 3026.440678
29155837.948133 0.000000 3038.644068
28928897.185520 0.000000 3050.847458
28714816.611369 0.000000 3063.050847
28542877.655707 0.000000 3075.254237
28399139.444698 0.000000 3087.457627
28264308.591376 0.000000 3099.661017
28123953.985908 0.000000 3111.864407
27978499.368910 0.000000 3124.067797
27834265.997586 0.000000 3136.271186
27714878.393750 0.000000 3148.474576
27634362.086484 0.000000 3160.677966
27625805.547700 0.000000 3172.881356
27711186.569559 0.000000 3185.084746
28061658.157966 0.000000 3197.288136
28349056.605569 0.000000 3209.491525
27960105.717117 0.000000 3221.694915
29508876.538499 0.000000 3233.898305
33043113.339670 0.000000 3246.101695
34166306.284196 0.000000 3258.305085
32712838.054391 0.000000 3270.508475
30531612.162124 0.000000 3282.711864
28749496.712759 0.000000 3294.915254
27399308.310199 0.000000 3307.118644
19890046.820340 0.000000 3319.322034
-229487.114180 -0.000000 3331.525424
5793322.845754 0.000000 3343.728814
41985.420731 0.000000 3355.932203
73435.192005 0.000000 3368.135593
105769.201969 0.000000 3380.338983
137188.041934 0.000000 3392.542373
166985.547668 0.000000 3404.745763
194165.732633 0.000000 3416.949153
218276.094970 0.000000 3429.152542
239051.897336 0.000000 3441.355932
256539.981772 0.000000 3453.559322
270929.087107 0.000000 3465.762712
282543.736479 0.000000 3477.966102
291741.005746 0.000000 3490.169492
298903.508692 0.000000 3502.372881
304381.867654 0.000000 3514.576271
308503.648268 0.000000 3526.779661
311543.447422 0.000000 3538.983051
313739.443894 0.000000 3551.186441
315277.760865 0.000000 3563.389831
316308.268533 0.000000 3575.593220
316936.391968 0.000000 3587.796610
317233.469590 0.000000 3600.000000
