52030.239927 0.000000 0.000000
52271.365972 0.000000 12.203390
52754.698157 0.000000 24.406780
53480.654504 0.000000 36.610169
54452.703144 0.000000 48.813559
55671.316799 0.000000 61.016949
57142.464524 0.000000 73.220339
58866.813921 0.000000 85.423729
60852.796726 0.000000 97.627119
63101.267434 0.000000 109.830508
65623.176942 0.000000 122.033898
68419.542555 0.000000 134.237288
71503.913704 0.000000 146.440678
74877.439871 0.000000 158.644068
78556.363683 0.000000 170.847458
82541.933324 0.000000 183.050847
86853.193668 0.000000 195.254237
91491.457916 0.000000 207.457627
96478.692375 0.000000 219.661017
101816.244285 0.000000 231.864407
107529.126511 0.000000 244.067797
113618.696756 0.000000 256.271186
120113.137464 0.000000 268.474576
127013.805561 0.000000 280.677966
134352.162212 0.000000 292.881356
142129.569298 0.000000 305.084746
150380.843875 0.000000 317.288136
159107.378333 0.000000 329.491525
168347.361575 0.000000 341.694915
178102.262138 0.000000 353.898305
188413.554106 0.000000 366.101695
199282.832352 0.000000 378.305085
210754.595790 0.000000 390.508475
222830.590728 0.000000 402.711864
235557.798607 0.000000 414.915254
248938.037158 0.000000 427.118644
263019.775179 0.000000 439.322034
277804.559670 0.000000 451.525424
293340.607890 0.000000 463.728814
309628.290961 0.000000 475.932203
326712.601717 0.000000 488.135593
344590.679408 0.000000 500.338983
363299.244408 0.000000 512.542373
382827.906865 0.000000 524.745763
403196.471159 0.000000 536.949153
424378.440608 0.000000 549.152542
446361.693510 0.000000 561.355932
469086.934112 0.000000 573.559322
492483.605849 0.000000 585.762712
516427.672129 0.000000 597.966102
540742.564650 0.000000 610.169492
565179.096642 0.000000 622.372881
589368.599369 0.000000 634.576271
612824.526974 0.000000 646.779661
634832.055400 0.000000 658.983051
654467.460889 0.000000 671.186441
670410.138395 0.000000 683.389831
680983.390010 0.000000 695.593220
683906.330967 0.000000 707.796610
676429.430539 0.000000 720.000000
655195.826439 0.000000 732.203390
616803.177238 0.000000 744.406780
558301.616946 0.000000 756.610169
478780.189245 0.000000 768.813559
380770.026222 0.000000 781.016949
272027.823260 0.000000 793.220339
165286.070574 0.000000 805.423729
76319.765079 0.000000 817.627119
259550529.201720 0.000000 829.830508
-5261714.720396 -0.000000 842.033898
-12741140.462682 -0.000000 854.237288
-13490220.946409 -0.000000 866.440678
-13060413.154356 -0.000000 878.644068
-12939533.443561 -0.000000 890.847458
-12907963.753241 -0.000000 903.050847
-12916924.869363 -0.000000 915.254237
-12887229.371200 -0.000000 927.457627
-12789198.489225 -0.000000 939.661017
-12660850.664223 -0.000000 951.864407
-12604956.671007 -0.000000 964.067797
-12675654.279775 -0.000000 976.271186
-12763073.665513 -0.000000 988.474576
-12791502.374916 -0.000000 1000.677966
-12794205.208181 -0.000000 1012.881356
-12797910.223843 -0.000000 1025.084746
-12787375.701715 -0.000000 1037.288136
-12779498.335292 -0.000000 1049.491525
-12748914.171709 -0.000000 1061.694915
-12715640.105426 -0.000000 1073.898305
-12678371.863909 -0.000000 1086.101695
-12642805.426923 -0.000000 1098.305085
-12601683.596730 -0.000000 1110.508475
-12539111.942790 -0.000000 1122.711864
-12447958.222866 -0.000000 1134.915254
-12344264.843671 -0.000000 1147.118644
-12221460.023744 -0.000000 1159.322034
-12091462.894874 -0.000000 1171.525424
-11960565.159634 -0.000000 1183.728814
-11828526.989495 -0.000000 1195.932203
-11692220.276552 -0.000000 1208.135593
-11551782.570086 -0.000000 1220.338983
-11406905.826019 -0.000000 1232.542373
-11260325.280123 -0.000000 1244.745763
-11112990.156588 -0.000000 1256.949153
-10966680.040811 -0.000000 1269.152542
-10821197.051264 -0.000000 1281.355932
-10677018.071841 -0.000000 1293.559322
-10533464.351421 -0.000000 1305.762712
-10390603.120709 -0.000000 1317.966102
-10247793.857209 -0.000000 1330.169492
-10104996.743886 -0.000000 1342.372881
-9961717.290068 -0.000000 1354.576271
-9817965.636087 -0.000000 1366.779661
-9673633.920642 -0.000000 1378.983051
-9529284.361678 -0.000000 1391.186441
-9385835.767991 -0.000000 1403.389831
-9244779.431576 -0.000000 1415.593220
-9107244.658973 -0.000000 1427.796610
-8973105.296214 -0.000000 1440.000000
-8840327.435737 -0.000000 1452.203390
-8705707.234239 -0.000000 1464.406780
-8566682.656083 -0.000000 1476.610169
-8422634.289150 -0.000000 1488.813559
-8275106.350656 -0.000000 1501.016949
-8126759.760606 -0.000000 1513.220339
-7980595.233514 -0.000000 1525.423729
-7838944.566846 -0.000000 1537.627119
-7702781.571339 -0.000000 1549.830508
-7570871.837895 -0.000000 1562.033898
-7440293.212651 -0.000000 1574.237288
-7307897.582269 -0.000000 1586.440678
-7172093.880122 -0.000000 1598.644068
-7033269.930769 -0.000000 1610.847458
-6892964.568588 -0.000000 1623.050847
-6752772.572059 -0.000000 1635.254237
-6613604.776976 -0.000000 1647.457627
-6475779.587570 -0.000000 1659.661017
-6339036.507990 -0.000000 1671.864407
-6202932.652577 -0.000000 1684.067797
-6066675.262968 -0.000000 1696.271186
-5929306.519524 -0.000000 1708.474576
-5789392.598684 -0.000000 1720.677966
-5644946.959232 -0.000000 1732.881356
-5493089.114078 -0.000000 1745.084746
-5329449.839511 -0.000000 1757.288136
-5147723.627657 -0.000000 1769.491525
-4938063.752455 -0.000000 1781.694915
-4686153.735180 -0.000000 1793.898305
-4369766.204380 -0.000000 1806.101695
-3956513.887301 -0.000000 1818.305085
-3397421.625084 -0.000000 1830.508475
-2622873.027632 -0.000000 1842.711864
-1533217.840632 -0.000000 1854.915254
-3755.317954 -0.000000 1867.118644
2133793.587181 0.000000 1879.322034
4902081.458309 0.000000 1891.525424
8850526.396056 0.000000 1903.728814
12653830.702412 0.000000 1915.932203
13536709.307902 0.000000 1928.135593
13568260.532026 0.000000 1940.338983
14356567.968587 0.000000 1952.542373
7708169.307522 0.000000 1964.745763
-9418715.367790 -0.000000 1976.949153
-18163128.637428 -0.000000 1989.152542
-34459325.728745 -0.000000 2001.355932
-42164661.570762 -0.000000 2013.559322
-20573431.120012 -0.000000 2025.762712
-15190853.586443 -0.000000 2037.966102
-13594813.230470 -0.000000 2050.169492
-14089949.054441 -0.000000 2062.372881
-16095472.729963 -0.000000 2074.576271
-18169423.875898 -0.000000 2086.779661
-19850537.681045 -0.000000 2098.983051
-21198317.506464 -0.000000 2111.186441
-22146712.782725 -0.000000 2123.389831
-22727581.035203 -0.000000 2135.593220
-22774961.778628 -0.000000 2147.796610
-22586949.873785 -0.000000 2160.000000
-17950495.847915 -0.000000 2172.203390
-456997726.182986 -0.000000 2184.406780
-71609178.857911 -0.000000 2196.610169
789380.411528 0.000000 2208.813559
4659311.670924 0.000000 2221.016949
8579104.968482 0.000000 2233.220339
9178301.852632 0.000000 2245.423729
7918232.125731 0.000000 2257.627119
5833912.629020 0.000000 2269.830508
3944148.413592 0.000000 2282.033898
2909545.326131 0.000000 2294.237288
2787996.697185 0.000000 2306.440678
3330579.479883 0.000000 2318.644068
4194398.327985 0.000000 2330.847458
5158051.706566 0.000000 2343.050847
6084102.602412 0.000000 2355.254237
6931785.996842 0.000000 2367.457627
7687957.397348 0.000000 2379.661017
8362629.886772 0.000000 2391.864407
8967826.037272 0.000000 2404.067797
9512532.464175 0.000000 2416.271186
10007449.848569 0.000000 2428.474576
10455323.405880 0.000000 2440.677966
10863889.412901 0.000000 2452.881356
11233457.331399 0.000000 2465.084746
11570249.817917 0.000000 2477.288136
11874399.249610 0.000000 2489.491525
12151009.099091 0.000000 2501.694915
12400396.174603 0.000000 2513.898305
12626477.551029 0.000000 2526.101695
12829784.232478 0.000000 2538.305085
13013462.930001 0.000000 2550.508475
13178534.638319 0.000000 2562.711864
13327688.257949 0.000000 2574.915254
13462127.246977 0.000000 2587.118644
13583811.626662 0.000000 2599.322034
13693800.066831 0.000000 2611.525424
13793625.891005 0.000000 2623.728814
13884678.203131 0.000000 2635.932203
13968712.009780 0.000000 2648.135593
14047438.386116 0.000000 2660.338983
14122280.319276 0.000000 2672.542373
14193575.163483 0.000000 2684.745763
14258962.764693 0.000000 2696.949153
14309442.549409 0.000000 2709.152542
14327848.554762 0.000000 2721.355932
14297693.628931 0.000000 2733.559322
14230617.565566 0.000000 2745.762712
14176369.377317 0.000000 2757.966102
14179994.588733 0.000000 2770.169492
14216600.705117 0.000000 2782.372881
14186602.017077 0.000000 2794.576271
13968047.393075 0.000000 2806.779661
13449074.277836 0.000000 2818.983051
12512721.001023 0.000000 2831.186441
10942017.825015 0.000000 2843.389831
8370280.965127 0.000000 2855.593220
4586831.055722 0.000000 2867.796610
799298.068957 0.000000 2880.000000
54632.302181 0.000000 2892.203390
7781491.777783 0.000000 2904.406780
23184643.349440 0.000000 2916.610169
30149290.553588 0.000000 2928.813559
29981477.618942 0.000000 2941.016949
30362129.273556 0.000000 2953.220339
30909290.019118 0.000000 2965.423729
31149410.112753 0.000000 2977.627119
31298405.161855 0.000000 2989.830508
30940433.066140 0.000000 3002.033898
30513924.663620 0.000000 3014.237288
30400393.564803 0.000000 3026.440678
30031377.139948 0.000000 3038.644068
29683980.799367 0.000000 3050.847458
29389906.952477 0.000000 3063.050847
29115885.499652 0.000000 3075.254237
28923916.747389 0.000000 3087.457627
28778025.572636 0.000000 3099.661017
28674172.316838 0.000000 3111.864407
28593232.657766 0.000000 3124.067797
28525611.198365 0.000000 3136.271186
28460492.679709 0.000000 3148.474576
28404592.335535 0.000000 3160.677966
28369002.783630 0.000000 3172.881356
28399731.845754 0.000000 3185.084746
28556893.672283 0.000000 3197.288136
28919200.556514 0.000000 3209.491525
29221421.591648 0.000000 3221.694915
29225983.011832 0.000000 3233.898305
30431932.719043 0.000000 3246.101695
32922092.240394 0.000000 3258.305085
34031803.515354 0.000000 3270.508475
33368416.104445 0.000000 3282.711864
31626404.520003 0.000000 3294.915254
30027755.762790 0.000000 3307.118644
30023375.135984 0.000000 3319.322034
23964195.536102 0.000000 3331.525424
-1207379.066317 -0.000000 3343.728814
9126879.581365 0.000000 3355.932203
32473.941230 0.000000 3368.135593
56172.187646 0.000000 3380.338983
80232.380043 0.000000 3392.542373
103523.647651 0.000000 3404.745763
125471.915041 0.000000 3416.949153
145440.840412 0.000000 3429.152542
163119.473626 0.000000 3441.355932
178353.459569 0.000000 3453.559322
191193.022665 0.000000 3465.762712
201788.072663 0.000000 3477.966102
210378.605175 0.000000 3490.169492
217222.899421 0.000000 3502.372881
222594.604486 0.000000 3514.576271
226740.364298 0.000000 3526.779661
229888.934216 0.000000 3538.983051
232228.128920 0.000000 3551.186441
233918.343724 0.000000 3563.389831
235080.189299 0.000000 3575.593220
235806.185105 0.000000 3587.796610
236154.148993 0.000000 3600.000000
