9457.075139 0.000000 0.000000
9461.594569 0.000000 12.203390
9470.581930 0.000000 24.406780
9484.251912 0.000000 36.610169
9502.629069 0.000000 48.813559
9525.850421 0.000000 61.016949
9554.085924 0.000000 73.220339
9587.520188 0.000000 85.423729
9626.399247 0.000000 97.627119
9670.964047 0.000000 109.830508
9721.529919 0.000000 122.033898
9778.394372 0.000000 134.237288
9841.940425 0.000000 146.440678
9912.520177 0.000000 158.644068
9990.582522 0.000000 170.847458
10076.532510 0.000000 183.050847
10170.883746 0.000000 195.254237
10274.092789 0.000000 207.457627
10386.737546 0.000000 219.661017
10509.325007 0.000000 231.864407
10642.497829 0.000000 244.067797
10786.813782 0.000000 256.271186
10942.982105 0.000000 268.474576
11111.612952 0.000000 280.677966
11293.486696 0.000000 292.881356
11489.269435 0.000000 305.084746
11699.818553 0.000000 317.288136
11925.862788 0.000000 329.491525
12168.345885 0.000000 341.694915
12428.067940 0.000000 353.898305
12706.072233 0.000000 366.101695
13003.242203 0.000000 378.305085
13320.735878 0.000000 390.508475
13659.535741 0.000000 402.711864
14020.934109 0.000000 414.915254
14406.029496 0.000000 427.118644
14816.271531 0.000000 439.322034
15252.895761 0.000000 451.525424
15717.533127 0.000000 463.728814
16211.579118 0.000000 475.932203
16736.873860 0.000000 488.135593
17294.995582 0.000000 500.338983
17888.023366 0.000000 512.542373
18517.743491 0.000000 524.745763
19186.503438 0.000000 536.949153
19896.323021 0.000000 549.152542
20649.850360 0.000000 561.355932
21449.362905 0.000000 573.559322
22297.842108 0.000000 585.762712
23197.849191 0.000000 597.966102
24152.732058 0.000000 610.169492
25165.360106 0.000000 622.372881
26239.483478 0.000000 634.576271
27378.304944 0.000000 646.779661
28586.013770 0.000000 658.983051
29866.172508 0.000000 671.186441
31223.449082 0.000000 683.389831
32661.791931 0.000000 695.593220
34186.391385 0.000000 707.796610
35801.610229 0.000000 720.000000
37513.208470 0.000000 732.203390
39325.993244 0.000000 744.406780
41246.346393 0.000000 756.610169
43279.551125 0.000000 768.813559
45432.669707 0.000000 781.016949
47711.495431 0.000000 793.220339
50123.834607 0.000000 805.423729
52676.027022 0.000000 817.627119
55376.694285 0.000000 829.830508
58232.759118 0.000000 842.033898
61253.735930 0.000000 854.237288
64447.169002 0.000000 866.440678
67823.549596 0.000000 878.644068
71391.081964 0.000000 890.847458
75161.325046 0.000000 903.050847
79143.179384 0.000000 915.254237
83349.369190 0.000000 927.457627
87789.524836 0.000000 939.661017
92477.639728 0.000000 951.864407
97424.104493 0.000000 964.067797
102644.291441 0.000000 976.271186
108149.375979 0.000000 988.474576
113956.223563 0.000000 1000.677966
120076.812736 0.000000 1012.881356
126529.623003 0.000000 1025.084746
133327.445839 0.000000 1037.288136
140490.498259 0.000000 1049.491525
148032.385270 0.000000 1061.694915
155975.186586 0.000000 1073.898305
164333.309983 0.000000 1086.101695
173130.820849 0.000000 1098.305085
182382.904017 0.000000 1110.508475
192115.721912 0.000000 1122.711864
202345.189815 0.000000 1134.915254
213099.654956 0.000000 1147.118644
224395.684461 0.000000 1159.322034
236263.847164 0.000000 1171.525424
248721.233554 0.000000 1183.728814
261800.579648 0.000000 1195.932203
275519.282422 0.000000 1208.135593
289912.029105 0.000000 1220.338983
304996.149255 0.000000 1232.542373
320807.783312 0.000000 1244.745763
337363.543083 0.000000 1256.949153
354700.035397 0.000000 1269.152542
372831.994338 0.000000 1281.355932
391794.660769 0.000000 1293.559322
411598.802371 0.000000 1305.762712
432274.991358 0.000000 1317.966102
453826.220675 0.000000 1330.169492
476272.489615 0.000000 1342.372881
499602.023479 0.000000 1354.576271
523813.679484 0.000000 1366.779661
548867.950659 0.000000 1378.983051
574723.473057 0.000000 1391.186441
601288.804703 0.000000 1403.389831
628447.497665 0.000000 1415.593220
656010.661035 0.000000 1427.796610
683722.352186 0.000000 1440.000000
711210.475623 0.000000 1452.203390
737960.166590 0.000000 1464.406780
763256.226863 0.000000 1476.610169
786107.485981 0.000000 1488.813559
805170.643704 0.000000 1501.016949
818612.509594 0.000000 1513.220339
824025.109079 0.000000 1525.423729
818275.030691 0.000000 1537.627119
797562.653806 0.000000 1549.830508
757594.349453 0.000000 1562.033898
694388.190769 0.000000 1574.237288
605590.244302 0.000000 1586.440678
492663.905734 0.000000 1598.644068
362902.158702 0.000000 1610.847458
230357.525810 0.000000 1623.050847
113651.632024 0.000000 1635.254237
26807273.315469 0.000000 1647.457627
-2167655.624468 -0.000000 1659.661017
-8103241.316439 -0.000000 1671.864407
-12883489.333343 -0.000000 1684.067797
-13317865.609779 -0.000000 1696.271186
-13086341.148994 -0.000000 1708.474576
-13164757.263592 -0.000000 1720.677966
-12995394.552320 -0.000000 1732.881356
-11628167.933136 -0.000000 1745.084746
-9820386.887755 -0.000000 1757.288136
-7681047.660133 -0.000000 1769.491525
-4920248.504881 -0.000000 1781.694915
-1692772.741684 -0.000000 1793.898305
1904578.985599 0.000000 1806.101695
5627580.154223 0.000000 1818.305085
9086529.189305 0.000000 1830.508475
11749651.713368 0.000000 1842.711864
13255958.978662 0.000000 1854.915254
11143544.455943 0.000000 1867.118644
-1230055.696937 -0.000000 1879.322034
-14225458.642078 -0.000000 1891.525424
-18468227.792567 -0.000000 1903.728814
-81576394.988880 -0.000000 1915.932203
-25070448.208473 -0.000000 1928.135593
-16211534.048736 -0.000000 1940.338983
-13791047.210413 -0.000000 1952.542373
-13389255.806784 -0.000000 1964.745763
-14624158.056264 -0.000000 1976.949153
-16683484.843973 -0.000000 1989.152542
-18794935.867887 -0.000000 2001.355932
-20843062.266116 -0.000000 2013.559322
-22783548.311393 -0.000000 2025.762712
-24608459.609640 -0.000000 2037.966102
-26533479.850490 -0.000000 2050.169492
-28424134.440840 -0.000000 2062.372881
-31285021.819519 -0.000000 2074.576271
-26043914.689371 -0.000000 2086.779661
-75802206.809479 -0.000000 2098.983051
-13318484.614082 -0.000000 2111.186441
-8822603.926197 -0.000000 2123.389831
-5472331.915036 -0.000000 2135.593220
3704469.429087 0.000000 2147.796610
10496791.337051 0.000000 2160.000000
6134654.707645 0.000000 2172.203390
7316272.304967 0.000000 2184.406780
36175533.542090 0.000000 2196.610169
161258452.581517 0.000000 2208.813559
14356902.080817 0.000000 2221.016949
10684793.983766 0.000000 2233.220339
11020052.565613 0.000000 2245.423729
8506052.136992 0.000000 2257.627119
5522795.682429 0.000000 2269.830508
3354468.728315 0.000000 2282.033898
2344307.633213 0.000000 2294.237288
2307314.271838 0.000000 2306.440678
2926050.269291 0.000000 2318.644068
3859408.493127 0.000000 2330.847458
4878262.755143 0.000000 2343.050847
5846493.749055 0.000000 2355.254237
6730827.723685 0.000000 2367.457627
7525514.922528 0.000000 2379.661017
8233733.072120 0.000000 2391.864407
8838920.088443 0.000000 2404.067797
9347051.702404 0.000000 2416.271186
9769301.157088 0.000000 2428.474576
10129253.065079 0.000000 2440.677966
10438469.765660 0.000000 2452.881356
10710742.070387 0.000000 2465.084746
10949955.968811 0.000000 2477.288136
11163335.767578 0.000000 2489.491525
11352367.214495 0.000000 2501.694915
11520337.000945 0.000000 2513.898305
11666453.252796 0.000000 2526.101695
11785073.562827 0.000000 2538.305085
11867141.905754 0.000000 2550.508475
11906051.256115 0.000000 2562.711864
11926673.208872 0.000000 2574.915254
11973312.524832 0.000000 2587.118644
12077685.411363 0.000000 2599.322034
12210241.002576 0.000000 2611.525424
12328514.791394 0.000000 2623.728814
12403116.192884 0.000000 2635.932203
12432151.904678 0.000000 2648.135593
12417631.573919 0.000000 2660.338983
12382845.114696 0.000000 2672.542373
12366067.677424 0.000000 2684.745763
12381781.619790 0.000000 2696.949153
12404503.525083 0.000000 2709.152542
12395679.823485 0.000000 2721.355932
12358476.932596 0.000000 2733.559322
12316956.789661 0.000000 2745.762712
12298088.657094 0.000000 2757.966102
12280770.306491 0.000000 2770.169492
12240909.627197 0.000000 2782.372881
12122820.586968 0.000000 2794.576271
11835550.238462 0.000000 2806.779661
11265708.662363 0.000000 2818.983051
10291244.670196 0.000000 2831.186441
8727225.879661 0.000000 2843.389831
6350777.564695 0.000000 2855.593220
3189317.299183 0.000000 2867.796610
155220.904471 0.000000 2880.000000
-200934.568655 -0.000000 2892.203390
6636359.319970 0.000000 2904.406780
20476634.574171 0.000000 2916.610169
29568935.928375 0.000000 2928.813559
29912203.781167 0.000000 2941.016949
29921417.674013 0.000000 2953.220339
30370848.384647 0.000000 2965.423729
30602546.549851 0.000000 2977.627119
30691335.997301 0.000000 2989.830508
30261308.171636 0.000000 3002.033898
29886069.905512 0.000000 3014.237288
29784164.746045 0.000000 3026.440678
29396832.537894 0.000000 3038.644068
29040228.167660 0.000000 3050.847458
28704858.092993 0.000000 3063.050847
28389790.494249 0.000000 3075.254237
28176403.986598 0.000000 3087.457627
28039223.788951 0.000000 3099.661017
27967371.313755 0.000000 3111.864407
27924964.349367 0.000000 3124.067797
27890230.119940 0.000000 3136.271186
27841485.579900 0.000000 3148.474576
27781324.369210 0.000000 3160.677966
27718099.853827 0.000000 3172.881356
27680601.078974 0.000000 3185.084746
27721288.143911 0.000000 3197.288136
27967119.125280 0.000000 3209.491525
28419813.146637 0.000000 3221.694915
28312679.697691 0.000000 3233.898305
28751817.825068 0.000000 3246.101695
31677325.129164 0.000000 3258.305085
33902876.067595 0.000000 3270.508475
33364252.543353 0.000000 3282.711864
31597543.598432 0.000000 3294.915254
30007106.810403 0.000000 3307.118644
26504664.830667 0.000000 3319.322034
26497051.980843 0.000000 3331.525424
5279971.405812 0.000000 3343.728814
2345580.082308 0.000000 3355.932203
8634.345842 0.000000 3368.135593
15911.921401 0.000000 3380.338983
23118.474593 0.000000 3392.542373
29830.348751 0.000000 3404.745763
36139.906969 0.000000 3416.949153
41806.197504 0.000000 3429.152542
46823.840624 0.000000 3441.355932
51136.487369 0.000000 3453.559322
54788.047845 0.000000 3465.762712
57814.509241 0.000000 3477.966102
60292.387305 0.000000 3490.169492
62287.383727 0.000000 3502.372881
63876.854121 0.000000 3514.576271
65123.115131 0.000000 3526.779661
66088.082987 0.000000 3538.983051
66818.713035 0.000000 3551.186441
67357.506582 0.000000 3563.389831
67734.340078 0.000000 3575.593220
67973.506776 0.000000 3587.796610
68089.141698 0.000000 3600.000000
