422163.265454 0.000000 0.000000
423330.504025 0.000000 12.203390
425664.816316 0.000000 24.406780
429166.189376 0.000000 36.610169
433833.547805 0.000000 48.813559
439665.132148 0.000000 61.016949
446656.543411 0.000000 73.220339
454800.901691 0.000000 85.423729
464085.356193 0.000000 97.627119
474491.122538 0.000000 109.830508
485987.426401 0.000000 122.033898
498530.930376 0.000000 134.237288
512055.592874 0.000000 146.440678
526470.195364 0.000000 158.644068
541641.662820 0.000000 170.847458
557387.939835 0.000000 183.050847
573450.680215 0.000000 195.254237
589478.293778 0.000000 207.457627
604981.424158 0.000000 219.661017
619297.993401 0.000000 231.864407
631523.209431 0.000000 244.067797
640449.578825 0.000000 256.271186
644473.161539 0.000000 268.474576
641530.127492 0.000000 280.677966
629047.583950 0.000000 292.881356
604030.394484 0.000000 305.084746
563348.422339 0.000000 317.288136
504425.246523 0.000000 329.491525
426382.209754 0.000000 341.694915
331576.037411 0.000000 353.898305
226933.238273 0.000000 366.101695
124105.031477 0.000000 378.305085
168714517.018641 0.000000 390.508475
-3016309.154383 -0.000000 402.711864
-10888905.585469 -0.000000 414.915254
-13788707.366091 -0.000000 427.118644
-13226179.879737 -0.000000 439.322034
-12985413.497401 -0.000000 451.525424
-12894618.984390 -0.000000 463.728814
-12903867.225689 -0.000000 475.932203
-12908564.570238 -0.000000 488.135593
-12851096.645130 -0.000000 500.338983
-12731485.643912 -0.000000 512.542373
-12635385.687087 -0.000000 524.745763
-12635943.559181 -0.000000 536.949153
-12713419.078688 -0.000000 549.152542
-12781574.628760 -0.000000 561.355932
-12804226.444230 -0.000000 573.559322
-12810117.164690 -0.000000 585.762712
-12807537.833190 -0.000000 597.966102
-12804676.387361 -0.000000 610.169492
-12797162.128954 -0.000000 622.372881
-12793537.355388 -0.000000 634.576271
-12791911.336141 -0.000000 646.779661
-12796431.348962 -0.000000 658.983051
-12793771.466443 -0.000000 671.186441
-12785655.260958 -0.000000 683.389831
-12772288.950101 -0.000000 695.593220
-12748044.546417 -0.000000 707.796610
-12721702.759837 -0.000000 720.000000
-12694150.228280 -0.000000 732.203390
-12662838.534069 -0.000000 744.406780
-12628140.836251 -0.000000 756.610169
-12590479.003751 -0.000000 768.813559
-12540405.248146 -0.000000 781.016949
-12470273.468084 -0.000000 793.220339
-12373992.351616 -0.000000 805.423729
-12242534.749863 -0.000000 817.627119
-12080590.960301 -0.000000 829.830508
-11937302.458788 -0.000000 842.033898
-11848814.803994 -0.000000 854.237288
-11779729.776266 -0.000000 866.440678
-11686196.896438 -0.000000 878.644068
-11572116.741408 -0.000000 890.847458
-11450755.373442 -0.000000 903.050847
-11327530.029924 -0.000000 915.254237
-11203372.814425 -0.000000 927.457627
-11079196.330585 -0.000000 939.661017
-10955299.294856 -0.000000 951.864407
-10831839.578750 -0.000000 964.067797
-10708686.959639 -0.000000 976.271186
-10585869.354243 -0.000000 988.474576
-10463198.413511 -0.000000 1000.677966
-10340721.131846 -0.000000 1012.881356
-10218285.493140 -0.000000 1025.084746
-10095968.804631 -0.000000 1037.288136
-9973663.281029 -0.000000 1049.491525
-9851464.517924 -0.000000 1061.694915
-9729308.621147 -0.000000 1073.898305
-9607304.062849 -0.000000 1086.101695
-9485435.630645 -0.000000 1098.305085
-9363831.568939 -0.000000 1110.508475
-9242510.590413 -0.000000 1122.711864
-9121632.772514 -0.000000 1134.915254
-9001122.172036 -0.000000 1147.118644
-8881140.407980 -0.000000 1159.322034
-8761074.796483 -0.000000 1171.525424
-8640797.090535 -0.000000 1183.728814
-8519020.464244 -0.000000 1195.932203
-8391227.569583 -0.000000 1208.135593
-8245769.225236 -0.000000 1220.338983
-8088248.734666 -0.000000 1232.542373
-7959548.183195 -0.000000 1244.745763
-7864475.099057 -0.000000 1256.949153
-7761570.388779 -0.000000 1269.152542
-7640575.791751 -0.000000 1281.355932
-7514421.377757 -0.000000 1293.559322
-7394922.965889 -0.000000 1305.762712
-7284505.503200 -0.000000 1317.966102
-7180361.687054 -0.000000 1330.169492
-7071584.134924 -0.000000 1342.372881
-6953129.710528 -0.000000 1354.576271
-6822770.668601 -0.000000 1366.779661
-6688650.505602 -0.000000 1378.983051
-6554440.569223 -0.000000 1391.186441
-6427706.680301 -0.000000 1403.389831
-6308296.105580 -0.000000 1415.593220
-6195988.563143 -0.000000 1427.796610
-6080902.529436 -0.000000 1440.000000
-5958578.516610 -0.000000 1452.203390
-5830041.280104 -0.000000 1464.406780
-5702276.760038 -0.000000 1476.610169
-5578389.984203 -0.000000 1488.813559
-5457543.251738 -0.000000 1501.016949
-5338665.401673 -0.000000 1513.220339
-5219730.794092 -0.000000 1525.423729
-5101425.005343 -0.000000 1537.627119
-4982387.940597 -0.000000 1549.830508
-4863922.549492 -0.000000 1562.033898
-4744816.265184 -0.000000 1574.237288
-4626337.603643 -0.000000 1586.440678
-4507496.810872 -0.000000 1598.644068
-4389364.428733 -0.000000 1610.847458
-4271297.667934 -0.000000 1623.050847
-4154303.918546 -0.000000 1635.254237
-4038309.248068 -0.000000 1647.457627
-3924801.211692 -0.000000 1659.661017
-3814878.157533 -0.000000 1671.864407
-3711811.905916 -0.000000 1684.067797
-3619390.915913 -0.000000 1696.271186
-3545327.977652 -0.000000 1708.474576
-3499066.561937 -0.000000 1720.677966
-3496928.077599 -0.000000 1732.881356
-3557312.013494 -0.000000 1745.084746
-3707542.592007 -0.000000 1757.288136
-3970494.688688 -0.000000 1769.491525
-4374342.525310 -0.000000 1781.694915
-4921406.411683 -0.000000 1793.898305
-5640251.766005 -0.000000 1806.101695
-6506400.576995 -0.000000 1818.305085
-7570455.515291 -0.000000 1830.508475
-4612015.150059 -0.000000 1842.711864
2422306.376326 0.000000 1854.915254
5005688.705377 0.000000 1867.118644
3310794.728938 0.000000 1879.322034
1840043.259636 0.000000 1891.525424
1162500.346783 0.000000 1903.728814
2655729.318079 0.000000 1915.932203
8857540.975776 0.000000 1928.135593
15172700.042677 0.000000 1940.338983
14475524.696391 0.000000 1952.542373
13709229.869244 0.000000 1964.745763
13629564.130296 0.000000 1976.949153
13489530.589418 0.000000 1989.152542
13282823.186241 0.000000 2001.355932
12985026.598616 0.000000 2013.559322
13435569.995174 0.000000 2025.762712
20945230.710321 0.000000 2037.966102
-2068226.682653 -0.000000 2050.169492
-28111692.551726 -0.000000 2062.372881
-27608654.117560 -0.000000 2074.576271
-22907593.740342 -0.000000 2086.779661
-16198859.093761 -0.000000 2098.983051
-13857201.182675 -0.000000 2111.186441
-13491454.919866 -0.000000 2123.389831
-14919950.387916 -0.000000 2135.593220
-16933155.703428 -0.000000 2147.796610
-18579678.755508 -0.000000 2160.000000
-19848214.919320 -0.000000 2172.203390
-20720797.228015 -0.000000 2184.406780
-21085697.171476 -0.000000 2196.610169
-20983028.114290 -0.000000 2208.813559
-18695660.496326 -0.000000 2221.016949
-24429615.149241 -0.000000 2233.220339
-1380856929.492181 -0.000000 2245.423729
-1712391.729804 -0.000000 2257.627119
11058027.953360 0.000000 2269.830508
18353635.438277 0.000000 2282.033898
16750838.935635 0.000000 2294.237288
16582325.461671 0.000000 2306.440678
16893294.122154 0.000000 2318.644068
15161903.781538 0.000000 2330.847458
9628352.703788 0.000000 2343.050847
4695556.333366 0.000000 2355.254237
2534321.043673 0.000000 2367.457627
2260784.273754 0.000000 2379.661017
3096269.910665 0.000000 2391.864407
4373403.050418 0.000000 2404.067797
5701692.984673 0.000000 2416.271186
6903299.164495 0.000000 2428.474576
7927117.554863 0.000000 2440.677966
8778503.875936 0.000000 2452.881356
9490742.910108 0.000000 2465.084746
10091939.959373 0.000000 2477.288136
10612306.012041 0.000000 2489.491525
11067162.793755 0.000000 2501.694915
11473180.965069 0.000000 2513.898305
11836213.798657 0.000000 2526.101695
12165366.686135 0.000000 2538.305085
12463050.079011 0.000000 2550.508475
12734995.035639 0.000000 2562.711864
12982631.245244 0.000000 2574.915254
13209737.320634 0.000000 2587.118644
13417208.601277 0.000000 2599.322034
13607258.427028 0.000000 2611.525424
13780507.191815 0.000000 2623.728814
13938158.367376 0.000000 2635.932203
14081236.363071 0.000000 2648.135593
14210528.765318 0.000000 2660.338983
14327901.320081 0.000000 2672.542373
14433727.954435 0.000000 2684.745763
14530480.615000 0.000000 2696.949153
14617767.936899 0.000000 2709.152542
14697344.052018 0.000000 2721.355932
14764930.583263 0.000000 2733.559322
14815241.633568 0.000000 2745.762712
14839846.098174 0.000000 2757.966102
14846723.034794 0.000000 2770.169492
14863975.022239 0.000000 2782.372881
14916324.989218 0.000000 2794.576271
14987450.723032 0.000000 2806.779661
15032064.993103 0.000000 2818.983051
15032856.938840 0.000000 2831.186441
15007335.449943 0.000000 2843.389831
14973925.411253 0.000000 2855.593220
14886928.253749 0.000000 2867.796610
14652885.166236 0.000000 2880.000000
14154649.916620 0.000000 2892.203390
13273261.178535 0.000000 2904.406780
11780799.360269 0.000000 2916.610169
9254165.836782 0.000000 2928.813559
5372284.323334 0.000000 2941.016949
1304340.546544 0.000000 2953.220339
322607.370752 0.000000 2965.423729
8021337.172419 0.000000 2977.627119
23620206.254050 0.000000 2989.830508
30722524.086401 0.000000 3002.033898
30421416.582094 0.000000 3014.237288
30695461.218009 0.000000 3026.440678
31169451.110129 0.000000 3038.644068
31319236.735655 0.000000 3050.847458
31366445.396516 0.000000 3063.050847
30981904.127143 0.000000 3075.254237
30510170.758097 0.000000 3087.457627
30381617.422001 0.000000 3099.661017
30058738.727966 0.000000 3111.864407
29712769.247149 0.000000 3124.067797
29437409.118492 0.000000 3136.271186
29177661.102847 0.000000 3148.474576
28994484.089431 0.000000 3160.677966
28850706.289131 0.000000 3172.881356
28736063.206989 0.000000 3185.084746
28632244.621122 0.000000 3197.288136
28538963.295979 0.000000 3209.491525
28451384.076083 0.000000 3221.694915
28381858.537097 0.000000 3233.898305
28341485.007657 0.000000 3246.101695
28369714.611306 0.000000 3258.305085
28505974.834124 0.000000 3270.508475
28899006.598916 0.000000 3282.711864
29266083.816329 0.000000 3294.915254
29072139.388191 0.000000 3307.118644
30318386.721730 0.000000 3319.322034
33353109.811662 0.000000 3331.525424
34561037.394887 0.000000 3343.728814
33427958.237631 0.000000 3355.932203
31263015.874058 0.000000 3368.135593
29477783.154460 0.000000 3380.338983
28703287.919933 0.000000 3392.542373
19988194.609580 0.000000 3404.745763
-406709.062691 -0.000000 3416.949153
6264870.067128 0.000000 3429.152542
56099.134894 0.000000 3441.355932
93578.242830 0.000000 3453.559322
129695.548466 0.000000 3465.762712
163294.049629 0.000000 3477.966102
194007.964410 0.000000 3490.169492
221270.051491 0.000000 3502.372881
244899.165925 0.000000 3514.576271
264841.894030 0.000000 3526.779661
281244.143269 0.000000 3538.983051
294327.414993 0.000000 3551.186441
304368.320423 0.000000 3563.389831
311628.257667 0.000000 3575.593220
316334.086869 0.000000 3587.796610
318644.878602 0.000000 3600.000000
