13666.899636 0.000000 0.000000
13677.330681 0.000000 12.203390
13698.108677 0.000000 24.406780
13729.392222 0.000000 36.610169
13771.100609 0.000000 48.813559
13823.273702 0.000000 61.016949
13885.902484 0.000000 73.220339
13959.030555 0.000000 85.423729
14042.657849 0.000000 97.627119
14136.844141 0.000000 109.830508
14241.595936 0.000000 122.033898
14356.994225 0.000000 134.237288
14483.055089 0.000000 146.440678
14619.883826 0.000000 158.644068
14767.508699 0.000000 170.847458
14926.062471 0.000000 183.050847
15095.588144 0.000000 195.254237
15276.248533 0.000000 207.457627
15468.103536 0.000000 219.661017
15671.347702 0.000000 231.864407
15886.059285 0.000000 244.067797
16112.466158 0.000000 256.271186
16350.665860 0.000000 268.474576
16600.920577 0.000000 280.677966
16863.348684 0.000000 292.881356
17138.247643 0.000000 305.084746
17425.757264 0.000000 317.288136
17726.212351 0.000000 329.491525
18039.775947 0.000000 341.694915
18366.822210 0.000000 353.898305
18707.540708 0.000000 366.101695
19062.348304 0.000000 378.305085
19431.464169 0.000000 390.508475
19815.353059 0.000000 402.711864
20214.268940 0.000000 414.915254
20628.729140 0.000000 427.118644
21059.029079 0.000000 439.322034
21505.745882 0.000000 451.525424
21969.221999 0.000000 463.728814
22450.102129 0.000000 475.932203
22948.783473 0.000000 488.135593
23465.984829 0.000000 500.338983
24002.166194 0.000000 512.542373
24558.128922 0.000000 524.745763
25134.402187 0.000000 536.949153
25731.878181 0.000000 549.152542
26351.163529 0.000000 561.355932
26993.248360 0.000000 573.559322
27658.824843 0.000000 585.762712
28348.990952 0.000000 597.966102
29064.532632 0.000000 610.169492
29806.665052 0.000000 622.372881
30576.278822 0.000000 634.576271
31374.718041 0.000000 646.779661
32202.989938 0.000000 658.983051
33062.582281 0.000000 671.186441
33954.633235 0.000000 683.389831
34880.790383 0.000000 695.593220
35842.340769 0.000000 707.796610
36841.111912 0.000000 720.000000
37878.559738 0.000000 732.203390
38956.714222 0.000000 744.406780
40077.222649 0.000000 756.610169
41242.342505 0.000000 768.813559
42453.937915 0.000000 781.016949
43714.521196 0.000000 793.220339
45026.199272 0.000000 805.423729
46391.768906 0.000000 817.627119
47813.608161 0.000000 829.830508
49294.827660 0.000000 842.033898
50838.105174 0.000000 854.237288
52446.897173 0.000000 866.440678
54124.209777 0.000000 878.644068
55873.878017 0.000000 890.847458
57699.265350 0.000000 903.050847
59604.618042 0.000000 915.254237
61593.685888 0.000000 927.457627
63671.159499 0.000000 939.661017
65841.203600 0.000000 951.864407
68108.987332 0.000000 964.067797
70479.117216 0.000000 976.271186
72957.274050 0.000000 988.474576
75548.529355 0.000000 1000.677966
78259.107707 0.000000 1012.881356
81094.566043 0.000000 1025.084746
84061.701001 0.000000 1037.288136
87166.566923 0.000000 1049.491525
90416.555846 0.000000 1061.694915
93818.221269 0.000000 1073.898305
97379.566067 0.000000 1086.101695
101107.630725 0.000000 1098.305085
105011.033350 0.000000 1110.508475
109097.269136 0.000000 1122.711864
113375.561405 0.000000 1134.915254
117853.804555 0.000000 1147.118644
122541.799209 0.000000 1159.322034
127447.751839 0.000000 1171.525424
132581.993555 0.000000 1183.728814
137952.919736 0.000000 1195.932203
143571.322676 0.000000 1208.135593
149445.622152 0.000000 1220.338983
155586.979090 0.000000 1232.542373
162003.626239 0.000000 1244.745763
168706.983217 0.000000 1256.949153
175704.832469 0.000000 1269.152542
183008.727482 0.000000 1281.355932
190625.682641 0.000000 1293.559322
198567.259276 0.000000 1305.762712
206839.332552 0.000000 1317.966102
215453.357567 0.000000 1330.169492
224413.644691 0.000000 1342.372881
233731.469467 0.000000 1354.576271
243409.100759 0.000000 1366.779661
253457.627046 0.000000 1378.983051
263876.752695 0.000000 1391.186441
274677.484103 0.000000 1403.389831
285856.391475 0.000000 1415.593220
297424.652379 0.000000 1427.796610
309375.082246 0.000000 1440.000000
321719.480893 0.000000 1452.203390
334446.214331 0.000000 1464.406780
347568.388243 0.000000 1476.610169
361069.109189 0.000000 1488.813559
374963.704377 0.000000 1501.016949
389228.998261 0.000000 1513.220339
403883.643228 0.000000 1525.423729
418896.787833 0.000000 1537.627119
434291.528711 0.000000 1549.830508
450027.303957 0.000000 1562.033898
466132.424861 0.000000 1574.237288
482553.524274 0.000000 1586.440678
499323.866156 0.000000 1598.644068
516372.512033 0.000000 1610.847458
533735.231810 0.000000 1623.050847
551316.379235 0.000000 1635.254237
569148.125823 0.000000 1647.457627
587100.442445 0.000000 1659.661017
605191.811008 0.000000 1671.864407
623249.149479 0.000000 1684.067797
641270.974865 0.000000 1696.271186
659053.662164 0.000000 1708.474576
676615.705324 0.000000 1720.677966
693841.981882 0.000000 1732.881356
711012.557616 0.000000 1745.084746
728614.487680 0.000000 1757.288136
747960.332661 0.000000 1769.491525
771559.851898 0.000000 1781.694915
802771.109567 0.000000 1793.898305
848857.468613 0.000000 1806.101695
911484.639024 0.000000 1818.305085
981729.175418 0.000000 1830.508475
1160368.620572 0.000000 1842.711864
2036363.079981 0.000000 1854.915254
42138788.714249 0.000000 1867.118644
5051598.125595 0.000000 1879.322034
-21335405.813394 -0.000000 1891.525424
-21780548.727663 -0.000000 1903.728814
-18963531.818004 -0.000000 1915.932203
-21306606.177847 -0.000000 1928.135593
-21297016.907639 -0.000000 1940.338983
-20563103.708921 -0.000000 1952.542373
-20544118.762478 -0.000000 1964.745763
-21095816.221988 -0.000000 1976.949153
-21972414.606734 -0.000000 1989.152542
-23012450.596379 -0.000000 2001.355932
-24174677.816675 -0.000000 2013.559322
-25567360.739345 -0.000000 2025.762712
-27204621.687963 -0.000000 2037.966102
-29380185.156350 -0.000000 2050.169492
-31934141.894696 -0.000000 2062.372881
-25668647.863081 -0.000000 2074.576271
-6108130193.856447 -0.000000 2086.779661
-8955330.833112 -0.000000 2098.983051
-10038617.945694 -0.000000 2111.186441
-2060448.014937 -0.000000 2123.389831
1475529961.967240 0.000000 2135.593220
5699733.025956 0.000000 2147.796610
4832349.811157 0.000000 2160.000000
5151534.760985 0.000000 2172.203390
14210118.543136 0.000000 2184.406780
563912006.909430 0.000000 2196.610169
9820678.074372 0.000000 2208.813559
7927847.868391 0.000000 2221.016949
12143664.787027 0.000000 2233.220339
12410769.068725 0.000000 2245.423729
10393463.978906 0.000000 2257.627119
7939820.087288 0.000000 2269.830508
6112098.866930 0.000000 2282.033898
5231000.635839 0.000000 2294.237288
5223747.420223 0.000000 2306.440678
5782454.434980 0.000000 2318.644068
6636676.897232 0.000000 2330.847458
7573215.925380 0.000000 2343.050847
8479190.490408 0.000000 2355.254237
9297229.220467 0.000000 2367.457627
10008228.921902 0.000000 2379.661017
10613063.951806 0.000000 2391.864407
11112736.557016 0.000000 2404.067797
11516283.402066 0.000000 2416.271186
11839834.220553 0.000000 2428.474576
12123915.526588 0.000000 2440.677966
12401274.773457 0.000000 2452.881356
12673886.259562 0.000000 2465.084746
12915829.929186 0.000000 2477.288136
13114907.262290 0.000000 2489.491525
13275344.020226 0.000000 2501.694915
13409308.880524 0.000000 2513.898305
13524500.453384 0.000000 2526.101695
13625797.425723 0.000000 2538.305085
13716219.161180 0.000000 2550.508475
13796429.366186 0.000000 2562.711864
13867476.538424 0.000000 2574.915254
13921799.126132 0.000000 2587.118644
13952317.695834 0.000000 2599.322034
13946359.447628 0.000000 2611.525424
13915868.881763 0.000000 2623.728814
13881503.054576 0.000000 2635.932203
13877327.050125 0.000000 2648.135593
13918227.634368 0.000000 2660.338983
14001804.259411 0.000000 2672.542373
14075675.875338 0.000000 2684.745763
14086718.862497 0.000000 2696.949153
14029313.704874 0.000000 2709.152542
13954575.933237 0.000000 2721.355932
13925383.760644 0.000000 2733.559322
13958124.623103 0.000000 2745.762712
14026633.693973 0.000000 2757.966102
14062312.835123 0.000000 2770.169492
14027416.244417 0.000000 2782.372881
13893871.106130 0.000000 2794.576271
13620383.603668 0.000000 2806.779661
13077184.946702 0.000000 2818.983051
12104653.440189 0.000000 2831.186441
10457214.973050 0.000000 2843.389831
7827281.361304 0.000000 2855.593220
4109268.907950 0.000000 2867.796610
522482.226863 0.000000 2880.000000
27648.428143 0.000000 2892.203390
7686326.168818 0.000000 2904.406780
22837846.478464 0.000000 2916.610169
30015074.188545 0.000000 2928.813559
29686763.748439 0.000000 2941.016949
29943523.393108 0.000000 2953.220339
30404188.073068 0.000000 2965.423729
30543599.029527 0.000000 2977.627119
30629384.236526 0.000000 2989.830508
30226770.101554 0.000000 3002.033898
29770344.089488 0.000000 3014.237288
29684681.240819 0.000000 3026.440678
29373580.816895 0.000000 3038.644068
29053412.890080 0.000000 3050.847458
28781113.549853 0.000000 3063.050847
28509428.037321 0.000000 3075.254237
28312091.929633 0.000000 3087.457627
28161061.038564 0.000000 3099.661017
28049999.807174 0.000000 3111.864407
27952276.543439 0.000000 3124.067797
27853955.467928 0.000000 3136.271186
27746277.316085 0.000000 3148.474576
27648949.650167 0.000000 3160.677966
27579459.861161 0.000000 3172.881356
27590259.076261 0.000000 3185.084746
27720441.442875 0.000000 3197.288136
28126647.555307 0.000000 3209.491525
28452392.483987 0.000000 3221.694915
28359478.623833 0.000000 3233.898305
29869210.045426 0.000000 3246.101695
32769093.267126 0.000000 3258.305085
33648055.803941 0.000000 3270.508475
32615861.309813 0.000000 3282.711864
30700898.297490 0.000000 3294.915254
28582583.103816 0.000000 3307.118644
26477290.232587 0.000000 3319.322034
22777998.999808 0.000000 3331.525424
-835198.217065 -0.000000 3343.728814
8175764.827345 0.000000 3355.932203
25345.464190 0.000000 3368.135593
43787.766002 0.000000 3380.338983
62697.469397 0.000000 3392.542373
80917.293097 0.000000 3404.745763
98087.128670 0.000000 3416.949153
113710.763077 0.000000 3429.152542
127533.148579 0.000000 3441.355932
139457.208840 0.000000 3453.559322
149505.495769 0.000000 3465.762712
157810.927918 0.000000 3477.966102
164548.225378 0.000000 3490.169492
169928.104287 0.000000 3502.372881
174155.140621 0.000000 3514.576271
177426.917461 0.000000 3526.779661
179915.747535 0.000000 3538.983051
181771.038121 0.000000 3551.186441
183113.926139 0.000000 3563.389831
184040.060582 0.000000 3575.593220
184619.377337 0.000000 3587.796610
184897.668147 0.000000 3600.000000
