0.000000 0.000000 0.000000
0.000000 0.000000 12.203390
0.000000 0.000000 24.406780
0.000000 0.000000 36.610169
0.000000 0.000000 48.813559
0.000000 0.000000 61.016949
0.000000 0.000000 73.220339
0.000000 0.000000 85.423729
0.000000 0.000000 97.627119
0.000000 0.000000 109.830508
0.000000 0.000000 122.033898
0.000000 0.000000 134.237288
0.000000 0.000000 146.440678
0.000000 0.000000 158.644068
0.000000 0.000000 170.847458
0.000000 0.000000 183.050847
0.000000 0.000000 195.254237
0.000000 0.000000 207.457627
0.000000 0.000000 219.661017
0.000000 0.000000 231.864407
0.000000 0.000000 244.067797
0.000000 0.000000 256.271186
0.000000 0.000000 268.474576
0.000000 0.000000 280.677966
0.000000 0.000000 292.881356
0.000000 0.000000 305.084746
0.000000 0.000000 317.288136
0.000000 0.000000 329.491525
0.000000 0.000000 341.694915
0.000000 0.000000 353.898305
0.000000 0.000000 366.101695
0.000000 0.000000 378.305085
0.000000 0.000000 390.508475
0.000000 0.000000 402.711864
0.000000 0.000000 414.915254
0.000000 0.000000 427.118644
0.000000 0.000000 439.322034
0.000000 0.000000 451.525424
0.000000 0.000000 463.728814
0.000000 0.000000 475.932203
0.000000 0.000000 488.135593
0.000000 0.000000 500.338983
0.000000 0.000000 512.542373
0.000000 0.000000 524.745763
0.000000 0.000000 536.949153
0.000000 0.000000 549.152542
0.000000 0.000000 561.355932
0.000000 0.000000 573.559322
0.000000 0.000000 585.762712
0.000000 0.000000 597.966102
0.000000 0.000000 610.169492
0.000000 0.000000 622.372881
0.000000 0.000000 634.576271
0.000000 0.000000 646.779661
0.000000 0.000000 658.983051
0.000000 0.000000 671.186441
0.000000 0.000000 683.389831
0.000000 0.000000 695.593220
0.000000 0.000000 707.796610
0.000000 0.000000 720.000000
0.000000 0.000000 732.203390
0.000000 0.000000 744.406780
0.000000 0.000000 756.610169
0.000000 0.000000 768.813559
0.000000 0.000000 781.016949
0.000000 0.000000 793.220339
0.000000 0.000000 805.423729
0.000000 0.000000 817.627119
0.000000 0.000000 829.830508
0.000000 0.000000 842.033898
0.000000 0.000000 854.237288
0.000000 0.000000 866.440678
0.000000 0.000000 878.644068
0.000000 0.000000 890.847458
0.000000 0.000000 903.050847
0.000000 0.000000 915.254237
0.000000 0.000000 927.457627
0.000000 0.000000 939.661017
0.000000 0.000000 951.864407
0.000000 0.000000 964.067797
0.000000 0.000000 976.271186
0.000000 0.000000 988.474576
0.000000 0.000000 1000.677966
0.000000 0.000000 1012.881356
0.000000 0.000000 1025.084746
0.000000 0.000000 1037.288136
0.000000 0.000000 1049.491525
0.000000 0.000000 1061.694915
0.000000 0.000000 1073.898305
0.000000 0.000000 1086.101695
0.000000 0.000000 1098.305085
0.000000 0.000000 1110.508475
0.000000 0.000000 1122.711864
0.000000 0.000000 1134.915254
0.000000 0.000000 1147.118644
0.000000 0.000000 1159.322034
0.000000 0.000000 1171.525424
0.000000 0.000000 1183.728814
0.000000 0.000000 1195.932203
0.000000 0.000000 1208.135593
0.000000 0.000000 1220.338983
0.000000 0.000000 1232.542373
0.000000 0.000000 1244.745763
0.000000 0.000000 1256.949153
0.000000 0.000000 1269.152542
0.000000 0.000000 1281.355932
0.000000 0.000000 1293.559322
0.000000 0.000000 1305.762712
0.000000 0.000000 1317.966102
0.000000 0.000000 1330.169492
0.000000 0.000000 1342.372881
0.000000 0.000000 1354.576271
0.000000 0.000000 1366.779661
0.000000 0.000000 1378.983051
0.000000 0.000000 1391.186441
0.000000 0.000000 1403.389831
0.000000 0.000000 1415.593220
0.000000 0.000000 1427.796610
0.000000 0.000000 1440.000000
0.000000 0.000000 1452.203390
0.000000 0.000000 1464.406780
0.000000 0.000000 1476.610169
0.000000 0.000000 1488.813559
0.000000 0.000000 1501.016949
0.000000 0.000000 1513.220339
0.000000 0.000000 1525.423729
0.000000 0.000000 1537.627119
0.000000 0.000000 1549.830508
0.000000 0.000000 1562.033898
0.000000 0.000000 1574.237288
0.000000 0.000000 1586.440678
0.000000 0.000000 1598.644068
0.000000 0.000000 1610.847458
0.000000 0.000000 1623.050847
0.000000 0.000000 1635.254237
0.000000 0.000000 1647.457627
0.000000 0.000000 1659.661017
0.000000 0.000000 1671.864407
0.000000 0.000000 1684.067797
0.000000 0.000000 1696.271186
0.000000 0.000000 1708.474576
0.000000 0.000000 1720.677966
0.000000 0.000000 1732.881356
0.000000 0.000000 1745.084746
0.000000 0.000000 1757.288136
0.000000 0.000000 1769.491525
0.000000 0.000000 1781.694915
0.000000 0.000000 1793.898305
0.000000 0.000000 1806.101695
0.000000 0.000000 1818.305085
0.000000 0.000000 1830.508475
0.000000 0.000000 1842.711864
0.000000 0.000000 1854.915254
0.000000 0.000000 1867.118644
0.000000 0.000000 1879.322034
0.000000 0.000000 1891.525424
0.000000 0.000000 1903.728814
0.000000 0.000000 1915.932203
0.000000 0.000000 1928.135593
0.000000 0.000000 1940.338983
0.000000 0.000000 1952.542373
0.000000 0.000000 1964.745763
0.000000 0.000000 1976.949153
0.000000 0.000000 1989.152542
0.000000 0.000000 2001.355932
0.000000 0.000000 2013.559322
0.000000 0.000000 2025.762712
0.000000 0.000000 2037.966102
0.000000 0.000000 2050.169492
0.000000 0.000000 2062.372881
0.000000 0.000000 2074.576271
0.000000 0.000000 2086.779661
0.000000 0.000000 2098.983051
0.000000 0.000000 2111.186441
0.000000 0.000000 2123.389831
0.000000 0.000000 2135.593220
0.000000 0.000000 2147.796610
0.000000 0.000000 2160.000000
0.000000 0.000000 2172.203390
0.000000 0.000000 2184.406780
0.000000 0.000000 2196.610169
0.000000 0.000000 2208.813559
0.000000 0.000000 2221.016949
0.000000 0.000000 2233.220339
0.000000 0.000000 2245.423729
0.000000 0.000000 2257.627119
0.000000 0.000000 2269.830508
0.000000 0.000000 2282.033898
0.000000 0.000000 2294.237288
0.000000 0.000000 2306.440678
0.000000 0.000000 2318.644068
0.000000 0.000000 2330.847458
0.000000 0.000000 2343.050847
0.000000 0.000000 2355.254237
0.000000 0.000000 2367.457627
0.000000 0.000000 2379.661017
0.000000 0.000000 2391.864407
0.000000 0.000000 2404.067797
0.000000 0.000000 2416.271186
0.000000 0.000000 2428.474576
0.000000 0.000000 2440.677966
0.000000 0.000000 2452.881356
0.000000 0.000000 2465.084746
0.000000 0.000000 2477.288136
0.000000 0.000000 2489.491525
0.000000 0.000000 2501.694915
0.000000 0.000000 2513.898305
0.000000 0.000000 2526.101695
0.000000 0.000000 2538.305085
0.000000 0.000000 2550.508475
0.000000 0.000000 2562.711864
0.000000 0.000000 2574.915254
0.000000 0.000000 2587.118644
0.000000 0.000000 2599.322034
0.000000 0.000000 2611.525424
0.000000 0.000000 2623.728814
0.000000 0.000000 2635.932203
0.000000 0.000000 2648.135593
0.000000 0.000000 2660.338983
0.000000 0.000000 2672.542373
0.000000 0.000000 2684.745763
0.000000 0.000000 2696.949153
0.000000 0.000000 2709.152542
0.000000 0.000000 2721.355932
0.000000 0.000000 2733.559322
0.000000 0.000000 2745.762712
0.000000 0.000000 2757.966102
0.000000 0.000000 2770.169492
0.000000 0.000000 2782.372881
0.000000 0.000000 2794.576271
0.000000 0.000000 2806.779661
0.000000 0.000000 2818.983051
0.000000 0.000000 2831.186441
0.000000 0.000000 2843.389831
0.000000 0.000000 2855.593220
0.000000 0.000000 2867.796610
0.000000 0.000000 2880.000000
0.000000 0.000000 2892.203390
0.000000 0.000000 2904.406780
0.000000 0.000000 2916.610169
0.000000 0.000000 2928.813559
0.000000 0.000000 2941.016949
0.000000 0.000000 2953.220339
0.000000 0.000000 2965.423729
0.000000 0.000000 2977.627119
0.000000 0.000000 2989.830508
0.000000 0.000000 3002.033898
0.000000 0.000000 3014.237288
0.000000 0.000000 3026.440678
0.000000 0.000000 3038.644068
0.000000 0.000000 3050.847458
0.000000 0.000000 3063.050847
0.000000 0.000000 3075.254237
0.000000 0.000000 3087.457627
0.000000 0.000000 3099.661017
0.000000 0.000000 3111.864407
0.000000 0.000000 3124.067797
0.000000 0.000000 3136.271186
0.000000 0.000000 3148.474576
0.000000 0.000000 3160.677966
0.000000 0.000000 3172.881356
0.000000 0.000000 3185.084746
0.000000 0.000000 3197.288136
0.000000 0.000000 3209.491525
0.000000 0.000000 3221.694915
0.000000 0.000000 3233.898305
0.000000 0.000000 3246.101695
0.000000 0.000000 3258.305085
0.000000 0.000000 3270.508475
0.000000 0.000000 3282.711864
0.000000 0.000000 3294.915254
0.000000 0.000000 3307.118644
0.000000 0.000000 3319.322034
0.000000 0.000000 3331.525424
0.000000 0.000000 3343.728814
0.000000 0.000000 3355.932203
0.000000 0.000000 3368.135593
0.000000 0.000000 3380.338983
0.000000 0.000000 3392.542373
0.000000 0.000000 3404.745763
0.000000 0.000000 3416.949153
0.000000 0.000000 3429.152542
0.000000 0.000000 3441.355932
0.000000 0.000000 3453.559322
0.000000 0.000000 3465.762712
0.000000 0.000000 3477.966102
0.000000 0.000000 3490.169492
0.000000 0.000000 3502.372881
0.000000 0.000000 3514.576271
0.000000 0.000000 3526.779661
0.000000 0.000000 3538.983051
0.000000 0.000000 3551.186441
0.000000 0.000000 3563.389831
0.000000 0.000000 3575.593220
0.000000 0.000000 3587.796610
0.000000 0.000000 3600.000000
