15877.721600 0.000000 0.000000
15961.939588 0.000000 12.203390
16130.649225 0.000000 24.406780
16384.525017 0.000000 36.610169
16724.555709 0.000000 48.813559
17151.825862 0.000000 61.016949
17668.113438 0.000000 73.220339
18275.035303 0.000000 85.423729
18975.112470 0.000000 97.627119
19770.512744 0.000000 109.830508
20664.517788 0.000000 122.033898
21659.860019 0.000000 134.237288
22760.610508 0.000000 146.440678
23970.080011 0.000000 158.644068
25293.163360 0.000000 170.847458
26733.765264 0.000000 183.050847
28297.644758 0.000000 195.254237
29989.317062 0.000000 207.457627
31815.451674 0.000000 219.661017
33781.191167 0.000000 231.864407
35894.167444 0.000000 244.067797
38160.168027 0.000000 256.271186
40587.845060 0.000000 268.474576
43183.648455 0.000000 280.677966
45957.315748 0.000000 292.881356
48915.976782 0.000000 305.084746
52070.525562 0.000000 317.288136
55428.790458 0.000000 329.491525
59002.901616 0.000000 341.694915
62801.404307 0.000000 353.898305
66837.753913 0.000000 366.101695
71121.232580 0.000000 378.305085
75666.718351 0.000000 390.508475
80484.252712 0.000000 402.711864
85590.245158 0.000000 414.915254
90995.519576 0.000000 427.118644
96718.137052 0.000000 439.322034
102769.732213 0.000000 451.525424
109170.146169 0.000000 463.728814
115931.855993 0.000000 475.932203
123076.621789 0.000000 488.135593
130617.795872 0.000000 500.338983
138579.200720 0.000000 512.542373
146975.100473 0.000000 524.745763
155831.517576 0.000000 536.949153
165163.659493 0.000000 549.152542
174999.868585 0.000000 561.355932
185356.309034 0.000000 573.559322
196263.715402 0.000000 585.762712
207739.183875 0.000000 597.966102
219815.817734 0.000000 610.169492
232511.531177 0.000000 622.372881
245861.596823 0.000000 634.576271
259884.459624 0.000000 646.779661
274617.040748 0.000000 658.983051
290077.694374 0.000000 671.186441
306303.901533 0.000000 683.389831
323312.672212 0.000000 695.593220
341139.958592 0.000000 707.796610
359799.004354 0.000000 720.000000
379320.368431 0.000000 732.203390
399708.926905 0.000000 744.406780
420982.805362 0.000000 756.610169
443129.878832 0.000000 768.813559
466143.051959 0.000000 781.016949
489977.030351 0.000000 793.220339
514576.150940 0.000000 805.423729
539831.653719 0.000000 817.627119
565596.371400 0.000000 829.830508
591641.228906 0.000000 842.033898
617648.177981 0.000000 854.237288
643161.648356 0.000000 866.440678
667546.952885 0.000000 878.644068
689928.306651 0.000000 890.847458
709097.281108 0.000000 903.050847
723431.273272 0.000000 915.254237
730754.187619 0.000000 927.457627
728279.368970 0.000000 939.661017
712546.462466 0.000000 951.864407
679673.663504 0.000000 964.067797
625890.362378 0.000000 976.271186
548833.577450 0.000000 988.474576
449317.507890 0.000000 1000.677966
333438.501152 0.000000 1012.881356
213446.168105 0.000000 1025.084746
106320.998623 0.000000 1037.288136
19931148.948053 0.000000 1049.491525
-1555358.373156 -0.000000 1061.694915
-7967541.339276 -0.000000 1073.898305
-13382282.425807 -0.000000 1086.101695
-13395631.616404 -0.000000 1098.305085
-13022720.664274 -0.000000 1110.508475
-12916757.843950 -0.000000 1122.711864
-12916006.362714 -0.000000 1134.915254
-12916249.857703 -0.000000 1147.118644
-12856333.268067 -0.000000 1159.322034
-12708166.614904 -0.000000 1171.525424
-12553669.848627 -0.000000 1183.728814
-12563676.369921 -0.000000 1195.932203
-12690386.185586 -0.000000 1208.135593
-12757195.722303 -0.000000 1220.338983
-12770453.772110 -0.000000 1232.542373
-12767306.057207 -0.000000 1244.745763
-12745761.882390 -0.000000 1256.949153
-12699604.324197 -0.000000 1269.152542
-12632739.106131 -0.000000 1281.355932
-12582838.372629 -0.000000 1293.559322
-12561422.901100 -0.000000 1305.762712
-12516190.477574 -0.000000 1317.966102
-12434865.421111 -0.000000 1330.169492
-12336946.066068 -0.000000 1342.372881
-12209303.732138 -0.000000 1354.576271
-12056558.384034 -0.000000 1366.779661
-11894127.642812 -0.000000 1378.983051
-11734704.195216 -0.000000 1391.186441
-11584590.733099 -0.000000 1403.389831
-11444691.327903 -0.000000 1415.593220
-11309004.229623 -0.000000 1427.796610
-11173021.130258 -0.000000 1440.000000
-11029167.316690 -0.000000 1452.203390
-10874423.570118 -0.000000 1464.406780
-10708479.715063 -0.000000 1476.610169
-10538324.517521 -0.000000 1488.813559
-10371640.098538 -0.000000 1501.016949
-10215951.371274 -0.000000 1513.220339
-10072967.081607 -0.000000 1525.423729
-9933582.692648 -0.000000 1537.627119
-9786250.895621 -0.000000 1549.830508
-9626686.173817 -0.000000 1562.033898
-9464901.415746 -0.000000 1574.237288
-9305477.012380 -0.000000 1586.440678
-9150688.915985 -0.000000 1598.644068
-8994845.970262 -0.000000 1610.847458
-8836952.067093 -0.000000 1623.050847
-8672117.992168 -0.000000 1635.254237
-8499073.098292 -0.000000 1647.457627
-8311837.624349 -0.000000 1659.661017
-8105108.577829 -0.000000 1671.864407
-7867865.843043 -0.000000 1684.067797
-7586057.118703 -0.000000 1696.271186
-7236473.343407 -0.000000 1708.474576
-6787618.775976 -0.000000 1720.677966
-6190822.482289 -0.000000 1732.881356
-5381839.776768 -0.000000 1745.084746
-4267920.202460 -0.000000 1757.288136
-2742365.464816 -0.000000 1769.491525
-680246.541957 -0.000000 1781.694915
2025572.341682 0.000000 1793.898305
5355404.444855 0.000000 1806.101695
9507988.773195 0.000000 1818.305085
12834361.891204 0.000000 1830.508475
13545838.738729 0.000000 1842.711864
14064210.891090 0.000000 1854.915254
9453261.619384 0.000000 1867.118644
-6015641.097245 -0.000000 1879.322034
-17065449.628254 -0.000000 1891.525424
-22878088.318388 -0.000000 1903.728814
-54320428.300838 -0.000000 1915.932203
-22665213.820803 -0.000000 1928.135593
-15733207.369850 -0.000000 1940.338983
-13624003.775248 -0.000000 1952.542373
-13080851.619094 -0.000000 1964.745763
-14003295.376603 -0.000000 1976.949153
-15748394.596340 -0.000000 1989.152542
-17585141.605927 -0.000000 2001.355932
-19699821.516756 -0.000000 2013.559322
-22212267.753926 -0.000000 2025.762712
-25524034.454121 -0.000000 2037.966102
-30242250.025652 -0.000000 2050.169492
-25445156.422587 -0.000000 2062.372881
-6704543948.939813 -0.000000 2074.576271
-8104667.470835 -0.000000 2086.779661
5247431.493077 0.000000 2098.983051
9976799.798444 0.000000 2111.186441
14340546.099797 0.000000 2123.389831
8306329.121573 0.000000 2135.593220
1037625117.002749 0.000000 2147.796610
15221079.473644 0.000000 2160.000000
24174785.413159 0.000000 2172.203390
38018586.468493 0.000000 2184.406780
43311369.378320 0.000000 2196.610169
16132339.185748 0.000000 2208.813559
10687256.946175 0.000000 2221.016949
6374823.078214 0.000000 2233.220339
871304.297653 0.000000 2245.423729
-2558975.268353 -0.000000 2257.627119
-4217396.871511 -0.000000 2269.830508
-4549963.944016 -0.000000 2282.033898
-4000779.928615 -0.000000 2294.237288
-2973144.871214 -0.000000 2306.440678
-1788552.837451 -0.000000 2318.644068
-615283.419829 -0.000000 2330.847458
452111.714405 0.000000 2343.050847
1396130.262794 0.000000 2355.254237
2216317.757114 0.000000 2367.457627
2935309.473625 0.000000 2379.661017
3569244.308025 0.000000 2391.864407
4138042.268029 0.000000 2404.067797
4652693.610245 0.000000 2416.271186
5124588.849003 0.000000 2428.474576
5559063.295243 0.000000 2440.677966
5962545.024362 0.000000 2452.881356
6337212.793738 0.000000 2465.084746
6687623.580699 0.000000 2477.288136
7013916.392533 0.000000 2489.491525
7319166.497168 0.000000 2501.694915
7599124.956080 0.000000 2513.898305
7851445.399257 0.000000 2526.101695
8068344.045943 0.000000 2538.305085
8259274.726644 0.000000 2550.508475
8444838.835042 0.000000 2562.711864
8650567.750349 0.000000 2574.915254
8868457.507260 0.000000 2587.118644
9075549.976936 0.000000 2599.322034
9253963.372938 0.000000 2611.525424
9406520.107596 0.000000 2623.728814
9539869.564770 0.000000 2635.932203
9660780.758724 0.000000 2648.135593
9772362.657172 0.000000 2660.338983
9876063.160745 0.000000 2672.542373
9973728.392069 0.000000 2684.745763
10065014.074587 0.000000 2696.949153
10151554.203813 0.000000 2709.152542
10229516.299941 0.000000 2721.355932
10295468.320699 0.000000 2733.559322
10333365.663298 0.000000 2745.762712
10318988.575211 0.000000 2757.966102
10200454.900606 0.000000 2770.169492
9900910.089335 0.000000 2782.372881
9316557.317677 0.000000 2794.576271
8339122.512675 0.000000 2806.779661
6868022.592286 0.000000 2818.983051
4777347.679140 0.000000 2831.186441
2107327.539534 0.000000 2843.389831
-514330.070106 -0.000000 2855.593220
-1056699.712367 -0.000000 2867.796610
4184395.577636 0.000000 2880.000000
17176892.232615 0.000000 2892.203390
28382791.742496 0.000000 2904.406780
29794601.199836 0.000000 2916.610169
29785148.526820 0.000000 2928.813559
30129450.228631 0.000000 2941.016949
30452687.148328 0.000000 2953.220339
30596281.949217 0.000000 2965.423729
30140222.276967 0.000000 2977.627119
29731362.899687 0.000000 2989.830508
29552490.667211 0.000000 3002.033898
29127249.424841 0.000000 3014.237288
28790549.021422 0.000000 3026.440678
28503092.615372 0.000000 3038.644068
28256957.155276 0.000000 3050.847458
28091462.379656 0.000000 3063.050847
27960060.415280 0.000000 3075.254237
27850024.399334 0.000000 3087.457627
27746209.634079 0.000000 3099.661017
27653680.591294 0.000000 3111.864407
27570645.401953 0.000000 3124.067797
27504391.250708 0.000000 3136.271186
27460765.996045 0.000000 3148.474576
27464183.238443 0.000000 3160.677966
27560880.819243 0.000000 3172.881356
27871444.943113 0.000000 3185.084746
28354187.837666 0.000000 3197.288136
28280543.464866 0.000000 3209.491525
28796990.006502 0.000000 3221.694915
31555996.159412 0.000000 3233.898305
33571166.068382 0.000000 3246.101695
33055379.447370 0.000000 3258.305085
31361267.459451 0.000000 3270.508475
29756473.662389 0.000000 3282.711864
26257478.351399 0.000000 3294.915254
27408307.613768 0.000000 3307.118644
6202067.426106 0.000000 3319.322034
-5523244.765163 -0.000000 3331.525424
-4558.662166 -0.000000 3343.728814
-6934.937699 -0.000000 3355.932203
-9672.233621 -0.000000 3368.135593
-12758.265450 -0.000000 3380.338983
-15763.614909 -0.000000 3392.542373
-18632.819907 -0.000000 3404.745763
-21198.706095 -0.000000 3416.949153
-23428.265741 -0.000000 3429.152542
-25281.935144 -0.000000 3441.355932
-26777.834958 -0.000000 3453.559322
-27939.156070 -0.000000 3465.762712
-28810.419899 -0.000000 3477.966102
-29435.667640 -0.000000 3490.169492
-29862.546248 -0.000000 3502.372881
-30134.073775 -0.000000 3514.576271
-30289.781943 -0.000000 3526.779661
-30363.485121 -0.000000 3538.983051
-30383.611168 -0.000000 3551.186441
-30373.269377 -0.000000 3563.389831
-30350.303253 -0.000000 3575.593220
-30327.835971 -0.000000 3587.796610
-30314.508333 -0.000000 3600.000000
