151988.230356 0.000000 0.000000
152547.695295 0.000000 12.203390
153667.030828 0.000000 24.406780
155350.057970 0.000000 36.610169
157598.156097 0.000000 48.813559
160418.721826 0.000000 61.016949
163814.173635 0.000000 73.220339
167795.630000 0.000000 85.423729
172366.490666 0.000000 97.627119
177541.644554 0.000000 109.830508
183325.470123 0.000000 122.033898
189736.661320 0.000000 134.237288
196780.572453 0.000000 146.440678
204479.705237 0.000000 158.644068
212840.369545 0.000000 170.847458
221888.809825 0.000000 183.050847
231632.229569 0.000000 195.254237
242100.419420 0.000000 207.457627
253301.323347 0.000000 219.661017
265267.842014 0.000000 231.864407
278008.320506 0.000000 244.067797
291557.919461 0.000000 256.271186
305924.676386 0.000000 268.474576
321144.442476 0.000000 280.677966
337223.532612 0.000000 292.881356
354195.677015 0.000000 305.084746
372062.712780 0.000000 317.288136
390851.273751 0.000000 329.491525
410553.454044 0.000000 341.694915
431179.992743 0.000000 353.898305
452703.275580 0.000000 366.101695
475102.503872 0.000000 378.305085
498311.591716 0.000000 390.508475
522250.117783 0.000000 402.711864
546778.300932 0.000000 414.915254
571705.193068 0.000000 427.118644
596751.476524 0.000000 439.322034
621523.145733 0.000000 451.525424
645479.896839 0.000000 463.728814
667858.964212 0.000000 475.932203
687643.904116 0.000000 488.135593
703424.441458 0.000000 500.338983
713369.399657 0.000000 512.542373
715041.069278 0.000000 524.745763
705449.389334 0.000000 536.949153
680995.732721 0.000000 549.152542
637952.536550 0.000000 561.355932
573091.148997 0.000000 573.559322
485256.127670 0.000000 585.762712
377073.719648 0.000000 597.966102
256924.840333 0.000000 610.169492
139068.536308 0.000000 622.372881
26703206.032445 0.000000 634.576271
-1592557.847063 -0.000000 646.779661
-8003652.207720 -0.000000 658.983051
-13372263.697083 -0.000000 671.186441
-13407640.814365 -0.000000 683.389831
-13041072.131280 -0.000000 695.593220
-12930956.232072 -0.000000 707.796610
-12922578.316198 -0.000000 720.000000
-12921366.459408 -0.000000 732.203390
-12868364.276987 -0.000000 744.406780
-12750984.671563 -0.000000 756.610169
-12608772.296475 -0.000000 768.813559
-12590214.453442 -0.000000 781.016949
-12701961.417434 -0.000000 793.220339
-12772069.778657 -0.000000 805.423729
-12786737.776770 -0.000000 817.627119
-12786561.341549 -0.000000 829.830508
-12782422.730532 -0.000000 842.033898
-12759623.292749 -0.000000 854.237288
-12730252.026298 -0.000000 866.440678
-12693030.870188 -0.000000 878.644068
-12651501.791511 -0.000000 890.847458
-12601483.693509 -0.000000 903.050847
-12536043.021132 -0.000000 915.254237
-12449405.403972 -0.000000 927.457627
-12339639.340693 -0.000000 939.661017
-12208665.416134 -0.000000 951.864407
-12069596.506881 -0.000000 964.067797
-11927970.900759 -0.000000 976.271186
-11784179.992297 -0.000000 988.474576
-11638705.315086 -0.000000 1000.677966
-11492024.514634 -0.000000 1012.881356
-11344332.560968 -0.000000 1025.084746
-11196004.927160 -0.000000 1037.288136
-11047149.583504 -0.000000 1049.491525
-10897999.767164 -0.000000 1061.694915
-10748583.958873 -0.000000 1073.898305
-10599038.010441 -0.000000 1086.101695
-10449347.822673 -0.000000 1098.305085
-10299599.945455 -0.000000 1110.508475
-10149766.322190 -0.000000 1122.711864
-9999912.034581 -0.000000 1134.915254
-9850011.005425 -0.000000 1147.118644
-9700119.555308 -0.000000 1159.322034
-9550223.576126 -0.000000 1171.525424
-9400375.632634 -0.000000 1183.728814
-9250582.390299 -0.000000 1195.932203
-9100894.569223 -0.000000 1208.135593
-8951346.691452 -0.000000 1220.338983
-8801987.367760 -0.000000 1232.542373
-8652875.297636 -0.000000 1244.745763
-8504049.129371 -0.000000 1256.949153
-8355552.667561 -0.000000 1269.152542
-8207380.200296 -0.000000 1281.355932
-8059435.004929 -0.000000 1293.559322
-7911561.458610 -0.000000 1305.762712
-7763224.912977 -0.000000 1317.966102
-7613879.571200 -0.000000 1330.169492
-7462090.709142 -0.000000 1342.372881
-7306940.922882 -0.000000 1354.576271
-7146791.469617 -0.000000 1366.779661
-6983215.522441 -0.000000 1378.983051
-6818983.153155 -0.000000 1391.186441
-6662469.836676 -0.000000 1403.389831
-6518794.151065 -0.000000 1415.593220
-6391051.965632 -0.000000 1427.796610
-6269933.978356 -0.000000 1440.000000
-6145553.954022 -0.000000 1452.203390
-6006003.531281 -0.000000 1464.406780
-5853290.135523 -0.000000 1476.610169
-5693255.254643 -0.000000 1488.813559
-5535702.562319 -0.000000 1501.016949
-5378926.124859 -0.000000 1513.220339
-5220619.740245 -0.000000 1525.423729
-5060775.894312 -0.000000 1537.627119
-4904402.198257 -0.000000 1549.830508
-4753807.772050 -0.000000 1562.033898
-4607412.574567 -0.000000 1574.237288
-4463869.005049 -0.000000 1586.440678
-4320645.585811 -0.000000 1598.644068
-4178338.390541 -0.000000 1610.847458
-4035349.496209 -0.000000 1623.050847
-3893049.400545 -0.000000 1635.254237
-3750091.653784 -0.000000 1647.457627
-3607806.098062 -0.000000 1659.661017
-3465008.125886 -0.000000 1671.864407
-3322688.983429 -0.000000 1684.067797
-3179756.990350 -0.000000 1696.271186
-3036754.747502 -0.000000 1708.474576
-2892481.835737 -0.000000 1720.677966
-2746919.860999 -0.000000 1732.881356
-2598284.130205 -0.000000 1745.084746
-2445546.806360 -0.000000 1757.288136
-2285187.179817 -0.000000 1769.491525
-2113491.392564 -0.000000 1781.694915
-1922091.565318 -0.000000 1793.898305
-1699190.957892 -0.000000 1806.101695
-1422863.650905 -0.000000 1818.305085
-1058061.617253 -0.000000 1830.508475
-547038.072653 -0.000000 1842.711864
201493.802944 0.000000 1854.915254
1318767.989192 0.000000 1867.118644
2992790.894433 0.000000 1879.322034
5337940.590370 0.000000 1891.525424
9319865.709682 0.000000 1903.728814
13190355.004748 0.000000 1915.932203
13533707.989254 0.000000 1928.135593
13177546.933658 0.000000 1940.338983
14109886.324757 0.000000 1952.542373
12659310.380733 0.000000 1964.745763
-4821818.779058 -0.000000 1976.949153
-19185904.418351 -0.000000 1989.152542
-19819599.416728 -0.000000 2001.355932
-65028228.341262 -0.000000 2013.559322
-24101362.555357 -0.000000 2025.762712
-15887460.906878 -0.000000 2037.966102
-14961986.521818 -0.000000 2050.169492
-19282560.359986 -0.000000 2062.372881
-26552505.313497 -0.000000 2074.576271
-20455849.303823 -0.000000 2086.779661
-11330288.467113 -0.000000 2098.983051
-12200030.195799 -0.000000 2111.186441
-14451124.660336 -0.000000 2123.389831
-16229550.075598 -0.000000 2135.593220
-19109369.222135 -0.000000 2147.796610
-11255578.498968 -0.000000 2160.000000
-9085779.203728 -0.000000 2172.203390
-16759534.036473 -0.000000 2184.406780
-23115170.765067 -0.000000 2196.610169
-22280226.962097 -0.000000 2208.813559
-24296077.638762 -0.000000 2221.016949
-115075183.147281 -0.000000 2233.220339
-236133258.946781 -0.000000 2245.423729
1303402.978562 0.000000 2257.627119
8208390.373693 0.000000 2269.830508
9981694.424829 0.000000 2282.033898
7638815.634845 0.000000 2294.237288
4206043.261483 0.000000 2306.440678
1594942.560665 0.000000 2318.644068
258171.683522 0.000000 2330.847458
119029.227245 0.000000 2343.050847
787770.451624 0.000000 2355.254237
1886367.003257 0.000000 2367.457627
3111650.076926 0.000000 2379.661017
4310019.088456 0.000000 2391.864407
5401018.305269 0.000000 2404.067797
6369842.551484 0.000000 2416.271186
7220242.743454 0.000000 2428.474576
7970366.425820 0.000000 2440.677966
8635253.048808 0.000000 2452.881356
9230375.581501 0.000000 2465.084746
9765115.361207 0.000000 2477.288136
10249046.462235 0.000000 2489.491525
10686462.862735 0.000000 2501.694915
11083980.031286 0.000000 2513.898305
11443485.484302 0.000000 2526.101695
11770850.113341 0.000000 2538.305085
12066784.096645 0.000000 2550.508475
12337031.980363 0.000000 2562.711864
12581350.939381 0.000000 2574.915254
12805542.130019 0.000000 2587.118644
13008488.381742 0.000000 2599.322034
13195944.532260 0.000000 2611.525424
13365872.949288 0.000000 2623.728814
13522556.558915 0.000000 2635.932203
13660131.108929 0.000000 2648.135593
13775131.051349 0.000000 2660.338983
13858473.404551 0.000000 2672.542373
13919197.207547 0.000000 2684.745763
13985442.584218 0.000000 2696.949153
14081710.610143 0.000000 2709.152542
14193721.695013 0.000000 2721.355932
14272691.576122 0.000000 2733.559322
14296306.116101 0.000000 2745.762712
14272150.720632 0.000000 2757.966102
14244943.209393 0.000000 2770.169492
14245047.422016 0.000000 2782.372881
14294063.357308 0.000000 2794.576271
14348078.770899 0.000000 2806.779661
14359238.444435 0.000000 2818.983051
14298624.678647 0.000000 2831.186441
14150102.133268 0.000000 2843.389831
13816855.769234 0.000000 2855.593220
13159428.283513 0.000000 2867.796610
12027913.229461 0.000000 2880.000000
10188041.413631 0.000000 2892.203390
7270529.934789 0.000000 2904.406780
3320628.619968 0.000000 2916.610169
509139.968983 0.000000 2928.813559
3549450.494973 0.000000 2941.016949
16531045.824925 0.000000 2953.220339
29137222.094958 0.000000 2965.423729
30278361.081188 0.000000 2977.627119
30293618.985000 0.000000 2989.830508
30927693.008166 0.000000 3002.033898
31135156.131318 0.000000 3014.237288
31211648.251911 0.000000 3026.440678
31120473.213662 0.000000 3038.644068
30551400.039624 0.000000 3050.847458
30274732.120642 0.000000 3063.050847
30065013.225626 0.000000 3075.254237
29674475.094317 0.000000 3087.457627
29360539.113804 0.000000 3099.661017
29076188.429591 0.000000 3111.864407
28857429.571485 0.000000 3124.067797
28706445.385074 0.000000 3136.271186
28591412.632705 0.000000 3148.474576
28484853.990195 0.000000 3160.677966
28376607.838804 0.000000 3172.881356
28261357.811971 0.000000 3185.084746
28153177.558286 0.000000 3197.288136
28081266.074015 0.000000 3209.491525
28072534.575741 0.000000 3221.694915
28168355.341504 0.000000 3233.898305
28455823.801235 0.000000 3246.101695
28936879.977842 0.000000 3258.305085
28878424.381383 0.000000 3270.508475
29257033.323058 0.000000 3282.711864
31993430.699686 0.000000 3294.915254
34323265.437817 0.000000 3307.118644
33980671.636390 0.000000 3319.322034
32347180.033519 0.000000 3331.525424
30444649.686928 0.000000 3343.728814
27651164.838874 0.000000 3355.932203
28504304.101851 0.000000 3368.135593
7459418.806875 0.000000 3380.338983
29058280.265413 0.000000 3392.542373
38147.531838 0.000000 3404.745763
65464.178857 0.000000 3416.949153
92355.471085 0.000000 3429.152542
117887.847700 0.000000 3441.355932
141676.528052 0.000000 3453.559322
163106.052969 0.000000 3465.762712
181977.148039 0.000000 3477.966102
198164.387455 0.000000 3490.169492
211775.039748 0.000000 3502.372881
222976.615358 0.000000 3514.576271
232029.589201 0.000000 3526.779661
239191.331353 0.000000 3538.983051
244727.840312 0.000000 3551.186441
248864.458329 0.000000 3563.389831
251796.973675 0.000000 3575.593220
253669.021930 0.000000 3587.796610
254580.781266 0.000000 3600.000000
