288147.018988 0.000000 0.000000
289032.427762 0.000000 12.203390
290805.626090 0.000000 24.406780
293467.349034 0.000000 36.610169
297024.777413 0.000000 48.813559
301479.014186 0.000000 61.016949
306841.702181 0.000000 73.220339
313114.150449 0.000000 85.423729
320311.603610 0.000000 97.627119
328434.998845 0.000000 109.830508
337501.735960 0.000000 122.033898
347511.195779 0.000000 134.237288
358480.410941 0.000000 146.440678
370404.879651 0.000000 158.644068
383296.874918 0.000000 170.847458
397143.537763 0.000000 183.050847
411944.695145 0.000000 195.254237
427670.622700 0.000000 207.457627
444295.114489 0.000000 219.661017
461755.501521 0.000000 231.864407
479975.232197 0.000000 244.067797
498828.431247 0.000000 256.271186
518144.202677 0.000000 268.474576
537676.777214 0.000000 280.677966
557080.961763 0.000000 292.881356
575886.362897 0.000000 305.084746
593430.275931 0.000000 317.288136
608831.891407 0.000000 329.491525
620869.943004 0.000000 341.694915
627960.521284 0.000000 353.898305
627995.112953 0.000000 366.101695
618389.352537 0.000000 378.305085
596032.885396 0.000000 390.508475
557707.984702 0.000000 402.711864
500630.329586 0.000000 414.915254
423810.065815 0.000000 427.118644
329509.393608 0.000000 439.322034
224913.614320 0.000000 451.525424
122185.687048 0.000000 463.728814
54783183.005621 0.000000 475.932203
-2151839.680097 -0.000000 488.135593
-9675590.399732 -0.000000 500.338983
-13872254.638933 -0.000000 512.542373
-13264887.556637 -0.000000 524.745763
-12985112.421387 -0.000000 536.949153
-12904299.986429 -0.000000 549.152542
-12908902.433065 -0.000000 561.355932
-12912109.967877 -0.000000 573.559322
-12863014.379788 -0.000000 585.762712
-12741502.728308 -0.000000 597.966102
-12632341.788964 -0.000000 610.169492
-12622956.768495 -0.000000 622.372881
-12706113.679057 -0.000000 634.576271
-12780517.239314 -0.000000 646.779661
-12804315.951891 -0.000000 658.983051
-12810576.249792 -0.000000 671.186441
-12809001.723226 -0.000000 683.389831
-12803661.702961 -0.000000 695.593220
-12796703.631853 -0.000000 707.796610
-12793843.975360 -0.000000 720.000000
-12794668.802116 -0.000000 732.203390
-12792481.480447 -0.000000 744.406780
-12783227.105216 -0.000000 756.610169
-12769397.910943 -0.000000 768.813559
-12743855.238988 -0.000000 781.016949
-12718163.089073 -0.000000 793.220339
-12691099.733314 -0.000000 805.423729
-12656568.608696 -0.000000 817.627119
-12620100.127448 -0.000000 829.830508
-12567576.730286 -0.000000 842.033898
-12491222.519723 -0.000000 854.237288
-12402920.611959 -0.000000 866.440678
-12296331.323872 -0.000000 878.644068
-12176898.744697 -0.000000 890.847458
-12055365.610056 -0.000000 903.050847
-11931002.325976 -0.000000 915.254237
-11805221.716986 -0.000000 927.457627
-11679268.324751 -0.000000 939.661017
-11554659.444365 -0.000000 951.864407
-11432931.854234 -0.000000 964.067797
-11313984.667478 -0.000000 976.271186
-11196419.159785 -0.000000 988.474576
-11077208.555653 -0.000000 1000.677966
-10954297.276664 -0.000000 1012.881356
-10826559.238362 -0.000000 1025.084746
-10694845.411628 -0.000000 1037.288136
-10559605.548288 -0.000000 1049.491525
-10421564.233517 -0.000000 1061.694915
-10280637.456413 -0.000000 1073.898305
-10139030.986564 -0.000000 1086.101695
-10001062.387789 -0.000000 1098.305085
-9873952.983020 -0.000000 1110.508475
-9761154.566915 -0.000000 1122.711864
-9658474.786198 -0.000000 1134.915254
-9553118.788023 -0.000000 1147.118644
-9434629.372331 -0.000000 1159.322034
-9300986.044823 -0.000000 1171.525424
-9159150.623179 -0.000000 1183.728814
-9016528.360749 -0.000000 1195.932203
-8878031.435999 -0.000000 1208.135593
-8744165.131105 -0.000000 1220.338983
-8614264.789008 -0.000000 1232.542373
-8486596.382571 -0.000000 1244.745763
-8360332.243411 -0.000000 1256.949153
-8234485.383222 -0.000000 1269.152542
-8108882.456735 -0.000000 1281.355932
-7983108.009843 -0.000000 1293.559322
-7857259.017554 -0.000000 1305.762712
-7731161.772429 -0.000000 1317.966102
-7604972.145990 -0.000000 1330.169492
-7478608.909365 -0.000000 1342.372881
-7352211.151676 -0.000000 1354.576271
-7225731.046300 -0.000000 1366.779661
-7099274.630629 -0.000000 1378.983051
-6972806.776363 -0.000000 1391.186441
-6846405.222264 -0.000000 1403.389831
-6720040.911489 -0.000000 1415.593220
-6593772.357583 -0.000000 1427.796610
-6467574.402932 -0.000000 1440.000000
-6341494.026587 -0.000000 1452.203390
-6215509.134732 -0.000000 1464.406780
-6089660.399395 -0.000000 1476.610169
-5963928.517484 -0.000000 1488.813559
-5838350.971866 -0.000000 1501.016949
-5712911.467539 -0.000000 1513.220339
-5587645.804496 -0.000000 1525.423729
-5462541.460114 -0.000000 1537.627119
-5337632.706584 -0.000000 1549.830508
-5212912.257359 -0.000000 1562.033898
-5088411.396827 -0.000000 1574.237288
-4964130.600154 -0.000000 1586.440678
-4840094.100007 -0.000000 1598.644068
-4716314.484229 -0.000000 1610.847458
-4592800.473615 -0.000000 1623.050847
-4469584.998199 -0.000000 1635.254237
-4346646.155849 -0.000000 1647.457627
-4224055.151639 -0.000000 1659.661017
-4101738.018763 -0.000000 1671.864407
-3979848.480525 -0.000000 1684.067797
-3858245.775989 -0.000000 1696.271186
-3737281.953951 -0.000000 1708.474576
-3616794.469418 -0.000000 1720.677966
-3497632.804450 -0.000000 1732.881356
-3379867.866480 -0.000000 1745.084746
-3265567.148891 -0.000000 1757.288136
-3155828.739379 -0.000000 1769.491525
-3055466.526954 -0.000000 1781.694915
-2968417.756977 -0.000000 1793.898305
-2904777.797719 -0.000000 1806.101695
-2874072.889816 -0.000000 1818.305085
-2893409.923926 -0.000000 1830.508475
-2977881.903576 -0.000000 1842.711864
-3143058.802581 -0.000000 1854.915254
-3394849.023166 -0.000000 1867.118644
-3711655.045390 -0.000000 1879.322034
-4075989.094395 -0.000000 1891.525424
-4392612.070420 -0.000000 1903.728814
-4631303.803841 -0.000000 1915.932203
-865424.448944 -0.000000 1928.135593
6819111.199332 0.000000 1940.338983
11200175.607287 0.000000 1952.542373
13035289.349224 0.000000 1964.745763
13888478.568776 0.000000 1976.949153
13553659.334129 0.000000 1989.152542
13495719.285982 0.000000 2001.355932
14340366.269254 0.000000 2013.559322
11134768.664447 0.000000 2025.762712
-2409828.711461 -0.000000 2037.966102
-13937137.299059 -0.000000 2050.169492
-21122157.751297 -0.000000 2062.372881
-57369663.773359 -0.000000 2074.576271
-25928043.421693 -0.000000 2086.779661
-16440627.574522 -0.000000 2098.983051
-13495832.709459 -0.000000 2111.186441
-11171493.592380 -0.000000 2123.389831
-15983032.861374 -0.000000 2135.593220
-22487452.442494 -0.000000 2147.796610
-26076082.354008 -0.000000 2160.000000
-24876618.107346 -0.000000 2172.203390
-24161902.522509 -0.000000 2184.406780
-23347209.579591 -0.000000 2196.610169
-20161737.453092 -0.000000 2208.813559
-38151620.065317 -0.000000 2221.016949
-1126389859.133536 -0.000000 2233.220339
-1665448.270526 -0.000000 2245.423729
7990179.403760 0.000000 2257.627119
14408197.004779 0.000000 2269.830508
16402638.395350 0.000000 2282.033898
16224477.248193 0.000000 2294.237288
13565879.406347 0.000000 2306.440678
9045842.712253 0.000000 2318.644068
5094355.500019 0.000000 2330.847458
2454847.680694 0.000000 2343.050847
1338970.648066 0.000000 2355.254237
1404553.704965 0.000000 2367.457627
2137992.271387 0.000000 2379.661017
3147571.648081 0.000000 2391.864407
4189053.049939 0.000000 2404.067797
5156515.415600 0.000000 2416.271186
6010288.942797 0.000000 2428.474576
6754829.779545 0.000000 2440.677966
7403474.181587 0.000000 2452.881356
7974661.158319 0.000000 2465.084746
8482992.211429 0.000000 2477.288136
8939333.312761 0.000000 2489.491525
9352726.278316 0.000000 2501.694915
9727981.586280 0.000000 2513.898305
10071200.932586 0.000000 2526.101695
10384787.475606 0.000000 2538.305085
10673540.219051 0.000000 2550.508475
10939049.749157 0.000000 2562.711864
11184006.633953 0.000000 2574.915254
11407751.995867 0.000000 2587.118644
11605701.103518 0.000000 2599.322034
11772026.334306 0.000000 2611.525424
11903881.265002 0.000000 2623.728814
12022336.231795 0.000000 2635.932203
12147562.332189 0.000000 2648.135593
12280045.146759 0.000000 2660.338983
12381055.564840 0.000000 2672.542373
12452812.830385 0.000000 2684.745763
12529888.057741 0.000000 2696.949153
12655981.695477 0.000000 2709.152542
12804153.647597 0.000000 2721.355932
12940669.908109 0.000000 2733.559322
13036316.971403 0.000000 2745.762712
13098875.033024 0.000000 2757.966102
13124173.089496 0.000000 2770.169492
13124027.733085 0.000000 2782.372881
13108317.830200 0.000000 2794.576271
13096277.112195 0.000000 2806.779661
13084678.136196 0.000000 2818.983051
13065848.802165 0.000000 2831.186441
13007915.906833 0.000000 2843.389831
12836457.985977 0.000000 2855.593220
12464363.474863 0.000000 2867.796610
11787361.130044 0.000000 2880.000000
10672261.410409 0.000000 2892.203390
8841590.058261 0.000000 2904.406780
6042455.541023 0.000000 2916.610169
2421471.736094 0.000000 2928.813559
-26116.151751 -0.000000 2941.016949
1989579.802022 0.000000 2953.220339
13789081.399540 0.000000 2965.423729
27606251.391434 0.000000 2977.627119
30273648.452731 0.000000 2989.830508
30311172.480272 0.000000 3002.033898
30750690.605437 0.000000 3014.237288
31022112.276985 0.000000 3026.440678
31166318.792219 0.000000 3038.644068
31021171.843375 0.000000 3050.847458
30494255.243718 0.000000 3063.050847
30239890.269775 0.000000 3075.254237
29989676.238437 0.000000 3087.457627
29604770.691372 0.000000 3099.661017
29301315.589501 0.000000 3111.864407
29018896.061504 0.000000 3124.067797
28808093.422065 0.000000 3136.271186
28649620.705101 0.000000 3148.474576
28528787.333553 0.000000 3160.677966
28427482.767778 0.000000 3172.881356
28341932.120845 0.000000 3185.084746
28264671.078402 0.000000 3197.288136
28202792.282424 0.000000 3209.491525
28165717.165374 0.000000 3221.694915
28175689.674193 0.000000 3233.898305
28269246.214655 0.000000 3246.101695
28539631.344219 0.000000 3258.305085
28999833.816423 0.000000 3270.508475
29055932.333367 0.000000 3282.711864
29342246.745107 0.000000 3294.915254
31598614.745095 0.000000 3307.118644
33841173.451593 0.000000 3319.322034
33805311.640960 0.000000 3331.525424
32384285.958224 0.000000 3343.728814
30586555.457829 0.000000 3355.932203
26999719.128564 0.000000 3368.135593
28425712.413796 0.000000 3380.338983
9443148.426051 0.000000 3392.542373
17547555.819121 0.000000 3404.745763
22404.475770 0.000000 3416.949153
38844.763810 0.000000 3429.152542
54598.339165 0.000000 3441.355932
69522.759534 0.000000 3453.559322
83300.892230 0.000000 3465.762712
95670.562422 0.000000 3477.966102
106508.442387 0.000000 3490.169492
115774.315806 0.000000 3502.372881
123529.340019 0.000000 3514.576271
129878.783022 0.000000 3526.779661
134966.885750 0.000000 3538.983051
138937.849098 0.000000 3551.186441
141932.795255 0.000000 3563.389831
144068.822502 0.000000 3575.593220
145440.413749 0.000000 3587.796610
146109.919792 0.000000 3600.000000
