21581.345522 0.000000 0.000000
21682.375125 0.000000 12.203390
21884.853094 0.000000 24.406780
22189.160115 0.000000 36.610169
22596.710835 0.000000 48.813559
23108.008936 0.000000 61.016949
23725.534166 0.000000 73.220339
24450.014353 0.000000 85.423729
25284.949854 0.000000 97.627119
26231.289565 0.000000 109.830508
27293.571148 0.000000 122.033898
28472.951747 0.000000 134.237288
29775.035681 0.000000 146.440678
31201.171735 0.000000 158.644068
32758.068558 0.000000 170.847458
34447.249353 0.000000 183.050847
36276.574427 0.000000 195.254237
38247.724044 0.000000 207.457627
40369.767363 0.000000 219.661017
42644.524695 0.000000 231.864407
45082.340925 0.000000 244.067797
47685.161539 0.000000 256.271186
50464.683031 0.000000 268.474576
53422.963432 0.000000 280.677966
56573.135388 0.000000 292.881356
59917.360454 0.000000 305.084746
63470.296276 0.000000 317.288136
67234.204473 0.000000 329.491525
71225.358966 0.000000 341.694915
75446.123126 0.000000 353.898305
79914.474682 0.000000 366.101695
84632.887767 0.000000 378.305085
89621.116416 0.000000 390.508475
94881.761619 0.000000 402.711864
100436.398725 0.000000 414.915254
106287.772435 0.000000 427.118644
112459.273528 0.000000 439.322034
118953.802258 0.000000 451.525424
125796.468446 0.000000 463.728814
132990.309181 0.000000 475.932203
140561.911383 0.000000 488.135593
148514.350302 0.000000 500.338983
156875.203015 0.000000 512.542373
165647.316305 0.000000 524.745763
174858.360497 0.000000 536.949153
184510.337817 0.000000 549.152542
194629.429102 0.000000 561.355932
205215.491147 0.000000 573.559322
216290.453506 0.000000 585.762712
227849.420534 0.000000 597.966102
239905.249092 0.000000 610.169492
252443.201864 0.000000 622.372881
265458.572548 0.000000 634.576271
278917.014957 0.000000 646.779661
292781.100691 0.000000 658.983051
306978.295719 0.000000 671.186441
321411.026446 0.000000 683.389831
335933.477903 0.000000 695.593220
350337.960747 0.000000 707.796610
364339.974312 0.000000 720.000000
377531.535052 0.000000 732.203390
389371.904405 0.000000 744.406780
399098.597685 0.000000 756.610169
405724.891170 0.000000 768.813559
407915.589327 0.000000 781.016949
404031.140086 0.000000 793.220339
392062.309351 0.000000 805.423729
369915.653478 0.000000 817.627119
335728.444614 0.000000 829.830508
288786.742962 0.000000 842.033898
230442.869641 0.000000 854.237288
165230.534906 0.000000 866.440678
100826.288335 0.000000 878.644068
46831.452607 0.000000 890.847458
103844962.085718 0.000000 903.050847
-5947796.534337 -0.000000 915.254237
-13701790.716897 -0.000000 927.457627
-13392336.750830 -0.000000 939.661017
-12879831.814472 -0.000000 951.864407
-12710681.646196 -0.000000 964.067797
-12784438.872499 -0.000000 976.271186
-12845534.467167 -0.000000 988.474576
-12815740.304979 -0.000000 1000.677966
-12707235.807457 -0.000000 1012.881356
-12601047.462203 -0.000000 1025.084746
-12585811.687695 -0.000000 1037.288136
-12645431.683922 -0.000000 1049.491525
-12719076.202201 -0.000000 1061.694915
-12760560.793086 -0.000000 1073.898305
-12774787.228201 -0.000000 1086.101695
-12779763.190315 -0.000000 1098.305085
-12780086.877171 -0.000000 1110.508475
-12772272.613830 -0.000000 1122.711864
-12759268.392676 -0.000000 1134.915254
-12747082.927192 -0.000000 1147.118644
-12746343.845045 -0.000000 1159.322034
-12746629.899797 -0.000000 1171.525424
-12740116.421804 -0.000000 1183.728814
-12738701.201949 -0.000000 1195.932203
-12745800.165813 -0.000000 1208.135593
-12751331.827605 -0.000000 1220.338983
-12750982.539968 -0.000000 1232.542373
-12749697.312149 -0.000000 1244.745763
-12745543.123459 -0.000000 1256.949153
-12744499.381811 -0.000000 1269.152542
-12742718.747950 -0.000000 1281.355932
-12750315.038773 -0.000000 1293.559322
-12759248.852736 -0.000000 1305.762712
-12758956.156721 -0.000000 1317.966102
-12747569.158940 -0.000000 1330.169492
-12732151.030939 -0.000000 1342.372881
-12730553.315414 -0.000000 1354.576271
-12748112.582340 -0.000000 1366.779661
-12756663.436363 -0.000000 1378.983051
-12753166.260705 -0.000000 1391.186441
-12749553.069041 -0.000000 1403.389831
-12747016.930081 -0.000000 1415.593220
-12746679.292279 -0.000000 1427.796610
-12742921.131682 -0.000000 1440.000000
-12738587.972670 -0.000000 1452.203390
-12731272.318257 -0.000000 1464.406780
-12716525.492173 -0.000000 1476.610169
-12701616.457733 -0.000000 1488.813559
-12685687.306727 -0.000000 1501.016949
-12666833.627537 -0.000000 1513.220339
-12646417.818369 -0.000000 1525.423729
-12623882.014359 -0.000000 1537.627119
-12599817.828545 -0.000000 1549.830508
-12574898.932411 -0.000000 1562.033898
-12550571.297440 -0.000000 1574.237288
-12518356.379377 -0.000000 1586.440678
-12473447.086943 -0.000000 1598.644068
-12419925.394859 -0.000000 1610.847458
-12350289.403687 -0.000000 1623.050847
-12268981.083555 -0.000000 1635.254237
-12181112.555331 -0.000000 1647.457627
-12085936.527003 -0.000000 1659.661017
-11983035.454658 -0.000000 1671.864407
-11872403.818007 -0.000000 1684.067797
-11746863.517834 -0.000000 1696.271186
-11591874.944961 -0.000000 1708.474576
-11382140.040251 -0.000000 1720.677966
-11091638.218748 -0.000000 1732.881356
-10691431.544178 -0.000000 1745.084746
-10138445.470080 -0.000000 1757.288136
-9362008.212523 -0.000000 1769.491525
-8266383.857240 -0.000000 1781.694915
-6752574.120326 -0.000000 1793.898305
-4688290.757815 -0.000000 1806.101695
-1946648.974770 -0.000000 1818.305085
1546233.208551 0.000000 1830.508475
5600997.720447 0.000000 1842.711864
9902108.806661 0.000000 1854.915254
12494989.284483 0.000000 1867.118644
13519559.420639 0.000000 1879.322034
15730695.801566 0.000000 1891.525424
7154609.976380 0.000000 1903.728814
-13986808.214453 -0.000000 1915.932203
-17164372.036614 -0.000000 1928.135593
-27301911.820138 -0.000000 1940.338983
-35564430.848029 -0.000000 1952.542373
-19823221.459167 -0.000000 1964.745763
-14990152.988632 -0.000000 1976.949153
-13220464.328226 -0.000000 1989.152542
-12676265.145205 -0.000000 2001.355932
-13411472.565270 -0.000000 2013.559322
-14582729.973240 -0.000000 2025.762712
-15713825.246096 -0.000000 2037.966102
-17185941.697941 -0.000000 2050.169492
-18965711.013978 -0.000000 2062.372881
-22282135.186490 -0.000000 2074.576271
-21319096.449248 -0.000000 2086.779661
-121512839.750889 -0.000000 2098.983051
-255248491.931523 -0.000000 2111.186441
-5956636.500166 -0.000000 2123.389831
28082716.964762 0.000000 2135.593220
88138878.038907 0.000000 2147.796610
17846754.965667 0.000000 2160.000000
9893330.539082 0.000000 2172.203390
8632761.093909 0.000000 2184.406780
12371521.024861 0.000000 2196.610169
16062137.557353 0.000000 2208.813559
17708000.415433 0.000000 2221.016949
22356708.193364 0.000000 2233.220339
32300295.784486 0.000000 2245.423729
40613483.694320 0.000000 2257.627119
23341741.164816 0.000000 2269.830508
11270543.926012 0.000000 2282.033898
4079146.934968 0.000000 2294.237288
-1151808.547760 -0.000000 2306.440678
-2332209.499761 -0.000000 2318.644068
-1192369.549635 -0.000000 2330.847458
886355.992820 0.000000 2343.050847
3079713.229309 0.000000 2355.254237
5051365.200532 0.000000 2367.457627
6681315.394082 0.000000 2379.661017
7990567.440591 0.000000 2391.864407
9022972.156569 0.000000 2404.067797
9848270.847155 0.000000 2416.271186
10514203.119425 0.000000 2428.474576
11066818.913686 0.000000 2440.677966
11531430.603210 0.000000 2452.881356
11930239.440422 0.000000 2465.084746
12273963.518885 0.000000 2477.288136
12572778.953030 0.000000 2489.491525
12831718.935069 0.000000 2501.694915
13056637.576164 0.000000 2513.898305
13250981.650322 0.000000 2526.101695
13419216.253838 0.000000 2538.305085
13564178.466385 0.000000 2550.508475
13689520.007040 0.000000 2562.711864
13797363.410085 0.000000 2574.915254
13890410.715808 0.000000 2587.118644
13969996.643612 0.000000 2599.322034
14037959.566717 0.000000 2611.525424
14095373.041970 0.000000 2623.728814
14143767.545654 0.000000 2635.932203
14184706.003344 0.000000 2648.135593
14219770.381908 0.000000 2660.338983
14251214.452554 0.000000 2672.542373
14280641.392163 0.000000 2684.745763
14310490.376066 0.000000 2696.949153
14341341.217946 0.000000 2709.152542
14371376.413902 0.000000 2721.355932
14390622.065368 0.000000 2733.559322
14377726.670947 0.000000 2745.762712
14312325.448490 0.000000 2757.966102
14199885.795178 0.000000 2770.169492
14087544.990114 0.000000 2782.372881
13995578.040592 0.000000 2794.576271
13858780.533615 0.000000 2806.779661
13541865.925077 0.000000 2818.983051
12906383.511811 0.000000 2831.186441
11802741.945147 0.000000 2843.389831
9967069.569097 0.000000 2855.593220
7089051.674886 0.000000 2867.796610
3221899.062068 0.000000 2880.000000
472553.017457 0.000000 2892.203390
2402977.090780 0.000000 2904.406780
14636230.853659 0.000000 2916.610169
28260676.227971 0.000000 2928.813559
30160064.856581 0.000000 2941.016949
30192395.598722 0.000000 2953.220339
30728375.359553 0.000000 2965.423729
30958683.523538 0.000000 2977.627119
31070565.227194 0.000000 2989.830508
30959600.847158 0.000000 3002.033898
30405853.061733 0.000000 3014.237288
30162304.136171 0.000000 3026.440678
29992458.068943 0.000000 3038.644068
29644758.240161 0.000000 3050.847458
29359197.215244 0.000000 3063.050847
29082057.378449 0.000000 3075.254237
28856197.559661 0.000000 3087.457627
28676964.200262 0.000000 3099.661017
28532726.137461 0.000000 3111.864407
28407487.316365 0.000000 3124.067797
28300917.680379 0.000000 3136.271186
28195996.380012 0.000000 3148.474576
28102608.137273 0.000000 3160.677966
28033351.614625 0.000000 3172.881356
28022273.684307 0.000000 3185.084746
28113776.891423 0.000000 3197.288136
28397361.739423 0.000000 3209.491525
28912242.217968 0.000000 3221.694915
28970895.908801 0.000000 3233.898305
29365571.070063 0.000000 3246.101695
31696358.002175 0.000000 3258.305085
33947676.757219 0.000000 3270.508475
33745821.119065 0.000000 3282.711864
32294511.977628 0.000000 3294.915254
30227439.797779 0.000000 3307.118644
27133171.930220 0.000000 3319.322034
28586089.854662 0.000000 3331.525424
7568375.244326 0.000000 3343.728814
21273642.827907 0.000000 3355.932203
25622.855794 0.000000 3368.135593
44850.363203 0.000000 3380.338983
64261.794102 0.000000 3392.542373
83007.088373 0.000000 3404.745763
100668.024908 0.000000 3416.949153
116734.059513 0.000000 3429.152542
130959.398343 0.000000 3441.355932
143224.919518 0.000000 3453.559322
153567.498345 0.000000 3465.762712
162110.817130 0.000000 3477.966102
169043.801254 0.000000 3490.169492
174575.455462 0.000000 3502.372881
178922.554249 0.000000 3514.576271
182283.782221 0.000000 3526.779661
184840.768672 0.000000 3538.983051
186744.513427 0.000000 3551.186441
188122.510013 0.000000 3563.389831
189071.631598 0.000000 3575.593220
189665.454549 0.000000 3587.796610
189950.410088 0.000000 3600.000000
