428033.459091 0.000000 0.000000
429216.630640 0.000000 12.203390
431582.640411 0.000000 24.406780
435131.861165 0.000000 36.610169
439862.717006 0.000000 48.813559
445774.175232 0.000000 61.016949
452861.021500 0.000000 73.220339
461117.343530 0.000000 85.423729
470529.182535 0.000000 97.627119
481078.788300 0.000000 109.830508
492734.005429 0.000000 122.033898
505452.312327 0.000000 134.237288
519165.997504 0.000000 146.440678
533783.991843 0.000000 158.644068
549171.148461 0.000000 170.847458
565144.183804 0.000000 183.050847
581441.947666 0.000000 195.254237
597709.114126 0.000000 207.457627
613452.006364 0.000000 219.661017
628000.496063 0.000000 231.864407
640442.341494 0.000000 244.067797
649554.810003 0.000000 256.271186
653720.436095 0.000000 268.474576
650848.628426 0.000000 280.677966
638342.137660 0.000000 292.881356
613161.368696 0.000000 305.084746
572133.894678 0.000000 317.288136
512614.499582 0.000000 329.491525
433666.426160 0.000000 341.694915
337587.118321 0.000000 353.898305
231328.151129 0.000000 366.101695
126671.208160 0.000000 378.305085
114154810.758131 0.000000 390.508475
-2557428.734891 -0.000000 402.711864
-10169317.132745 -0.000000 414.915254
-13844781.806854 -0.000000 427.118644
-13300823.818544 -0.000000 439.322034
-13029497.028680 -0.000000 451.525424
-12923233.854116 -0.000000 463.728814
-12921909.701286 -0.000000 475.932203
-12929614.281729 -0.000000 488.135593
-12875360.486818 -0.000000 500.338983
-12758553.818388 -0.000000 512.542373
-12662743.275557 -0.000000 524.745763
-12661399.784050 -0.000000 536.949153
-12733214.614781 -0.000000 549.152542
-12800114.910112 -0.000000 561.355932
-12823031.411468 -0.000000 573.559322
-12826657.173496 -0.000000 585.762712
-12822445.193324 -0.000000 597.966102
-12818451.451022 -0.000000 610.169492
-12816287.210488 -0.000000 622.372881
-12818255.604426 -0.000000 634.576271
-12820676.663091 -0.000000 646.779661
-12819283.028597 -0.000000 658.983051
-12810123.802070 -0.000000 671.186441
-12799615.972187 -0.000000 683.389831
-12777776.188729 -0.000000 695.593220
-12745917.833514 -0.000000 707.796610
-12712243.429722 -0.000000 720.000000
-12675625.604407 -0.000000 732.203390
-12641253.640589 -0.000000 744.406780
-12611913.637710 -0.000000 756.610169
-12576232.235029 -0.000000 768.813559
-12522543.928925 -0.000000 781.016949
-12438291.185125 -0.000000 793.220339
-12320207.746666 -0.000000 805.423729
-12182176.470720 -0.000000 817.627119
-12044823.458823 -0.000000 829.830508
-11916475.564125 -0.000000 842.033898
-11806721.825589 -0.000000 854.237288
-11711562.478786 -0.000000 866.440678
-11619507.924886 -0.000000 878.644068
-11510564.992884 -0.000000 890.847458
-11378761.578349 -0.000000 903.050847
-11234125.725992 -0.000000 915.254237
-11092179.575570 -0.000000 927.457627
-10959771.099365 -0.000000 939.661017
-10834501.435538 -0.000000 951.864407
-10713561.591340 -0.000000 964.067797
-10592702.778538 -0.000000 976.271186
-10471710.996079 -0.000000 988.474576
-10347484.312379 -0.000000 1000.677966
-10220629.328233 -0.000000 1012.881356
-10088985.664870 -0.000000 1025.084746
-9955892.115254 -0.000000 1037.288136
-9824576.736620 -0.000000 1049.491525
-9703390.039811 -0.000000 1061.694915
-9595068.712353 -0.000000 1073.898305
-9496465.261164 -0.000000 1086.101695
-9394636.860049 -0.000000 1098.305085
-9280000.526175 -0.000000 1110.508475
-9150307.393400 -0.000000 1122.711864
-9012774.442809 -0.000000 1134.915254
-8874451.379073 -0.000000 1147.118644
-8740376.469210 -0.000000 1159.322034
-8610850.186959 -0.000000 1171.525424
-8485292.397546 -0.000000 1183.728814
-8361683.429610 -0.000000 1195.932203
-8239018.565891 -0.000000 1208.135593
-8115663.483375 -0.000000 1220.338983
-7990851.698901 -0.000000 1232.542373
-7863301.411332 -0.000000 1244.745763
-7733176.521364 -0.000000 1256.949153
-7601771.160462 -0.000000 1269.152542
-7473450.723481 -0.000000 1281.355932
-7353101.109133 -0.000000 1293.559322
-7243215.327277 -0.000000 1305.762712
-7138991.337573 -0.000000 1317.966102
-7031262.049276 -0.000000 1330.169492
-6912719.822782 -0.000000 1342.372881
-6783930.358430 -0.000000 1354.576271
-6650248.079128 -0.000000 1366.779661
-6517464.186127 -0.000000 1378.983051
-6388094.203727 -0.000000 1391.186441
-6262414.027178 -0.000000 1403.389831
-6139152.556510 -0.000000 1415.593220
-6017031.448862 -0.000000 1427.796610
-5894594.777695 -0.000000 1440.000000
-5770548.064657 -0.000000 1452.203390
-5643612.126007 -0.000000 1464.406780
-5513249.982149 -0.000000 1476.610169
-5380946.460691 -0.000000 1488.813559
-5251246.003112 -0.000000 1501.016949
-5130981.104761 -0.000000 1513.220339
-5024188.287148 -0.000000 1525.423729
-4926954.684461 -0.000000 1537.627119
-4827575.286277 -0.000000 1549.830508
-4715720.964780 -0.000000 1562.033898
-4589622.241056 -0.000000 1574.237288
-4455619.973367 -0.000000 1586.440678
-4321168.779847 -0.000000 1598.644068
-4190835.065943 -0.000000 1610.847458
-4065449.653304 -0.000000 1623.050847
-3944101.028878 -0.000000 1635.254237
-3825233.387516 -0.000000 1647.457627
-3707504.210474 -0.000000 1659.661017
-3589687.193027 -0.000000 1671.864407
-3470672.237799 -0.000000 1684.067797
-3349531.322568 -0.000000 1696.271186
-3226013.995934 -0.000000 1708.474576
-3101564.266737 -0.000000 1720.677966
-2979893.051399 -0.000000 1732.881356
-2865735.828253 -0.000000 1745.084746
-2760906.992993 -0.000000 1757.288136
-2660499.838893 -0.000000 1769.491525
-2554709.399410 -0.000000 1781.694915
-2435327.773718 -0.000000 1793.898305
-2300856.551715 -0.000000 1806.101695
-2153528.083589 -0.000000 1818.305085
-1994505.466402 -0.000000 1830.508475
-1819501.141412 -0.000000 1842.711864
-1618594.342702 -0.000000 1854.915254
-1375224.153413 -0.000000 1867.118644
-1064577.301168 -0.000000 1879.322034
-650905.229843 -0.000000 1891.525424
-81062.621408 -0.000000 1903.728814
718629.060310 0.000000 1915.932203
1845297.664303 0.000000 1928.135593
3425293.354814 0.000000 1940.338983
5512529.602811 0.000000 1952.542373
8249134.512547 0.000000 1964.745763
11799147.581724 0.000000 1976.949153
13717784.255826 0.000000 1989.152542
13557298.026437 0.000000 2001.355932
14142867.822997 0.000000 2013.559322
10582829.479817 0.000000 2025.762712
-3647705.282893 -0.000000 2037.966102
-15138911.316201 -0.000000 2050.169492
-20027445.001894 -0.000000 2062.372881
-60640269.812584 -0.000000 2074.576271
-24573446.994127 -0.000000 2086.779661
-16434168.763525 -0.000000 2098.983051
-13954979.471628 -0.000000 2111.186441
-13589792.436633 -0.000000 2123.389831
-14994481.456518 -0.000000 2135.593220
-16980650.830574 -0.000000 2147.796610
-18675364.913997 -0.000000 2160.000000
-20032290.973996 -0.000000 2172.203390
-20985724.036472 -0.000000 2184.406780
-21412997.496634 -0.000000 2196.610169
-21324618.054683 -0.000000 2208.813559
-19247064.733427 -0.000000 2221.016949
-21234888.529341 -0.000000 2233.220339
-1864954779.055670 -0.000000 2245.423729
-2253157.727234 -0.000000 2257.627119
9984583.334347 0.000000 2269.830508
17986583.286062 0.000000 2282.033898
16814530.121272 0.000000 2294.237288
16612319.313418 0.000000 2306.440678
16901428.596590 0.000000 2318.644068
14846272.402726 0.000000 2330.847458
9170257.164717 0.000000 2343.050847
4426418.408543 0.000000 2355.254237
2364522.168307 0.000000 2367.457627
2105667.045267 0.000000 2379.661017
2935810.266276 0.000000 2391.864407
4199506.172425 0.000000 2404.067797
5521742.403631 0.000000 2416.271186
6723304.422907 0.000000 2428.474576
7752718.242139 0.000000 2440.677966
8614869.985073 0.000000 2452.881356
9338732.362448 0.000000 2465.084746
9955077.349993 0.000000 2477.288136
10489504.689130 0.000000 2489.491525
10961509.081165 0.000000 2501.694915
11383434.639913 0.000000 2513.898305
11764729.619550 0.000000 2526.101695
12110391.319809 0.000000 2538.305085
12425456.981895 0.000000 2550.508475
12712469.029118 0.000000 2562.711864
12975042.165479 0.000000 2574.915254
13215128.777686 0.000000 2587.118644
13435385.357864 0.000000 2599.322034
13637314.897723 0.000000 2611.525424
13821662.325115 0.000000 2623.728814
13987494.971798 0.000000 2635.932203
14128620.557617 0.000000 2648.135593
14237783.219645 0.000000 2660.338983
14312221.156657 0.000000 2672.542373
14375410.540886 0.000000 2684.745763
14460184.305255 0.000000 2696.949153
14578623.219891 0.000000 2709.152542
14701778.933451 0.000000 2721.355932
14805391.629168 0.000000 2733.559322
14883400.034299 0.000000 2745.762712
14946799.882114 0.000000 2757.966102
15000378.514215 0.000000 2770.169492
15039128.217156 0.000000 2782.372881
15043910.266008 0.000000 2794.576271
14996583.005150 0.000000 2806.779661
14914575.717723 0.000000 2818.983051
14862879.572816 0.000000 2831.186441
14893303.140903 0.000000 2843.389831
14961222.484482 0.000000 2855.593220
14946252.562855 0.000000 2867.796610
14733383.420761 0.000000 2880.000000
14229438.711197 0.000000 2892.203390
13335420.387760 0.000000 2904.406780
11829625.500689 0.000000 2916.610169
9292633.431803 0.000000 2928.813559
5388101.568255 0.000000 2941.016949
1305135.097018 0.000000 2953.220339
212030.275292 0.000000 2965.423729
7926780.457692 0.000000 2977.627119
23548044.347739 0.000000 2989.830508
30366471.179260 0.000000 3002.033898
30193176.481415 0.000000 3014.237288
30585186.562305 0.000000 3026.440678
31139961.178637 0.000000 3038.644068
31395401.479064 0.000000 3050.847458
31525340.859916 0.000000 3063.050847
31173419.306620 0.000000 3075.254237
30733964.219077 0.000000 3087.457627
30599558.192764 0.000000 3099.661017
30224399.593768 0.000000 3111.864407
29852324.276435 0.000000 3124.067797
29540471.461012 0.000000 3136.271186
29266485.776327 0.000000 3148.474576
29095726.882440 0.000000 3160.677966
28979503.206880 0.000000 3172.881356
28896769.455233 0.000000 3185.084746
28823568.559989 0.000000 3197.288136
28756463.456064 0.000000 3209.491525
28694168.294858 0.000000 3221.694915
28649999.727386 0.000000 3233.898305
28636993.637156 0.000000 3246.101695
28690257.147712 0.000000 3258.305085
28855288.551209 0.000000 3270.508475
29198209.980485 0.000000 3282.711864
29472919.587848 0.000000 3294.915254
29448731.022112 0.000000 3307.118644
30588918.862389 0.000000 3319.322034
33051594.169360 0.000000 3331.525424
34203715.082697 0.000000 3343.728814
33587886.299855 0.000000 3355.932203
31880622.295762 0.000000 3368.135593
30311419.049681 0.000000 3380.338983
30345630.251498 0.000000 3392.542373
22710757.758886 0.000000 3404.745763
-1062819.007892 -0.000000 3416.949153
10812514.905010 0.000000 3429.152542
57358.145688 0.000000 3441.355932
95406.742749 0.000000 3453.559322
132038.620524 0.000000 3465.762712
166214.106546 0.000000 3477.966102
197434.341111 0.000000 3490.169492
225165.774115 0.000000 3502.372881
249197.169681 0.000000 3514.576271
269484.207214 0.000000 3526.779661
286168.526931 0.000000 3538.983051
299478.122779 0.000000 3551.186441
309692.401213 0.000000 3563.389831
317078.066789 0.000000 3575.593220
321865.288947 0.000000 3587.796610
324216.119283 0.000000 3600.000000
