1430890.322005 0.000000 0.000000
1400506.666535 0.000000 12.203390
1337576.813129 0.000000 24.406780
1238333.062832 0.000000 36.610169
1098688.964208 0.000000 48.813559
916124.089227 0.000000 61.016949
691925.613755 0.000000 73.220339
432348.953147 0.000000 85.423729
362894285.911952 0.000000 97.627119
-1429601.472470 -0.000000 109.830508
-7327257.016388 -0.000000 122.033898
-12534334.057181 -0.000000 134.237288
-13522312.992199 -0.000000 146.440678
-13164495.603955 -0.000000 158.644068
-13014481.916398 -0.000000 170.847458
-12968353.465964 -0.000000 183.050847
-12945785.067191 -0.000000 195.254237
-12889735.174150 -0.000000 207.457627
-12788793.180784 -0.000000 219.661017
-12695388.746801 -0.000000 231.864407
-12659634.838260 -0.000000 244.067797
-12723960.598059 -0.000000 256.271186
-12795561.733085 -0.000000 268.474576
-12818562.024028 -0.000000 280.677966
-12826141.995094 -0.000000 292.881356
-12825904.443443 -0.000000 305.084746
-12824821.087239 -0.000000 317.288136
-12822856.254025 -0.000000 329.491525
-12823873.375926 -0.000000 341.694915
-12823098.178462 -0.000000 353.898305
-12822478.613939 -0.000000 366.101695
-12818665.023695 -0.000000 378.305085
-12816333.145357 -0.000000 390.508475
-12813829.797516 -0.000000 402.711864
-12813257.364002 -0.000000 414.915254
-12811254.831814 -0.000000 427.118644
-12805285.326941 -0.000000 439.322034
-12791853.772178 -0.000000 451.525424
-12777797.086539 -0.000000 463.728814
-12764693.044246 -0.000000 475.932203
-12750078.481933 -0.000000 488.135593
-12732736.283349 -0.000000 500.338983
-12713272.867240 -0.000000 512.542373
-12692155.993525 -0.000000 524.745763
-12671397.488631 -0.000000 536.949153
-12652916.868868 -0.000000 549.152542
-12637521.302536 -0.000000 561.355932
-12623577.466675 -0.000000 573.559322
-12607544.630005 -0.000000 585.762712
-12588043.252702 -0.000000 597.966102
-12545658.166845 -0.000000 610.169492
-12478995.347386 -0.000000 622.372881
-12417373.780527 -0.000000 634.576271
-12359036.375591 -0.000000 646.779661
-12297019.583652 -0.000000 658.983051
-12235649.552328 -0.000000 671.186441
-12173397.782466 -0.000000 683.389831
-12110273.700224 -0.000000 695.593220
-12045390.049813 -0.000000 707.796610
-11978652.955144 -0.000000 720.000000
-11909777.183618 -0.000000 732.203390
-11840224.717928 -0.000000 744.406780
-11772339.097953 -0.000000 756.610169
-11709920.565571 -0.000000 768.813559
-11654066.889068 -0.000000 781.016949
-11602002.114741 -0.000000 793.220339
-11546574.363040 -0.000000 805.423729
-11482895.338284 -0.000000 817.627119
-11410593.654822 -0.000000 829.830508
-11334205.861962 -0.000000 842.033898
-11257955.950867 -0.000000 854.237288
-11185020.459863 -0.000000 866.440678
-11116145.117599 -0.000000 878.644068
-11051569.810457 -0.000000 890.847458
-10990029.060695 -0.000000 903.050847
-10929749.958564 -0.000000 915.254237
-10867933.786534 -0.000000 927.457627
-10802580.113559 -0.000000 939.661017
-10732727.955273 -0.000000 951.864407
-10659346.912174 -0.000000 964.067797
-10584709.223195 -0.000000 976.271186
-10512338.412040 -0.000000 988.474576
-10445493.773671 -0.000000 1000.677966
-10385089.905168 -0.000000 1012.881356
-10327847.668074 -0.000000 1025.084746
-10268086.180795 -0.000000 1037.288136
-10202031.227356 -0.000000 1049.491525
-10130395.552950 -0.000000 1061.694915
-10056691.233038 -0.000000 1073.898305
-9984077.673744 -0.000000 1086.101695
-9913905.496741 -0.000000 1098.305085
-9845983.734289 -0.000000 1110.508475
-9779561.104092 -0.000000 1122.711864
-9713720.049960 -0.000000 1134.915254
-9647747.928812 -0.000000 1147.118644
-9580840.294042 -0.000000 1159.322034
-9512504.333261 -0.000000 1171.525424
-9442479.192487 -0.000000 1183.728814
-9371882.404860 -0.000000 1195.932203
-9303134.972810 -0.000000 1208.135593
-9239818.479924 -0.000000 1220.338983
-9183299.117803 -0.000000 1232.542373
-9130714.123634 -0.000000 1244.745763
-9075142.961763 -0.000000 1256.949153
-9011387.057843 -0.000000 1269.152542
-8939128.452224 -0.000000 1281.355932
-8862594.729770 -0.000000 1293.559322
-8786224.118259 -0.000000 1305.762712
-8713020.028143 -0.000000 1317.966102
-8643998.597559 -0.000000 1330.169492
-8579201.772059 -0.000000 1342.372881
-8517604.350054 -0.000000 1354.576271
-8457204.398065 -0.000000 1366.779661
-8395436.359266 -0.000000 1378.983051
-8330057.877174 -0.000000 1391.186441
-8260336.055662 -0.000000 1403.389831
-8186974.337202 -0.000000 1415.593220
-8112454.672189 -0.000000 1427.796610
-8040022.377545 -0.000000 1440.000000
-7973197.278541 -0.000000 1452.203390
-7912715.275562 -0.000000 1464.406780
-7855657.203666 -0.000000 1476.610169
-7796134.863385 -0.000000 1488.813559
-7730589.432381 -0.000000 1501.016949
-7659375.609597 -0.000000 1513.220339
-7586206.817787 -0.000000 1525.423729
-7513967.360305 -0.000000 1537.627119
-7444309.935115 -0.000000 1549.830508
-7376805.994044 -0.000000 1562.033898
-7311009.498351 -0.000000 1574.237288
-7245743.164235 -0.000000 1586.440678
-7180591.973458 -0.000000 1598.644068
-7114478.276008 -0.000000 1610.847458
-7047200.557350 -0.000000 1623.050847
-6978188.929277 -0.000000 1635.254237
-6908803.494282 -0.000000 1647.457627
-6841092.068959 -0.000000 1659.661017
-6778892.425495 -0.000000 1671.864407
-6723326.429220 -0.000000 1684.067797
-6672019.505351 -0.000000 1696.271186
-6617913.145148 -0.000000 1708.474576
-6556167.920403 -0.000000 1720.677966
-6486012.876444 -0.000000 1732.881356
-6411857.269745 -0.000000 1745.084746
-6337672.914325 -0.000000 1757.288136
-6266789.103807 -0.000000 1769.491525
-6199779.005978 -0.000000 1781.694915
-6137051.729111 -0.000000 1793.898305
-6077011.558441 -0.000000 1806.101695
-6018050.237361 -0.000000 1818.305085
-5956810.655972 -0.000000 1830.508475
-5891385.943064 -0.000000 1842.711864
-5819682.109477 -0.000000 1854.915254
-5742360.187185 -0.000000 1867.118644
-5659338.113922 -0.000000 1879.322034
-5572757.545613 -0.000000 1891.525424
-5480986.247100 -0.000000 1903.728814
-5380711.382280 -0.000000 1915.932203
-5258068.863622 -0.000000 1928.135593
-5095697.816948 -0.000000 1940.338983
-4866476.133754 -0.000000 1952.542373
-4542391.913432 -0.000000 1964.745763
-4078347.559267 -0.000000 1976.949153
-3416164.726594 -0.000000 1989.152542
-2467739.474323 -0.000000 2001.355932
-1125639.652980 -0.000000 2013.559322
727009.315229 0.000000 2025.762712
3208404.399596 0.000000 2037.966102
6207505.985718 0.000000 2050.169492
9704504.874167 0.000000 2062.372881
12713906.605118 0.000000 2074.576271
13779690.786126 0.000000 2086.779661
12344716.321224 0.000000 2098.983051
2859008.475529 0.000000 2111.186441
-11464877.521224 -0.000000 2123.389831
-18551525.936049 -0.000000 2135.593220
-19901369.732306 -0.000000 2147.796610
-38590711.515806 -0.000000 2160.000000
-22940224.984351 -0.000000 2172.203390
-16446218.009211 -0.000000 2184.406780
-14125587.334659 -0.000000 2196.610169
-14613439.739162 -0.000000 2208.813559
-15428576.604351 -0.000000 2221.016949
-14713121.275515 -0.000000 2233.220339
-14084311.041782 -0.000000 2245.423729
-14442297.923150 -0.000000 2257.627119
-15039528.278600 -0.000000 2269.830508
-15238937.745055 -0.000000 2282.033898
-15246415.291185 -0.000000 2294.237288
-15192150.476605 -0.000000 2306.440678
-15173385.271235 -0.000000 2318.644068
-15389709.620187 -0.000000 2330.847458
-15990625.829367 -0.000000 2343.050847
-17192411.556326 -0.000000 2355.254237
-19271592.919189 -0.000000 2367.457627
-22886339.164417 -0.000000 2379.661017
-29498959.577209 -0.000000 2391.864407
-37468645.105215 -0.000000 2404.067797
-15986261.180889 -0.000000 2416.271186
-7304024.945707 -0.000000 2428.474576
-3224005.176648 -0.000000 2440.677966
795237.991738 0.000000 2452.881356
3674295.189335 0.000000 2465.084746
5660304.004001 0.000000 2477.288136
7095584.207390 0.000000 2489.491525
8229167.761388 0.000000 2501.694915
9211735.261961 0.000000 2513.898305
10114855.401913 0.000000 2526.101695
10968917.872828 0.000000 2538.305085
11775755.317349 0.000000 2550.508475
12530204.413904 0.000000 2562.711864
13221047.183343 0.000000 2574.915254
13841561.151306 0.000000 2587.118644
14383552.954455 0.000000 2599.322034
14842119.483859 0.000000 2611.525424
15175892.317763 0.000000 2623.728814
15390281.523757 0.000000 2635.932203
15511280.657653 0.000000 2648.135593
15548375.994470 0.000000 2660.338983
15560638.259268 0.000000 2672.542373
15556340.378356 0.000000 2684.745763
15558505.059296 0.000000 2696.949153
15567606.980589 0.000000 2709.152542
15566829.371652 0.000000 2721.355932
15574975.378531 0.000000 2733.559322
15579797.467902 0.000000 2745.762712
15581665.794375 0.000000 2757.966102
15584932.040218 0.000000 2770.169492
15583500.469352 0.000000 2782.372881
15579124.588855 0.000000 2794.576271
15572231.577916 0.000000 2806.779661
15560385.465195 0.000000 2818.983051
15544603.370496 0.000000 2831.186441
15530738.136810 0.000000 2843.389831
15522043.412832 0.000000 2855.593220
15523214.330295 0.000000 2867.796610
15535312.908823 0.000000 2880.000000
15557069.882036 0.000000 2892.203390
15584258.034001 0.000000 2904.406780
15609794.121103 0.000000 2916.610169
15630332.020575 0.000000 2928.813559
15642648.587294 0.000000 2941.016949
15632717.983329 0.000000 2953.220339
15628243.404703 0.000000 2965.423729
15710410.572989 0.000000 2977.627119
15806642.231431 0.000000 2989.830508
15315866.603188 0.000000 3002.033898
13061095.490659 0.000000 3014.237288
8267013.058213 0.000000 3026.440678
2826352.758328 0.000000 3038.644068
-423825.664809 -0.000000 3050.847458
8971007.137091 0.000000 3063.050847
27179751.849956 0.000000 3075.254237
30569541.318291 0.000000 3087.457627
30042660.955890 0.000000 3099.661017
30542851.424682 0.000000 3111.864407
31396167.384778 0.000000 3124.067797
31880294.337063 0.000000 3136.271186
31804930.341111 0.000000 3148.474576
31466825.648180 0.000000 3160.677966
30928060.566131 0.000000 3172.881356
30721157.905983 0.000000 3185.084746
30561901.983096 0.000000 3197.288136
30217274.850682 0.000000 3209.491525
29946793.394127 0.000000 3221.694915
29709692.634558 0.000000 3233.898305
29523153.746706 0.000000 3246.101695
29382426.946987 0.000000 3258.305085
29260711.257505 0.000000 3270.508475
29146448.720167 0.000000 3282.711864
29030690.768809 0.000000 3294.915254
28912215.761450 0.000000 3307.118644
28801126.959024 0.000000 3319.322034
28705756.267549 0.000000 3331.525424
28676932.607792 0.000000 3343.728814
28730188.039745 0.000000 3355.932203
29044172.575235 0.000000 3368.135593
29268774.595406 0.000000 3380.338983
29047713.698882 0.000000 3392.542373
30255537.088755 0.000000 3404.745763
33681782.560272 0.000000 3416.949153
35067137.937009 0.000000 3429.152542
34540712.114499 0.000000 3441.355932
32330875.859289 0.000000 3453.559322
31575615.471457 0.000000 3465.762712
31178791.373563 0.000000 3477.966102
18842532.044209 0.000000 3490.169492
-2222763.169948 -0.000000 3502.372881
11421647.629903 0.000000 3514.576271
251821.825776 0.000000 3526.779661
393431.596692 0.000000 3538.983051
513915.667427 0.000000 3551.186441
610566.859026 0.000000 3563.389831
683776.788132 0.000000 3575.593220
732766.618415 0.000000 3587.796610
757353.468013 0.000000 3600.000000
