633989.850070 0.000000 0.000000
635530.993387 0.000000 12.203390
638603.852631 0.000000 24.406780
643188.807799 0.000000 36.610169
649253.439540 0.000000 48.813559
656748.772228 0.000000 61.016949
665604.875499 0.000000 73.220339
675720.927816 0.000000 85.423729
686958.753668 0.000000 97.627119
699121.274142 0.000000 109.830508
711943.149821 0.000000 122.033898
725047.956084 0.000000 134.237288
737933.831494 0.000000 146.440678
749894.510260 0.000000 158.644068
759997.321930 0.000000 170.847458
766951.580617 0.000000 183.050847
769086.421126 0.000000 195.254237
764176.184826 0.000000 207.457627
749490.631843 0.000000 219.661017
721715.929807 0.000000 231.864407
677367.832862 0.000000 244.067797
613203.056315 0.000000 256.271186
527309.408442 0.000000 268.474576
420087.534894 0.000000 280.677966
296616.105368 0.000000 292.881356
170472.249942 0.000000 305.084746
66877.653632 0.000000 317.288136
276096095.999444 0.000000 329.491525
-6515962.049127 -0.000000 341.694915
-13117207.486469 -0.000000 353.898305
-13435863.238345 -0.000000 366.101695
-13058109.224898 -0.000000 378.305085
-12940856.675388 -0.000000 390.508475
-12920439.511070 -0.000000 402.711864
-12920504.914968 -0.000000 414.915254
-12897419.079887 -0.000000 427.118644
-12804103.999608 -0.000000 439.322034
-12674617.960011 -0.000000 451.525424
-12614333.002472 -0.000000 463.728814
-12677160.884205 -0.000000 475.932203
-12765787.457262 -0.000000 488.135593
-12799618.077424 -0.000000 500.338983
-12807649.784246 -0.000000 512.542373
-12809523.856909 -0.000000 524.745763
-12807130.289378 -0.000000 536.949153
-12804415.988251 -0.000000 549.152542
-12797192.311736 -0.000000 561.355932
-12788672.581786 -0.000000 573.559322
-12778299.300977 -0.000000 585.762712
-12755019.265655 -0.000000 597.966102
-12725685.025209 -0.000000 610.169492
-12694504.294180 -0.000000 622.372881
-12657563.694285 -0.000000 634.576271
-12618849.709501 -0.000000 646.779661
-12565475.700131 -0.000000 658.983051
-12488616.772827 -0.000000 671.186441
-12399002.280759 -0.000000 683.389831
-12298049.039346 -0.000000 695.593220
-12195829.917201 -0.000000 707.796610
-12094741.464172 -0.000000 720.000000
-11984527.856238 -0.000000 732.203390
-11850751.996072 -0.000000 744.406780
-11686894.981779 -0.000000 756.610169
-11510874.092993 -0.000000 768.813559
-11376671.008343 -0.000000 781.016949
-11284580.833286 -0.000000 793.220339
-11193975.469341 -0.000000 805.423729
-11086127.278874 -0.000000 817.627119
-10964093.211474 -0.000000 829.830508
-10832273.487681 -0.000000 842.033898
-10698205.944757 -0.000000 854.237288
-10564509.436993 -0.000000 866.440678
-10430644.055576 -0.000000 878.644068
-10296842.421210 -0.000000 890.847458
-10162521.108834 -0.000000 903.050847
-10029622.947076 -0.000000 915.254237
-9896961.772447 -0.000000 927.457627
-9766018.926178 -0.000000 939.661017
-9635148.329080 -0.000000 951.864407
-9505571.034161 -0.000000 964.067797
-9375861.091573 -0.000000 976.271186
-9247015.710369 -0.000000 988.474576
-9117983.968732 -0.000000 1000.677966
-8989528.042978 -0.000000 1012.881356
-8860972.075849 -0.000000 1025.084746
-8732893.918709 -0.000000 1037.288136
-8604912.497862 -0.000000 1049.491525
-8477479.231217 -0.000000 1061.694915
-8350321.827401 -0.000000 1073.898305
-8223706.220318 -0.000000 1086.101695
-8097019.629815 -0.000000 1098.305085
-7969829.730217 -0.000000 1110.508475
-7840921.433832 -0.000000 1122.711864
-7705549.004027 -0.000000 1134.915254
-7550137.910972 -0.000000 1147.118644
-7371783.417006 -0.000000 1159.322034
-7213882.871482 -0.000000 1171.525424
-7113429.033112 -0.000000 1183.728814
-7033434.641313 -0.000000 1195.932203
-6930507.076806 -0.000000 1208.135593
-6807559.575899 -0.000000 1220.338983
-6678165.134173 -0.000000 1232.542373
-6547091.062281 -0.000000 1244.745763
-6415529.077658 -0.000000 1256.949153
-6283966.254864 -0.000000 1269.152542
-6152939.956124 -0.000000 1281.355932
-6022305.093791 -0.000000 1293.559322
-5892155.938296 -0.000000 1305.762712
-5762274.950416 -0.000000 1317.966102
-5632688.652387 -0.000000 1330.169492
-5503222.787960 -0.000000 1342.372881
-5373931.751351 -0.000000 1354.576271
-5244681.291899 -0.000000 1366.779661
-5115556.892722 -0.000000 1378.983051
-4986445.763759 -0.000000 1391.186441
-4857452.788573 -0.000000 1403.389831
-4728474.560420 -0.000000 1415.593220
-4599626.643884 -0.000000 1427.796610
-4470809.556377 -0.000000 1440.000000
-4342144.865353 -0.000000 1452.203390
-4213535.172852 -0.000000 1464.406780
-4085106.130860 -0.000000 1476.610169
-3956763.160538 -0.000000 1488.813559
-3828638.078189 -0.000000 1501.016949
-3700646.775186 -0.000000 1513.220339
-3572942.929567 -0.000000 1525.423729
-3445486.058386 -0.000000 1537.627119
-3318513.987934 -0.000000 1549.830508
-3192144.627092 -0.000000 1562.033898
-3066899.763004 -0.000000 1574.237288
-2943394.139114 -0.000000 1586.440678
-2822982.278231 -0.000000 1598.644068
-2707635.718661 -0.000000 1610.847458
-2600829.420017 -0.000000 1623.050847
-2507720.385771 -0.000000 1635.254237
-2436332.622152 -0.000000 1647.457627
-2397865.790841 -0.000000 1659.661017
-2407656.935890 -0.000000 1671.864407
-2484030.403686 -0.000000 1684.067797
-2646653.222525 -0.000000 1696.271186
-2909653.845320 -0.000000 1708.474576
-3277573.003968 -0.000000 1720.677966
-3739069.635504 -0.000000 1732.881356
-4290358.486704 -0.000000 1745.084746
-4879886.363176 -0.000000 1757.288136
-3654353.519964 -0.000000 1769.491525
2984178.662827 0.000000 1781.694915
7938787.703144 0.000000 1793.898305
7509405.586435 0.000000 1806.101695
6948737.091133 0.000000 1818.305085
6419373.974958 0.000000 1830.508475
6005900.331476 0.000000 1842.711864
5693348.506568 0.000000 1854.915254
5516678.828458 0.000000 1867.118644
5483237.768812 0.000000 1879.322034
5623096.390724 0.000000 1891.525424
5980806.107518 0.000000 1903.728814
6627198.574995 0.000000 1915.932203
7651739.208117 0.000000 1928.135593
8984272.417377 0.000000 1940.338983
11436414.644166 0.000000 1952.542373
14207687.379378 0.000000 1964.745763
15185580.543312 0.000000 1976.949153
14516523.940067 0.000000 1989.152542
9824160.311811 0.000000 2001.355932
12255231.943329 0.000000 2013.559322
14486686.855727 0.000000 2025.762712
10796097.012056 0.000000 2037.966102
-4434468.043530 -0.000000 2050.169492
-15840224.538402 -0.000000 2062.372881
-17163123.353896 -0.000000 2074.576271
-47278816.937589 -0.000000 2086.779661
-27945592.359515 -0.000000 2098.983051
-17814906.683571 -0.000000 2111.186441
-14496359.730581 -0.000000 2123.389831
-14024896.745563 -0.000000 2135.593220
-15733324.824842 -0.000000 2147.796610
-18480133.260886 -0.000000 2160.000000
-21119835.395527 -0.000000 2172.203390
-23359623.963234 -0.000000 2184.406780
-25082660.008071 -0.000000 2196.610169
-26237880.567846 -0.000000 2208.813559
-26638384.135451 -0.000000 2221.016949
-25418724.754059 -0.000000 2233.220339
-17760411.537350 -0.000000 2245.423729
-72360942.894740 -0.000000 2257.627119
-336313179.725901 -0.000000 2269.830508
699280.372551 0.000000 2282.033898
6448364.645146 0.000000 2294.237288
11179705.692801 0.000000 2306.440678
13162456.711838 0.000000 2318.644068
12956497.264963 0.000000 2330.847458
10809889.931824 0.000000 2343.050847
7516987.146934 0.000000 2355.254237
4376183.271521 0.000000 2367.457627
2329082.083141 0.000000 2379.661017
1645079.509132 0.000000 2391.864407
2081551.743358 0.000000 2404.067797
3201052.851473 0.000000 2416.271186
4635632.839310 0.000000 2428.474576
6119386.326828 0.000000 2440.677966
7525625.505482 0.000000 2452.881356
8786884.130419 0.000000 2465.084746
9903846.557158 0.000000 2477.288136
10879802.631735 0.000000 2489.491525
11740839.124603 0.000000 2501.694915
12497185.597567 0.000000 2513.898305
13167105.901221 0.000000 2526.101695
13755131.309267 0.000000 2538.305085
14268726.018433 0.000000 2550.508475
14711674.634512 0.000000 2562.711864
15061067.655605 0.000000 2574.915254
15304866.818604 0.000000 2587.118644
15474845.460809 0.000000 2599.322034
15538245.509074 0.000000 2611.525424
15549001.657475 0.000000 2623.728814
15555298.617515 0.000000 2635.932203
15550703.226576 0.000000 2648.135593
15569523.580823 0.000000 2660.338983
15580934.711056 0.000000 2672.542373
15581817.633847 0.000000 2684.745763
15575676.474989 0.000000 2696.949153
15568876.358982 0.000000 2709.152542
15561529.069479 0.000000 2721.355932
15558631.324162 0.000000 2733.559322
15568185.361183 0.000000 2745.762712
15582039.570383 0.000000 2757.966102
15576802.762027 0.000000 2770.169492
15560408.073459 0.000000 2782.372881
15554280.073128 0.000000 2794.576271
15518302.662899 0.000000 2806.779661
15466924.187047 0.000000 2818.983051
15472839.061742 0.000000 2831.186441
15554655.931148 0.000000 2843.389831
15619431.986095 0.000000 2855.593220
15662849.873539 0.000000 2867.796610
15658658.538870 0.000000 2880.000000
15491745.531854 0.000000 2892.203390
15433818.066866 0.000000 2904.406780
15901711.064064 0.000000 2916.610169
16256509.120217 0.000000 2928.813559
15640373.835548 0.000000 2941.016949
12544918.782904 0.000000 2953.220339
6672934.882652 0.000000 2965.423729
984150.084716 0.000000 2977.627119
2065331.375423 0.000000 2989.830508
18632027.126398 0.000000 3002.033898
31661731.293695 0.000000 3014.237288
30633639.015369 0.000000 3026.440678
30532089.891258 0.000000 3038.644068
31221599.450441 0.000000 3050.847458
31918829.987161 0.000000 3063.050847
32021362.668164 0.000000 3075.254237
31741023.205489 0.000000 3087.457627
31181623.341971 0.000000 3099.661017
30754951.230155 0.000000 3111.864407
30635017.284378 0.000000 3124.067797
30349873.784829 0.000000 3136.271186
30034948.258422 0.000000 3148.474576
29785610.132350 0.000000 3160.677966
29553892.677838 0.000000 3172.881356
29389372.287050 0.000000 3185.084746
29251322.394332 0.000000 3197.288136
29126616.751638 0.000000 3209.491525
29004690.855778 0.000000 3221.694915
28880727.433891 0.000000 3233.898305
28756805.008334 0.000000 3246.101695
28648627.176335 0.000000 3258.305085
28576350.719239 0.000000 3270.508475
28586771.979369 0.000000 3282.711864
28775531.423061 0.000000 3294.915254
29212512.006674 0.000000 3307.118644
29126129.914988 0.000000 3319.322034
29260672.710793 0.000000 3331.525424
32273773.254178 0.000000 3343.728814
35110159.774219 0.000000 3355.932203
34855580.911355 0.000000 3368.135593
33117667.697573 0.000000 3380.338983
31452714.419938 0.000000 3392.542373
28059681.958799 0.000000 3404.745763
28391605.888829 0.000000 3416.949153
6688095.993126 0.000000 3429.152542
64806581.272488 0.000000 3441.355932
133288.579227 0.000000 3453.559322
220152.034288 0.000000 3465.762712
302493.315365 0.000000 3477.966102
378605.201355 0.000000 3490.169492
447496.714619 0.000000 3502.372881
508140.193138 0.000000 3514.576271
560175.700312 0.000000 3526.779661
603541.770015 0.000000 3538.983051
638557.532218 0.000000 3551.186441
665677.094511 0.000000 3563.389831
685437.167532 0.000000 3575.593220
698307.716938 0.000000 3587.796610
704649.510609 0.000000 3600.000000
