571832.441092 0.000000 0.000000
573325.591297 0.000000 12.203390
576311.028087 0.000000 24.406780
580778.143403 0.000000 36.610169
586722.559305 0.000000 48.813559
594118.648650 0.000000 61.016949
602951.998954 0.000000 73.220339
613172.278375 0.000000 85.423729
624741.259169 0.000000 97.627119
637564.819763 0.000000 109.830508
651554.780204 0.000000 122.033898
666537.582309 0.000000 134.237288
682326.449901 0.000000 146.440678
698602.542603 0.000000 158.644068
714990.917452 0.000000 170.847458
730907.301951 0.000000 183.050847
745627.423080 0.000000 195.254237
758090.640714 0.000000 207.457627
766952.471655 0.000000 219.661017
770346.811573 0.000000 231.864407
765941.360816 0.000000 244.067797
750732.090730 0.000000 256.271186
721265.025335 0.000000 268.474576
673784.846579 0.000000 280.677966
605132.337735 0.000000 292.881356
513874.020264 0.000000 305.084746
402265.290329 0.000000 317.288136
277778.680473 0.000000 329.491525
153718.808279 0.000000 341.694915
25667247.279444 0.000000 353.898305
-1335866.682022 -0.000000 366.101695
-7667638.870425 -0.000000 378.305085
-13341493.123057 -0.000000 390.508475
-13422437.107304 -0.000000 402.711864
-13042085.503446 -0.000000 414.915254
-12947027.665560 -0.000000 427.118644
-12931074.277986 -0.000000 439.322034
-12926852.664164 -0.000000 451.525424
-12884177.483009 -0.000000 463.728814
-12780446.471569 -0.000000 475.932203
-12651044.183517 -0.000000 488.135593
-12598677.365885 -0.000000 500.338983
-12698422.389785 -0.000000 512.542373
-12780575.311315 -0.000000 524.745763
-12804081.212313 -0.000000 536.949153
-12806506.697482 -0.000000 549.152542
-12810087.829559 -0.000000 561.355932
-12798114.648057 -0.000000 573.559322
-12793030.025396 -0.000000 585.762712
-12769459.993757 -0.000000 597.966102
-12741078.495966 -0.000000 610.169492
-12704846.319669 -0.000000 622.372881
-12666989.782154 -0.000000 634.576271
-12624097.097839 -0.000000 646.779661
-12570885.388637 -0.000000 658.983051
-12497144.829637 -0.000000 671.186441
-12406014.554325 -0.000000 683.389831
-12291598.865121 -0.000000 695.593220
-12165752.266633 -0.000000 707.796610
-12037368.034812 -0.000000 720.000000
-11906447.274571 -0.000000 732.203390
-11773637.471203 -0.000000 744.406780
-11639440.454773 -0.000000 756.610169
-11504141.604699 -0.000000 768.813559
-11368035.838482 -0.000000 781.016949
-11231446.574240 -0.000000 793.220339
-11094392.534597 -0.000000 805.423729
-10957216.153936 -0.000000 817.627119
-10819735.981850 -0.000000 829.830508
-10682315.227252 -0.000000 842.033898
-10544655.139087 -0.000000 854.237288
-10407137.309917 -0.000000 866.440678
-10269395.958971 -0.000000 878.644068
-10131816.744545 -0.000000 890.847458
-9993986.599282 -0.000000 903.050847
-9856273.067395 -0.000000 915.254237
-9718215.882809 -0.000000 927.457627
-9580144.111014 -0.000000 939.661017
-9441548.246731 -0.000000 951.864407
-9302718.453950 -0.000000 964.067797
-9163123.801577 -0.000000 976.271186
-9023102.818608 -0.000000 988.474576
-8882321.146912 -0.000000 1000.677966
-8741600.699154 -0.000000 1012.881356
-8601368.557112 -0.000000 1025.084746
-8463174.633072 -0.000000 1037.288136
-8327244.709560 -0.000000 1049.491525
-8193205.378272 -0.000000 1061.694915
-8057942.092409 -0.000000 1073.898305
-7918819.671480 -0.000000 1086.101695
-7774622.324146 -0.000000 1098.305085
-7629523.497133 -0.000000 1110.508475
-7489615.053787 -0.000000 1122.711864
-7359536.714367 -0.000000 1134.915254
-7235381.708631 -0.000000 1147.118644
-7108354.320489 -0.000000 1159.322034
-6970402.371759 -0.000000 1171.525424
-6822017.488392 -0.000000 1183.728814
-6668069.377683 -0.000000 1195.932203
-6514734.153484 -0.000000 1208.135593
-6364428.459374 -0.000000 1220.338983
-6218612.025820 -0.000000 1232.542373
-6077072.914957 -0.000000 1244.745763
-5940806.158089 -0.000000 1256.949153
-5809149.884315 -0.000000 1269.152542
-5681051.943456 -0.000000 1281.355932
-5552939.371344 -0.000000 1293.559322
-5422268.538356 -0.000000 1305.762712
-5286992.739931 -0.000000 1317.966102
-5148043.008000 -0.000000 1330.169492
-5006397.598389 -0.000000 1342.372881
-4863859.409594 -0.000000 1354.576271
-4720388.159710 -0.000000 1366.779661
-4575924.240824 -0.000000 1378.983051
-4428954.127271 -0.000000 1391.186441
-4279300.674223 -0.000000 1403.389831
-4127934.668643 -0.000000 1415.593220
-3980109.064300 -0.000000 1427.796610
-3842644.418411 -0.000000 1440.000000
-3720478.749162 -0.000000 1452.203390
-3608834.435247 -0.000000 1464.406780
-3495468.211292 -0.000000 1476.610169
-3368321.539611 -0.000000 1488.813559
-3225798.584232 -0.000000 1501.016949
-3074008.849402 -0.000000 1513.220339
-2921642.895356 -0.000000 1525.423729
-2773078.420360 -0.000000 1537.627119
-2629958.535973 -0.000000 1549.830508
-2490786.473690 -0.000000 1562.033898
-2354810.180077 -0.000000 1574.237288
-2220352.268813 -0.000000 1586.440678
-2087601.780792 -0.000000 1598.644068
-1955827.805574 -0.000000 1610.847458
-1826424.056161 -0.000000 1623.050847
-1699800.631674 -0.000000 1635.254237
-1579237.861381 -0.000000 1647.457627
-1467462.812843 -0.000000 1659.661017
-1371651.496429 -0.000000 1671.864407
-1299456.763021 -0.000000 1684.067797
-1265332.778191 -0.000000 1696.271186
-1285015.981410 -0.000000 1708.474576
-1381951.499895 -0.000000 1720.677966
-1577066.625200 -0.000000 1732.881356
-1891219.375342 -0.000000 1745.084746
-2330133.073571 -0.000000 1757.288136
-2890600.994830 -0.000000 1769.491525
-3574344.453574 -0.000000 1781.694915
-4341930.955640 -0.000000 1793.898305
-3126438.105085 -0.000000 1806.101695
4086262.368564 0.000000 1818.305085
9279856.621858 0.000000 1830.508475
8251100.587583 0.000000 1842.711864
6877389.074607 0.000000 1854.915254
5349375.876783 0.000000 1867.118644
3851503.164476 0.000000 1879.322034
2656386.596979 0.000000 1891.525424
2364901.371678 0.000000 1903.728814
4750526.146800 0.000000 1915.932203
11565197.637640 0.000000 1928.135593
15718124.246864 0.000000 1940.338983
14181234.635974 0.000000 1952.542373
13470022.583989 0.000000 1964.745763
13331211.256053 0.000000 1976.949153
13373255.539154 0.000000 1989.152542
13894252.321897 0.000000 2001.355932
14250621.432788 0.000000 2013.559322
20833787.392160 0.000000 2025.762712
-734601.994247 -0.000000 2037.966102
-28762649.645307 -0.000000 2050.169492
-13296251.267391 -0.000000 2062.372881
-17488492.197944 -0.000000 2074.576271
-27142102.755723 -0.000000 2086.779661
-18637107.883129 -0.000000 2098.983051
-14850152.225007 -0.000000 2111.186441
-13929434.611873 -0.000000 2123.389831
-15316670.912178 -0.000000 2135.593220
-17884721.239507 -0.000000 2147.796610
-20276071.553679 -0.000000 2160.000000
-22213607.479866 -0.000000 2172.203390
-23665021.229390 -0.000000 2184.406780
-24638940.126763 -0.000000 2196.610169
-24927106.943339 -0.000000 2208.813559
-24468062.118351 -0.000000 2221.016949
-18271602.699898 -0.000000 2233.220339
-61352640.868771 -0.000000 2245.423729
-449414765.204825 -0.000000 2257.627119
790714.093394 0.000000 2269.830508
7453128.199748 0.000000 2282.033898
12657005.700191 0.000000 2294.237288
14865914.833626 0.000000 2306.440678
14708136.370846 0.000000 2318.644068
12366457.793157 0.000000 2330.847458
8702481.155821 0.000000 2343.050847
5147173.762784 0.000000 2355.254237
2734109.074078 0.000000 2367.457627
1751094.364475 0.000000 2379.661017
1929366.705259 0.000000 2391.864407
2795954.230634 0.000000 2404.067797
3972291.648642 0.000000 2416.271186
5197594.865891 0.000000 2428.474576
6357611.379748 0.000000 2440.677966
7394273.516597 0.000000 2452.881356
8312168.866788 0.000000 2465.084746
9116729.794094 0.000000 2477.288136
9831939.591258 0.000000 2489.491525
10468678.585126 0.000000 2501.694915
11043102.692099 0.000000 2513.898305
11561780.317915 0.000000 2526.101695
12033725.537614 0.000000 2538.305085
12463226.402213 0.000000 2550.508475
12855453.761065 0.000000 2562.711864
13213642.246618 0.000000 2574.915254
13540766.525031 0.000000 2587.118644
13839414.476949 0.000000 2599.322034
14111182.050150 0.000000 2611.525424
14358085.256903 0.000000 2623.728814
14580826.793521 0.000000 2635.932203
14781184.094614 0.000000 2648.135593
14959260.526431 0.000000 2660.338983
15117535.418589 0.000000 2672.542373
15249468.994611 0.000000 2684.745763
15349099.878715 0.000000 2696.949153
15419151.679462 0.000000 2709.152542
15459466.694511 0.000000 2721.355932
15487115.549052 0.000000 2733.559322
15515170.013813 0.000000 2745.762712
15538680.990662 0.000000 2757.966102
15547826.654201 0.000000 2770.169492
15557634.459197 0.000000 2782.372881
15555520.603296 0.000000 2794.576271
15545589.606039 0.000000 2806.779661
15533768.155475 0.000000 2818.983051
15531466.758635 0.000000 2831.186441
15536995.098659 0.000000 2843.389831
15551094.929815 0.000000 2855.593220
15581516.745566 0.000000 2867.796610
15569225.667317 0.000000 2880.000000
15392867.719784 0.000000 2892.203390
15018667.593592 0.000000 2904.406780
14357472.970656 0.000000 2916.610169
13028031.042209 0.000000 2928.813559
10279517.483689 0.000000 2941.016949
5606625.912493 0.000000 2953.220339
1360205.030362 0.000000 2965.423729
1620994.300543 0.000000 2977.627119
14152402.748936 0.000000 2989.830508
29249335.271866 0.000000 3002.033898
30652129.954571 0.000000 3014.237288
30431811.060655 0.000000 3026.440678
31092639.800342 0.000000 3038.644068
31533868.996457 0.000000 3050.847458
31625239.204338 0.000000 3063.050847
31520637.026472 0.000000 3075.254237
30973915.969854 0.000000 3087.457627
30607066.659992 0.000000 3099.661017
30486549.289353 0.000000 3111.864407
30129342.448190 0.000000 3124.067797
29816559.511508 0.000000 3136.271186
29551624.819556 0.000000 3148.474576
29317099.413512 0.000000 3160.677966
29149852.590424 0.000000 3172.881356
29010019.194854 0.000000 3185.084746
28881682.682862 0.000000 3197.288136
28754936.202827 0.000000 3209.491525
28621658.867411 0.000000 3221.694915
28491974.580158 0.000000 3233.898305
28387482.514915 0.000000 3246.101695
28336970.185330 0.000000 3258.305085
28389114.980708 0.000000 3270.508475
28629932.668935 0.000000 3282.711864
29118401.454037 0.000000 3294.915254
29157838.891842 0.000000 3307.118644
29439910.210618 0.000000 3319.322034
31964078.087472 0.000000 3331.525424
34550582.950243 0.000000 3343.728814
34476140.623135 0.000000 3355.932203
32994060.904262 0.000000 3368.135593
30989030.863923 0.000000 3380.338983
27920334.839009 0.000000 3392.542373
29506761.771175 0.000000 3404.745763
8733400.695912 0.000000 3416.949153
73822615.698508 0.000000 3429.152542
76946.357706 0.000000 3441.355932
128360.159265 0.000000 3453.559322
177717.932161 0.000000 3465.762712
223696.225214 0.000000 3477.966102
265739.166389 0.000000 3490.169492
303060.589551 0.000000 3502.372881
335423.505655 0.000000 3514.576271
362738.417683 0.000000 3526.779661
385211.963984 0.000000 3538.983051
403138.302004 0.000000 3551.186441
416899.474040 0.000000 3563.389831
426849.133361 0.000000 3575.593220
433299.471963 0.000000 3587.796610
436466.733271 0.000000 3600.000000
