1801608.060408 0.000000 0.000000
1801961.072662 0.000000 12.203390
1802291.991343 0.000000 24.406780
1801743.970620 0.000000 36.610169
1799036.533307 0.000000 48.813559
1792142.320647 0.000000 61.016949
1778394.440400 0.000000 73.220339
1753968.600594 0.000000 85.423729
1714099.642340 0.000000 97.627119
1652581.541673 0.000000 109.830508
1562523.442907 0.000000 122.033898
1436704.334766 0.000000 134.237288
1270045.107888 0.000000 146.440678
1061962.084963 0.000000 158.644068
820344.842650 0.000000 170.847458
562561.813252 0.000000 183.050847
313536.382275 0.000000 195.254237
2048106278.083334 0.000000 207.457627
-2642312.112594 -0.000000 219.661017
-8520858.632694 -0.000000 231.864407
-12504747.124347 -0.000000 244.067797
-13472456.535624 -0.000000 256.271186
-13193083.207223 -0.000000 268.474576
-13095640.170312 -0.000000 280.677966
-13088228.237705 -0.000000 292.881356
-12960727.808381 -0.000000 305.084746
-12485864.169399 -0.000000 317.288136
-12092716.752083 -0.000000 329.491525
-11901027.145673 -0.000000 341.694915
-11643303.480177 -0.000000 353.898305
-11394458.572785 -0.000000 366.101695
-11192230.124194 -0.000000 378.305085
-11000025.361610 -0.000000 390.508475
-10820693.135723 -0.000000 402.711864
-10637844.388235 -0.000000 414.915254
-10457410.745602 -0.000000 427.118644
-10272638.093596 -0.000000 439.322034
-10089007.130459 -0.000000 451.525424
-9903021.230426 -0.000000 463.728814
-9718206.713787 -0.000000 475.932203
-9532369.754427 -0.000000 488.135593
-9347470.461152 -0.000000 500.338983
-9162105.836400 -0.000000 512.542373
-8977279.090725 -0.000000 524.745763
-8792158.190762 -0.000000 536.949153
-8607212.295546 -0.000000 549.152542
-8422010.228795 -0.000000 561.355932
-8236732.056657 -0.000000 573.559322
-8051207.589674 -0.000000 585.762712
-7865462.364886 -0.000000 597.966102
-7679483.798338 -0.000000 610.169492
-7493216.496492 -0.000000 622.372881
-7306736.323264 -0.000000 634.576271
-7119947.767548 -0.000000 646.779661
-6932972.107310 -0.000000 658.983051
-6745696.813299 -0.000000 671.186441
-6558262.947523 -0.000000 683.389831
-6370554.401101 -0.000000 695.593220
-6182716.923462 -0.000000 707.796610
-5994638.935609 -0.000000 720.000000
-5806461.500575 -0.000000 732.203390
-5618082.478773 -0.000000 744.406780
-5429631.214869 -0.000000 756.610169
-5241017.177866 -0.000000 768.813559
-5052350.392319 -0.000000 781.016949
-4863550.308073 -0.000000 793.220339
-4674696.316710 -0.000000 805.423729
-4485709.707800 -0.000000 817.627119
-4296620.676723 -0.000000 829.830508
-4107335.026440 -0.000000 842.033898
-3917807.309625 -0.000000 854.237288
-3727904.344966 -0.000000 866.440678
-3537479.092824 -0.000000 878.644068
-3346342.167332 -0.000000 890.847458
-3154243.256494 -0.000000 903.050847
-2960995.831700 -0.000000 915.254237
-2766477.348510 -0.000000 927.457627
-2571082.913283 -0.000000 939.661017
-2375837.228216 -0.000000 951.864407
-2182780.744151 -0.000000 964.067797
-1994046.593436 -0.000000 976.271186
-1810797.421659 -0.000000 988.474576
-1631494.519070 -0.000000 1000.677966
-1452481.580140 -0.000000 1012.881356
-1269584.635860 -0.000000 1025.084746
-1080850.398013 -0.000000 1037.288136
-886790.430220 -0.000000 1049.491525
-689732.053935 -0.000000 1061.694915
-491850.499297 -0.000000 1073.898305
-294716.623439 -0.000000 1086.101695
-98853.996591 -0.000000 1098.305085
95593.499830 0.000000 1110.508475
288878.935571 0.000000 1122.711864
481193.524077 0.000000 1134.915254
672832.557080 0.000000 1147.118644
863972.581572 0.000000 1159.322034
1054813.808802 0.000000 1171.525424
1245475.544248 0.000000 1183.728814
1436057.451565 0.000000 1195.932203
1626634.214483 0.000000 1208.135593
1817229.927103 0.000000 1220.338983
2007899.662055 0.000000 1232.542373
2198619.556700 0.000000 1244.745763
2389443.436573 0.000000 1256.949153
2580318.592707 0.000000 1269.152542
2771306.217248 0.000000 1281.355932
2962336.320593 0.000000 1293.559322
3153479.552557 0.000000 1305.762712
3344656.009987 0.000000 1317.966102
3535944.343923 0.000000 1330.169492
3727260.446031 0.000000 1342.372881
3918687.330048 0.000000 1354.576271
4110141.057396 0.000000 1366.779661
4301700.928712 0.000000 1378.983051
4493280.681631 0.000000 1391.186441
4684931.992072 0.000000 1403.389831
4876533.774395 0.000000 1415.593220
5068032.781386 0.000000 1427.796610
5259139.699839 0.000000 1440.000000
5449461.703923 0.000000 1452.203390
5638125.627902 0.000000 1464.406780
5823760.946612 0.000000 1476.610169
6003828.185437 0.000000 1488.813559
6174469.309823 0.000000 1501.016949
6329135.134983 0.000000 1513.220339
6458563.803174 0.000000 1525.423729
6548424.024292 0.000000 1537.627119
6580460.798456 0.000000 1549.830508
6530672.652146 0.000000 1562.033898
6374251.069295 0.000000 1574.237288
6091287.306947 0.000000 1586.440678
5671387.225973 0.000000 1598.644068
5132635.990957 0.000000 1610.847458
4451583.990681 0.000000 1623.050847
3732928.850246 0.000000 1635.254237
3844138.586257 0.000000 1647.457627
10252177.955856 0.000000 1659.661017
14549011.920466 0.000000 1671.864407
13502866.611249 0.000000 1684.067797
13060604.065404 0.000000 1696.271186
13030637.749646 0.000000 1708.474576
13086531.715359 0.000000 1720.677966
12937948.569190 0.000000 1732.881356
12548267.749706 0.000000 1745.084746
12460175.338364 0.000000 1757.288136
12847556.502013 0.000000 1769.491525
13109672.559146 0.000000 1781.694915
13159273.202740 0.000000 1793.898305
13100381.833360 0.000000 1806.101695
12964710.726622 0.000000 1818.305085
13006193.606789 0.000000 1830.508475
13402625.331000 0.000000 1842.711864
14683229.956163 0.000000 1854.915254
12870213.684688 0.000000 1867.118644
5862076.214186 0.000000 1879.322034
5240715.287764 0.000000 1891.525424
6712712.709702 0.000000 1903.728814
8021537.013626 0.000000 1915.932203
9159496.510062 0.000000 1928.135593
10135692.622817 0.000000 1940.338983
10922470.962824 0.000000 1952.542373
11558878.142999 0.000000 1964.745763
11988584.106495 0.000000 1976.949153
12264534.681629 0.000000 1989.152542
12583945.908298 0.000000 2001.355932
12785537.969459 0.000000 2013.559322
12831879.830043 0.000000 2025.762712
12893314.545212 0.000000 2037.966102
13083452.053488 0.000000 2050.169492
13062614.342056 0.000000 2062.372881
11160628.311444 0.000000 2074.576271
6650539.953494 0.000000 2086.779661
-856987.553350 -0.000000 2098.983051
-9143997.517153 -0.000000 2111.186441
-30140980.829781 -0.000000 2123.389831
-152958287.240570 -0.000000 2135.593220
-25469670.835818 -0.000000 2147.796610
-16118122.763080 -0.000000 2160.000000
-15946657.205896 -0.000000 2172.203390
-19264681.775936 -0.000000 2184.406780
-23567266.654984 -0.000000 2196.610169
-27637199.728967 -0.000000 2208.813559
-31331347.028603 -0.000000 2221.016949
-34519541.221270 -0.000000 2233.220339
-35652246.153889 -0.000000 2245.423729
-31070149.556636 -0.000000 2257.627119
-24979997.822566 -0.000000 2269.830508
-21513584.040914 -0.000000 2282.033898
-18327704.448319 -0.000000 2294.237288
-16637384.781875 -0.000000 2306.440678
-17023928.435978 -0.000000 2318.644068
-17236147.301261 -0.000000 2330.847458
-17440098.852670 -0.000000 2343.050847
-18970676.882694 -0.000000 2355.254237
-22636611.600002 -0.000000 2367.457627
-32582635.941259 -0.000000 2379.661017
-23002032.783073 -0.000000 2391.864407
-9640599.233807 -0.000000 2404.067797
-9901823.604426 -0.000000 2416.271186
-6993098.129214 -0.000000 2428.474576
-3669978.171313 -0.000000 2440.677966
-515963.521007 -0.000000 2452.881356
2261164.486655 0.000000 2465.084746
4609246.685888 0.000000 2477.288136
6572205.183514 0.000000 2489.491525
8221066.616416 0.000000 2501.694915
9630064.807227 0.000000 2513.898305
10852349.857020 0.000000 2526.101695
11924268.116232 0.000000 2538.305085
12861869.508392 0.000000 2550.508475
13670821.292734 0.000000 2562.711864
14346740.088703 0.000000 2574.915254
14873661.398958 0.000000 2587.118644
15232160.909126 0.000000 2599.322034
15444871.340586 0.000000 2611.525424
15464360.158635 0.000000 2623.728814
15330277.739333 0.000000 2635.932203
15349879.166154 0.000000 2648.135593
15561411.628797 0.000000 2660.338983
15692024.769472 0.000000 2672.542373
15645536.752997 0.000000 2684.745763
15436816.860632 0.000000 2696.949153
15165359.449318 0.000000 2709.152542
15220709.890196 0.000000 2721.355932
15799795.728779 0.000000 2733.559322
16385620.183126 0.000000 2745.762712
16599290.425034 0.000000 2757.966102
16554308.759707 0.000000 2770.169492
16396484.919470 0.000000 2782.372881
16234393.416209 0.000000 2794.576271
16087900.960808 0.000000 2806.779661
15983029.327353 0.000000 2818.983051
15891760.383919 0.000000 2831.186441
15784868.390659 0.000000 2843.389831
15699639.701684 0.000000 2855.593220
15667736.391385 0.000000 2867.796610
15674098.256477 0.000000 2880.000000
15698686.374274 0.000000 2892.203390
15734570.191080 0.000000 2904.406780
15787951.088341 0.000000 2916.610169
15947089.769581 0.000000 2928.813559
16389675.555830 0.000000 2941.016949
17460330.064568 0.000000 2953.220339
20119047.131347 0.000000 2965.423729
27397503.637387 0.000000 2977.627119
14179072.809193 0.000000 2989.830508
1886576.925928 0.000000 3002.033898
-2185118.842105 -0.000000 3014.237288
6331070.740939 0.000000 3026.440678
25868229.473713 0.000000 3038.644068
31468832.420067 0.000000 3050.847458
30573592.288879 0.000000 3063.050847
30901905.422529 0.000000 3075.254237
31679157.517916 0.000000 3087.457627
32190063.976575 0.000000 3099.661017
32057188.725096 0.000000 3111.864407
31705952.361605 0.000000 3124.067797
31121719.151732 0.000000 3136.271186
30825263.513754 0.000000 3148.474576
30776970.665254 0.000000 3160.677966
30466869.208794 0.000000 3172.881356
30196518.906754 0.000000 3185.084746
29975854.101503 0.000000 3197.288136
29773998.351248 0.000000 3209.491525
29624550.241466 0.000000 3221.694915
29492439.100186 0.000000 3233.898305
29365130.599738 0.000000 3246.101695
29231933.373592 0.000000 3258.305085
29091441.293098 0.000000 3270.508475
28945173.993869 0.000000 3282.711864
28810182.300519 0.000000 3294.915254
28704987.843197 0.000000 3307.118644
28683071.998282 0.000000 3319.322034
28822843.842641 0.000000 3331.525424
29283114.940900 0.000000 3343.728814
29033699.592279 0.000000 3355.932203
29232957.527919 0.000000 3368.135593
33081887.346797 0.000000 3380.338983
36011557.166085 0.000000 3392.542373
35105151.332488 0.000000 3404.745763
33070373.616327 0.000000 3416.949153
31396492.597127 0.000000 3429.152542
28550373.446178 0.000000 3441.355932
23738932.574793 0.000000 3453.559322
3938445.655766 0.000000 3465.762712
43330327.690351 0.000000 3477.966102
242337.179654 0.000000 3490.169492
391189.446034 0.000000 3502.372881
526010.575869 0.000000 3514.576271
645740.988966 0.000000 3526.779661
749158.158594 0.000000 3538.983051
835480.752010 0.000000 3551.186441
904303.353484 0.000000 3563.389831
955620.678135 0.000000 3575.593220
989616.738783 0.000000 3587.796610
1006537.544875 0.000000 3600.000000
