2044324.391920 0.000000 0.000000
2021703.239243 0.000000 12.203390
1974106.274691 0.000000 24.406780
1896992.279878 0.000000 36.610169
1784046.101280 0.000000 48.813559
1628247.567855 0.000000 61.016949
1423659.813192 0.000000 73.220339
1168194.159934 0.000000 85.423729
866310.323326 0.000000 97.627119
530322.955006 0.000000 109.830508
1011587127.036682 0.000000 122.033898
-356397.796893 -0.000000 134.237288
-5828277.784841 -0.000000 146.440678
-11101877.492419 -0.000000 158.644068
-13491069.674939 -0.000000 170.847458
-13337920.051848 -0.000000 183.050847
-13083206.302105 -0.000000 195.254237
-13029239.136783 -0.000000 207.457627
-13000356.206787 -0.000000 219.661017
-12851268.977620 -0.000000 231.864407
-12535952.810798 -0.000000 244.067797
-12351275.105331 -0.000000 256.271186
-12310072.871846 -0.000000 268.474576
-12194989.237793 -0.000000 280.677966
-12076595.602653 -0.000000 292.881356
-11981426.008290 -0.000000 305.084746
-11890644.088735 -0.000000 317.288136
-11795535.094827 -0.000000 329.491525
-11696956.388042 -0.000000 341.694915
-11591234.969922 -0.000000 353.898305
-11487982.710826 -0.000000 366.101695
-11386763.047318 -0.000000 378.305085
-11289867.929185 -0.000000 390.508475
-11184131.301401 -0.000000 402.711864
-11066450.911597 -0.000000 414.915254
-10940547.991965 -0.000000 427.118644
-10817377.483577 -0.000000 439.322034
-10700009.815511 -0.000000 451.525424
-10586599.981058 -0.000000 463.728814
-10474941.856447 -0.000000 475.932203
-10362668.014984 -0.000000 488.135593
-10250496.257752 -0.000000 500.338983
-10137017.672351 -0.000000 512.542373
-10023685.732431 -0.000000 524.745763
-9909155.047241 -0.000000 536.949153
-9794826.075972 -0.000000 549.152542
-9679537.423198 -0.000000 561.355932
-9564414.427985 -0.000000 573.559322
-9448568.976442 -0.000000 585.762712
-9332805.061204 -0.000000 597.966102
-9216514.060427 -0.000000 610.169492
-9100221.926952 -0.000000 622.372881
-8983549.319392 -0.000000 634.576271
-8866818.522885 -0.000000 646.779661
-8749811.153502 -0.000000 658.983051
-8632718.017469 -0.000000 671.186441
-8515420.089360 -0.000000 683.389831
-8398032.664726 -0.000000 695.593220
-8280490.510294 -0.000000 707.796610
-8162870.981777 -0.000000 720.000000
-8045132.630989 -0.000000 732.203390
-7927337.046746 -0.000000 744.406780
-7809447.428759 -0.000000 756.610169
-7691520.041804 -0.000000 768.813559
-7573508.749163 -0.000000 781.016949
-7455465.410140 -0.000000 793.220339
-7337320.484080 -0.000000 805.423729
-7219113.575912 -0.000000 817.627119
-7100734.837724 -0.000000 829.830508
-6982198.303770 -0.000000 842.033898
-6863339.395171 -0.000000 854.237288
-6744140.565467 -0.000000 866.440678
-6624389.198740 -0.000000 878.644068
-6504070.140696 -0.000000 890.847458
-6383020.826091 -0.000000 903.050847
-6261454.986475 -0.000000 915.254237
-6139691.961051 -0.000000 927.457627
-6018744.815992 -0.000000 939.661017
-5899738.127066 -0.000000 951.864407
-5783809.997505 -0.000000 964.067797
-5670753.947095 -0.000000 976.271186
-5559041.473463 -0.000000 988.474576
-5445972.135080 -0.000000 1000.677966
-5329613.975924 -0.000000 1012.881356
-5209424.089742 -0.000000 1025.084746
-5086583.752413 -0.000000 1037.288136
-4962602.298561 -0.000000 1049.491525
-4838858.272512 -0.000000 1061.694915
-4715909.396429 -0.000000 1073.898305
-4593986.102960 -0.000000 1086.101695
-4472909.563079 -0.000000 1098.305085
-4352563.739202 -0.000000 1110.508475
-4232713.080550 -0.000000 1122.711864
-4113254.596015 -0.000000 1134.915254
-3994028.284084 -0.000000 1147.118644
-3874972.903765 -0.000000 1159.322034
-3755998.814656 -0.000000 1171.525424
-3637073.865760 -0.000000 1183.728814
-3518160.869216 -0.000000 1195.932203
-3399240.419590 -0.000000 1208.135593
-3280309.409032 -0.000000 1220.338983
-3161348.459196 -0.000000 1232.542373
-3042375.305207 -0.000000 1244.745763
-2923363.587254 -0.000000 1256.949153
-2804343.869313 -0.000000 1269.152542
-2685280.319213 -0.000000 1281.355932
-2566213.344773 -0.000000 1293.559322
-2447101.565946 -0.000000 1305.762712
-2328003.896658 -0.000000 1317.966102
-2208897.783030 -0.000000 1330.169492
-2089908.062171 -0.000000 1342.372881
-1971123.402732 -0.000000 1354.576271
-1852901.351687 -0.000000 1366.779661
-1735731.029144 -0.000000 1378.983051
-1620689.086163 -0.000000 1391.186441
-1509442.532866 -0.000000 1403.389831
-1405001.666624 -0.000000 1415.593220
-1311986.002596 -0.000000 1427.796610
-1237859.618791 -0.000000 1440.000000
-1193371.721136 -0.000000 1452.203390
-1194189.725393 -0.000000 1464.406780
-1260105.473886 -0.000000 1476.610169
-1415785.185048 -0.000000 1488.813559
-1682825.254022 -0.000000 1501.016949
-2079951.866109 -0.000000 1513.220339
-2597815.845936 -0.000000 1525.423729
-3243006.800659 -0.000000 1537.627119
-3961080.803840 -0.000000 1549.830508
-4767390.863874 -0.000000 1562.033898
-931664.761816 -0.000000 1574.237288
7639132.607847 0.000000 1586.440678
11477226.697485 0.000000 1598.644068
10676748.953613 0.000000 1610.847458
9970119.994942 0.000000 1623.050847
9346202.153732 0.000000 1635.254237
8865593.487711 0.000000 1647.457627
8531838.826191 0.000000 1659.661017
8367862.659286 0.000000 1671.864407
8374438.931098 0.000000 1684.067797
8552182.288197 0.000000 1696.271186
8901860.292113 0.000000 1708.474576
9419418.905234 0.000000 1720.677966
10098347.844425 0.000000 1732.881356
10899944.729581 0.000000 1745.084746
11825905.380270 0.000000 1757.288136
12815200.820383 0.000000 1769.491525
11526139.210331 0.000000 1781.694915
3490792.364302 0.000000 1793.898305
-2423533.304432 -0.000000 1806.101695
-1639022.154834 -0.000000 1818.305085
-680960.374361 -0.000000 1830.508475
235568.191134 0.000000 1842.711864
1019566.120898 0.000000 1854.915254
1692156.990232 0.000000 1867.118644
2234749.120994 0.000000 1879.322034
2666083.268532 0.000000 1891.525424
3009254.910354 0.000000 1903.728814
3293480.280185 0.000000 1915.932203
3547439.060939 0.000000 1928.135593
3798242.747961 0.000000 1940.338983
4073925.937476 0.000000 1952.542373
4407934.013484 0.000000 1964.745763
4838357.311773 0.000000 1976.949153
5423978.079713 0.000000 1989.152542
6216353.342762 0.000000 2001.355932
7314549.247278 0.000000 2013.559322
8638721.003781 0.000000 2025.762712
10273540.366204 0.000000 2037.966102
12367092.292603 0.000000 2050.169492
13405619.446582 0.000000 2062.372881
13479159.106517 0.000000 2074.576271
13429527.183250 0.000000 2086.779661
9337721.004824 0.000000 2098.983051
-1815271.110198 -0.000000 2111.186441
-12329590.989771 -0.000000 2123.389831
-23311791.861917 -0.000000 2135.593220
-78562658.148781 -0.000000 2147.796610
-25510390.068553 -0.000000 2160.000000
-16584566.679443 -0.000000 2172.203390
-14186788.107202 -0.000000 2184.406780
-14912372.513469 -0.000000 2196.610169
-17945923.273031 -0.000000 2208.813559
-21543729.368880 -0.000000 2221.016949
-21905965.290279 -0.000000 2233.220339
-19599027.016120 -0.000000 2245.423729
-17946881.242721 -0.000000 2257.627119
-16580400.671651 -0.000000 2269.830508
-15498953.835003 -0.000000 2282.033898
-14773808.239879 -0.000000 2294.237288
-14557471.939716 -0.000000 2306.440678
-14845591.054475 -0.000000 2318.644068
-15224831.051223 -0.000000 2330.847458
-15559414.469910 -0.000000 2343.050847
-16381349.813856 -0.000000 2355.254237
-18263026.790523 -0.000000 2367.457627
-22133655.164493 -0.000000 2379.661017
-30247262.730269 -0.000000 2391.864407
-42587672.058461 -0.000000 2404.067797
-15434077.603906 -0.000000 2416.271186
-7249224.820942 -0.000000 2428.474576
-3935715.005975 -0.000000 2440.677966
-164930.480549 -0.000000 2452.881356
2748855.578453 0.000000 2465.084746
4895979.116108 0.000000 2477.288136
6506403.884881 0.000000 2489.491525
7787907.718017 0.000000 2501.694915
8890126.902243 0.000000 2513.898305
9910746.151596 0.000000 2526.101695
10875400.710538 0.000000 2538.305085
11774921.933887 0.000000 2550.508475
12593489.140363 0.000000 2562.711864
13331023.963909 0.000000 2574.915254
13984046.808731 0.000000 2587.118644
14557530.542828 0.000000 2599.322034
15003569.465146 0.000000 2611.525424
15317430.336372 0.000000 2623.728814
15531024.922617 0.000000 2635.932203
15592545.029704 0.000000 2648.135593
15578303.995994 0.000000 2660.338983
15525678.882850 0.000000 2672.542373
15435104.986825 0.000000 2684.745763
15420354.479274 0.000000 2696.949153
15506692.358685 0.000000 2709.152542
15599542.775651 0.000000 2721.355932
15629011.466238 0.000000 2733.559322
15608225.340413 0.000000 2745.762712
15574030.504060 0.000000 2757.966102
15543096.217417 0.000000 2770.169492
15526093.281566 0.000000 2782.372881
15540027.123582 0.000000 2794.576271
15582232.233654 0.000000 2806.779661
15631177.381700 0.000000 2818.983051
15657543.683704 0.000000 2831.186441
15645020.438426 0.000000 2843.389831
15607296.215962 0.000000 2855.593220
15570196.821559 0.000000 2867.796610
15558099.538333 0.000000 2880.000000
15575525.086437 0.000000 2892.203390
15609216.474501 0.000000 2904.406780
15640223.897390 0.000000 2916.610169
15599735.556046 0.000000 2928.813559
15475039.284036 0.000000 2941.016949
15568048.570611 0.000000 2953.220339
16154816.714705 0.000000 2965.423729
17005810.913475 0.000000 2977.627119
17970346.905512 0.000000 2989.830508
15341798.013855 0.000000 3002.033898
8515006.579265 0.000000 3014.237288
1800405.505888 0.000000 3026.440678
-2051898.788396 -0.000000 3038.644068
7174210.938936 0.000000 3050.847458
26643644.938996 0.000000 3063.050847
31267038.680258 0.000000 3075.254237
30422873.918617 0.000000 3087.457627
30790756.189184 0.000000 3099.661017
31590410.394216 0.000000 3111.864407
32043621.860176 0.000000 3124.067797
31882506.505199 0.000000 3136.271186
31522529.468998 0.000000 3148.474576
30920770.873171 0.000000 3160.677966
30660384.397362 0.000000 3172.881356
30590538.755817 0.000000 3185.084746
30261763.327381 0.000000 3197.288136
29997214.010252 0.000000 3209.491525
29770635.788359 0.000000 3221.694915
29571238.031987 0.000000 3233.898305
29419609.378653 0.000000 3246.101695
29279210.173672 0.000000 3258.305085
29138841.298833 0.000000 3270.508475
28986776.037525 0.000000 3282.711864
28825077.552286 0.000000 3294.915254
28664941.059056 0.000000 3307.118644
28530031.939011 0.000000 3319.322034
28455532.777173 0.000000 3331.525424
28486509.405123 0.000000 3343.728814
28761799.538877 0.000000 3355.932203
29154334.364031 0.000000 3368.135593
28644721.569738 0.000000 3380.338983
29861666.392830 0.000000 3392.542373
34169321.034156 0.000000 3404.745763
35902755.365221 0.000000 3416.949153
34518850.785757 0.000000 3429.152542
32337924.085747 0.000000 3441.355932
30549534.428848 0.000000 3453.559322
29165932.285316 0.000000 3465.762712
21680367.488624 0.000000 3477.966102
272128.594347 0.000000 3490.169492
45585214.510836 0.000000 3502.372881
256058.371566 0.000000 3514.576271
405627.309569 0.000000 3526.779661
535982.576662 0.000000 3538.983051
645503.756069 0.000000 3551.186441
733988.789316 0.000000 3563.389831
800668.736276 0.000000 3575.593220
845278.769029 0.000000 3587.796610
867608.048743 0.000000 3600.000000
