76392.999196 0.000000 0.000000
76719.980221 0.000000 12.203390
77374.856555 0.000000 24.406780
78358.916108 0.000000 36.610169
79675.116343 0.000000 48.813559
81325.697806 0.000000 61.016949
83315.752389 0.000000 73.220339
85648.642400 0.000000 85.423729
88331.526448 0.000000 97.627119
91368.931650 0.000000 109.830508
94770.093889 0.000000 122.033898
98540.750427 0.000000 134.237288
102692.232368 0.000000 146.440678
107231.544725 0.000000 158.644068
112172.129578 0.000000 170.847458
117522.332860 0.000000 183.050847
123297.717710 0.000000 195.254237
129508.061223 0.000000 207.457627
136171.042929 0.000000 219.661017
143297.977441 0.000000 231.864407
150908.630811 0.000000 244.067797
159015.974289 0.000000 256.271186
167641.786387 0.000000 268.474576
176800.816381 0.000000 280.677966
186516.707310 0.000000 292.881356
196806.085861 0.000000 305.084746
207694.190715 0.000000 317.288136
219199.554230 0.000000 329.491525
231348.538467 0.000000 341.694915
244161.449914 0.000000 353.898305
257664.965061 0.000000 366.101695
271880.697757 0.000000 378.305085
286834.254022 0.000000 390.508475
302547.447922 0.000000 402.711864
319042.436369 0.000000 414.915254
336338.915610 0.000000 427.118644
354451.478307 0.000000 439.322034
373393.138381 0.000000 451.525424
393163.703007 0.000000 463.728814
413760.800271 0.000000 475.932203
435156.593006 0.000000 488.135593
457316.951710 0.000000 500.338983
480163.181384 0.000000 512.542373
503598.803066 0.000000 524.745763
527451.849376 0.000000 536.949153
551506.562278 0.000000 549.152542
575419.859449 0.000000 561.355932
598751.814814 0.000000 573.559322
620847.224992 0.000000 585.762712
640855.185355 0.000000 597.966102
657566.910638 0.000000 610.169492
669420.606510 0.000000 622.372881
674311.100448 0.000000 634.576271
669635.329406 0.000000 646.779661
652216.829270 0.000000 658.983051
618673.649689 0.000000 671.186441
565923.116444 0.000000 683.389831
492439.737846 0.000000 695.593220
399700.631026 0.000000 707.796610
293854.071573 0.000000 720.000000
186132.192429 0.000000 732.203390
91492.398873 0.000000 744.406780
205626730.748765 0.000000 756.610169
-4035653.960340 -0.000000 768.813559
-11544077.017624 -0.000000 781.016949
-13638238.172447 -0.000000 793.220339
-13207521.162593 -0.000000 805.423729
-12991699.095777 -0.000000 817.627119
-12919453.904394 -0.000000 829.830508
-12930157.226333 -0.000000 842.033898
-12914730.731822 -0.000000 854.237288
-12825340.809983 -0.000000 866.440678
-12701297.589271 -0.000000 878.644068
-12619735.042269 -0.000000 890.847458
-12649515.347148 -0.000000 903.050847
-12742306.286599 -0.000000 915.254237
-12789181.663439 -0.000000 927.457627
-12799305.076044 -0.000000 939.661017
-12802831.351513 -0.000000 951.864407
-12801383.873308 -0.000000 964.067797
-12795600.962648 -0.000000 976.271186
-12784297.200519 -0.000000 988.474576
-12761214.933316 -0.000000 1000.677966
-12725630.764896 -0.000000 1012.881356
-12688050.265382 -0.000000 1025.084746
-12646102.525196 -0.000000 1037.288136
-12595795.622223 -0.000000 1049.491525
-12523486.594075 -0.000000 1061.694915
-12435512.681493 -0.000000 1073.898305
-12327445.738367 -0.000000 1086.101695
-12202501.455678 -0.000000 1098.305085
-12072524.132656 -0.000000 1110.508475
-11939277.784917 -0.000000 1122.711864
-11801975.419540 -0.000000 1134.915254
-11660495.741721 -0.000000 1147.118644
-11513616.361730 -0.000000 1159.322034
-11362855.981153 -0.000000 1171.525424
-11211304.116891 -0.000000 1183.728814
-11066424.582587 -0.000000 1195.932203
-10934062.596959 -0.000000 1208.135593
-10815149.371434 -0.000000 1220.338983
-10700929.804015 -0.000000 1232.542373
-10580806.026366 -0.000000 1244.745763
-10447826.425294 -0.000000 1256.949153
-10303406.595326 -0.000000 1269.152542
-10151870.161261 -0.000000 1281.355932
-9998594.902870 -0.000000 1293.559322
-9846071.839818 -0.000000 1305.762712
-9695821.392686 -0.000000 1317.966102
-9547211.480384 -0.000000 1330.169492
-9399943.199675 -0.000000 1342.372881
-9252948.630120 -0.000000 1354.576271
-9106352.039023 -0.000000 1366.779661
-8960284.552129 -0.000000 1378.983051
-8816270.435003 -0.000000 1391.186441
-8675523.633818 -0.000000 1403.389831
-8539387.415883 -0.000000 1415.593220
-8407534.059775 -0.000000 1427.796610
-8278985.097277 -0.000000 1440.000000
-8151379.726504 -0.000000 1452.203390
-8022363.399393 -0.000000 1464.406780
-7889147.533251 -0.000000 1476.610169
-7750492.238561 -0.000000 1488.813559
-7606568.967408 -0.000000 1501.016949
-7459658.560386 -0.000000 1513.220339
-7312076.082516 -0.000000 1525.423729
-7165943.440387 -0.000000 1537.627119
-7021919.745002 -0.000000 1549.830508
-6880145.092117 -0.000000 1562.033898
-6739807.432950 -0.000000 1574.237288
-6600012.458114 -0.000000 1586.440678
-6459407.778527 -0.000000 1598.644068
-6317117.266964 -0.000000 1610.847458
-6173432.362116 -0.000000 1623.050847
-6031252.428960 -0.000000 1635.254237
-5895938.304943 -0.000000 1647.457627
-5771882.511871 -0.000000 1659.661017
-5657703.786350 -0.000000 1671.864407
-5544491.684680 -0.000000 1684.067797
-5422666.461075 -0.000000 1696.271186
-5288090.178362 -0.000000 1708.474576
-5144245.926920 -0.000000 1720.677966
-4995577.513256 -0.000000 1732.881356
-4845314.317528 -0.000000 1745.084746
-4691509.661173 -0.000000 1757.288136
-4530828.264315 -0.000000 1769.491525
-4355497.164230 -0.000000 1781.694915
-4156933.422308 -0.000000 1793.898305
-3920222.649044 -0.000000 1806.101695
-3625978.474676 -0.000000 1818.305085
-3243397.809728 -0.000000 1830.508475
-2728377.791135 -0.000000 1842.711864
-2017338.280187 -0.000000 1854.915254
-1018056.642072 -0.000000 1867.118644
379909.417495 0.000000 1879.322034
2338013.304887 0.000000 1891.525424
4865096.009962 0.000000 1903.728814
8411745.743167 0.000000 1915.932203
12300592.226819 0.000000 1928.135593
13620128.148252 0.000000 1940.338983
13559492.210292 0.000000 1952.542373
14252696.900566 0.000000 1964.745763
8729799.381049 0.000000 1976.949153
-7414935.640051 -0.000000 1989.152542
-17622329.611768 -0.000000 2001.355932
-26720788.381896 -0.000000 2013.559322
-50552607.786671 -0.000000 2025.762712
-21927874.244132 -0.000000 2037.966102
-15550547.540486 -0.000000 2050.169492
-13649921.792564 -0.000000 2062.372881
-13853534.380001 -0.000000 2074.576271
-15713996.480438 -0.000000 2086.779661
-17850670.466273 -0.000000 2098.983051
-19641088.253063 -0.000000 2111.186441
-21071355.519009 -0.000000 2123.389831
-22038741.763110 -0.000000 2135.593220
-22575102.946546 -0.000000 2147.796610
-22525404.191915 -0.000000 2160.000000
-22176326.243678 -0.000000 2172.203390
-17296617.193917 -0.000000 2184.406780
-707655182.244718 -0.000000 2196.610169
-43510057.249748 -0.000000 2208.813559
2436644.100366 0.000000 2221.016949
7068572.537020 0.000000 2233.220339
11463383.750793 0.000000 2245.423729
12158267.670423 0.000000 2257.627119
10662461.195709 0.000000 2269.830508
8066162.259977 0.000000 2282.033898
5542225.945392 0.000000 2294.237288
3904493.553014 0.000000 2306.440678
3345756.150977 0.000000 2318.644068
3601881.676755 0.000000 2330.847458
4306835.402579 0.000000 2343.050847
5185642.012228 0.000000 2355.254237
6073276.826919 0.000000 2367.457627
6904066.119602 0.000000 2379.661017
7650234.409053 0.000000 2391.864407
8318055.887481 0.000000 2404.067797
8912263.174131 0.000000 2416.271186
9447029.521396 0.000000 2428.474576
9928243.841542 0.000000 2440.677966
10364917.073826 0.000000 2452.881356
10760567.233601 0.000000 2465.084746
11120032.678274 0.000000 2477.288136
11445978.468071 0.000000 2489.491525
11741260.804990 0.000000 2501.694915
12008654.892182 0.000000 2513.898305
12250331.715138 0.000000 2526.101695
12469520.831593 0.000000 2538.305085
12668173.634827 0.000000 2550.508475
12849488.575833 0.000000 2562.711864
13014731.941485 0.000000 2574.915254
13166277.466226 0.000000 2587.118644
13304414.611488 0.000000 2599.322034
13430669.186447 0.000000 2611.525424
13544987.361439 0.000000 2623.728814
13648849.784436 0.000000 2635.932203
13742695.135051 0.000000 2648.135593
13828182.867411 0.000000 2660.338983
13905981.080428 0.000000 2672.542373
13977263.779247 0.000000 2684.745763
14042578.917479 0.000000 2696.949153
14102684.805347 0.000000 2709.152542
14158473.468160 0.000000 2721.355932
14210451.836502 0.000000 2733.559322
14259069.804542 0.000000 2745.762712
14302262.181587 0.000000 2757.966102
14335376.856317 0.000000 2770.169492
14345605.040482 0.000000 2782.372881
14309360.514024 0.000000 2794.576271
14180673.089114 0.000000 2806.779661
13884964.793650 0.000000 2818.983051
13312401.499801 0.000000 2831.186441
12327706.804741 0.000000 2843.389831
10722423.470055 0.000000 2855.593220
8164301.953132 0.000000 2867.796610
4462576.152630 0.000000 2880.000000
779772.680792 0.000000 2892.203390
110050.281801 0.000000 2904.406780
7757630.870901 0.000000 2916.610169
22996823.289695 0.000000 2928.813559
30148951.654264 0.000000 2941.016949
29977660.125756 0.000000 2953.220339
30335619.577782 0.000000 2965.423729
30872268.212694 0.000000 2977.627119
31115600.374962 0.000000 2989.830508
31268093.374627 0.000000 3002.033898
30887200.357124 0.000000 3014.237288
30465432.829630 0.000000 3026.440678
30353806.255031 0.000000 3038.644068
29991521.077950 0.000000 3050.847458
29667104.425859 0.000000 3063.050847
29380240.689011 0.000000 3075.254237
29124369.913160 0.000000 3087.457627
28948742.586836 0.000000 3099.661017
28813603.446817 0.000000 3111.864407
28707288.227150 0.000000 3124.067797
28616673.377312 0.000000 3136.271186
28540133.996117 0.000000 3148.474576
28473007.085093 0.000000 3160.677966
28429017.946793 0.000000 3172.881356
28415465.902763 0.000000 3185.084746
28473490.098913 0.000000 3197.288136
28624713.106189 0.000000 3209.491525
28996074.131245 0.000000 3221.694915
29362507.134118 0.000000 3233.898305
29339426.115573 0.000000 3246.101695
30133096.307419 0.000000 3258.305085
32592108.511463 0.000000 3270.508475
33909379.829269 0.000000 3282.711864
33519286.990448 0.000000 3294.915254
31756311.386637 0.000000 3307.118644
30867360.534895 0.000000 3319.322034
29127735.660213 0.000000 3331.525424
28338758.312662 0.000000 3343.728814
-476286.375622 -0.000000 3355.932203
24979278.264801 0.000000 3368.135593
33142.444350 0.000000 3380.338983
56673.281861 0.000000 3392.542373
80699.876750 0.000000 3404.745763
103739.780776 0.000000 3416.949153
125407.142449 0.000000 3429.152542
145071.976103 0.000000 3441.355932
162455.335668 0.000000 3453.559322
177432.972955 0.000000 3465.762712
190053.722709 0.000000 3477.966102
200481.259311 0.000000 3490.169492
208942.327293 0.000000 3502.372881
215695.964347 0.000000 3514.576271
220998.264296 0.000000 3526.779661
225089.127431 0.000000 3538.983051
228178.206088 0.000000 3551.186441
230441.501720 0.000000 3563.389831
232018.666112 0.000000 3575.593220
233013.337686 0.000000 3587.796610
233493.701686 0.000000 3600.000000
