114401.378367 0.000000 0.000000
114848.462779 0.000000 12.203390
115743.592186 0.000000 24.406780
117088.705073 0.000000 36.610169
118886.872057 0.000000 48.813559
121141.682081 0.000000 61.016949
123858.383544 0.000000 73.220339
127042.397573 0.000000 85.423729
130701.063704 0.000000 97.627119
134841.716897 0.000000 109.830508
139473.759004 0.000000 122.033898
144606.534262 0.000000 134.237288
150251.468502 0.000000 146.440678
156420.029628 0.000000 158.644068
163125.604835 0.000000 170.847458
170381.913245 0.000000 183.050847
178204.204060 0.000000 195.254237
186608.574226 0.000000 207.457627
195611.972961 0.000000 219.661017
205232.970756 0.000000 231.864407
215489.954217 0.000000 244.067797
226403.978479 0.000000 256.271186
237994.435176 0.000000 268.474576
250284.693147 0.000000 280.677966
263294.427759 0.000000 292.881356
277048.793158 0.000000 305.084746
291566.531475 0.000000 317.288136
306873.384711 0.000000 329.491525
322985.070139 0.000000 341.694915
339925.506080 0.000000 353.898305
357703.741402 0.000000 366.101695
376337.252565 0.000000 378.305085
395821.967696 0.000000 390.508475
416160.323744 0.000000 402.711864
437323.536861 0.000000 414.915254
459283.161134 0.000000 427.118644
481964.628081 0.000000 439.322034
505279.494762 0.000000 451.525424
529068.725174 0.000000 463.728814
553130.417042 0.000000 475.932203
577149.858077 0.000000 488.135593
600714.049292 0.000000 500.338983
623223.139995 0.000000 512.542373
643879.346664 0.000000 524.745763
661573.477347 0.000000 536.949153
674839.270522 0.000000 549.152542
681725.588640 0.000000 561.355932
679752.528745 0.000000 573.559322
665879.642656 0.000000 585.762712
636690.928813 0.000000 597.966102
588864.449036 0.000000 610.169492
520148.744614 0.000000 622.372881
430842.055196 0.000000 634.576271
325492.717077 0.000000 646.779661
213964.696395 0.000000 658.983051
110718.935154 0.000000 671.186441
182408181.680018 0.000000 683.389831
-3263066.892165 -0.000000 695.593220
-10721692.380690 -0.000000 707.796610
-13776593.210156 -0.000000 720.000000
-13278546.560176 -0.000000 732.203390
-12997002.548710 -0.000000 744.406780
-12924108.439270 -0.000000 756.610169
-12930757.068062 -0.000000 768.813559
-12924375.508942 -0.000000 781.016949
-12849437.298514 -0.000000 793.220339
-12724188.775309 -0.000000 805.423729
-12624898.792307 -0.000000 817.627119
-12641352.115629 -0.000000 829.830508
-12740162.346347 -0.000000 842.033898
-12795510.522178 -0.000000 854.237288
-12806785.470585 -0.000000 866.440678
-12813390.040554 -0.000000 878.644068
-12806965.394869 -0.000000 890.847458
-12800236.064852 -0.000000 903.050847
-12780944.468745 -0.000000 915.254237
-12750873.449706 -0.000000 927.457627
-12715079.962202 -0.000000 939.661017
-12677510.623825 -0.000000 951.864407
-12635147.165708 -0.000000 964.067797
-12578654.448369 -0.000000 976.271186
-12498208.260403 -0.000000 988.474576
-12403015.051223 -0.000000 1000.677966
-12284084.399418 -0.000000 1012.881356
-12151398.425123 -0.000000 1025.084746
-12015449.259192 -0.000000 1037.288136
-11875933.230256 -0.000000 1049.491525
-11733854.403879 -0.000000 1061.694915
-11590628.753082 -0.000000 1073.898305
-11447876.188191 -0.000000 1086.101695
-11307734.738381 -0.000000 1098.305085
-11171055.335808 -0.000000 1110.508475
-11036957.413332 -0.000000 1122.711864
-10902633.045327 -0.000000 1134.915254
-10765117.676755 -0.000000 1147.118644
-10622973.280506 -0.000000 1159.322034
-10476736.694961 -0.000000 1171.525424
-10328210.575622 -0.000000 1183.728814
-10179097.510282 -0.000000 1195.932203
-10030590.838065 -0.000000 1208.135593
-9883090.856750 -0.000000 1220.338983
-9736708.128784 -0.000000 1232.542373
-9591246.202763 -0.000000 1244.745763
-9446569.398999 -0.000000 1256.949153
-9302449.671208 -0.000000 1269.152542
-9158765.327178 -0.000000 1281.355932
-9015362.036190 -0.000000 1293.559322
-8872161.557741 -0.000000 1305.762712
-8729088.627787 -0.000000 1317.966102
-8586097.871572 -0.000000 1330.169492
-8443174.923278 -0.000000 1342.372881
-8300287.827641 -0.000000 1354.576271
-8157462.641176 -0.000000 1366.779661
-8014666.674815 -0.000000 1378.983051
-7871952.360894 -0.000000 1391.186441
-7729279.598941 -0.000000 1403.389831
-7586719.201909 -0.000000 1415.593220
-7444221.932269 -0.000000 1427.796610
-7301872.790221 -0.000000 1440.000000
-7159614.120655 -0.000000 1452.203390
-7017543.043515 -0.000000 1464.406780
-6875595.064362 -0.000000 1476.610169
-6733878.525203 -0.000000 1488.813559
-6592323.672926 -0.000000 1501.016949
-6451049.895739 -0.000000 1513.220339
-6309983.217783 -0.000000 1525.423729
-6169254.363868 -0.000000 1537.627119
-6028785.168756 -0.000000 1549.830508
-5888718.201706 -0.000000 1562.033898
-5748969.418651 -0.000000 1574.237288
-5609693.530861 -0.000000 1586.440678
-5470795.956519 -0.000000 1598.644068
-5332442.637936 -0.000000 1610.847458
-5194518.568918 -0.000000 1623.050847
-5057196.564001 -0.000000 1635.254237
-4920321.947191 -0.000000 1647.457627
-4784061.565313 -0.000000 1659.661017
-4648184.702129 -0.000000 1671.864407
-4512819.361900 -0.000000 1684.067797
-4377589.650022 -0.000000 1696.271186
-4242504.940400 -0.000000 1708.474576
-4106907.480066 -0.000000 1720.677966
-3970497.195325 -0.000000 1732.881356
-3832046.344138 -0.000000 1745.084746
-3690489.083039 -0.000000 1757.288136
-3543377.483965 -0.000000 1769.491525
-3387789.575983 -0.000000 1781.694915
-3218522.830764 -0.000000 1793.898305
-3028227.211037 -0.000000 1806.101695
-2805303.870398 -0.000000 1818.305085
-2532103.665330 -0.000000 1830.508475
-2182332.690777 -0.000000 1842.711864
-1715513.407430 -0.000000 1854.915254
-1074156.362919 -0.000000 1867.118644
-172911.124825 -0.000000 1879.322034
1091869.116716 0.000000 1891.525424
2869650.464714 0.000000 1903.728814
5175449.225658 0.000000 1915.932203
8354735.377847 0.000000 1928.135593
12138075.905782 0.000000 1940.338983
13671923.447310 0.000000 1952.542373
13535206.742403 0.000000 1964.745763
14208729.772728 0.000000 1976.949153
9536773.242799 0.000000 1989.152542
-5596149.500906 -0.000000 2001.355932
-16522146.090404 -0.000000 2013.559322
-22536243.171180 -0.000000 2025.762712
-57738724.792158 -0.000000 2037.966102
-23205429.804988 -0.000000 2050.169492
-16004191.599975 -0.000000 2062.372881
-13813461.130772 -0.000000 2074.576271
-13955607.543734 -0.000000 2086.779661
-16019543.068223 -0.000000 2098.983051
-18527086.773995 -0.000000 2111.186441
-20632900.165192 -0.000000 2123.389831
-22322769.094237 -0.000000 2135.593220
-23520861.795403 -0.000000 2147.796610
-24264081.644924 -0.000000 2160.000000
-24393217.566866 -0.000000 2172.203390
-24113725.747686 -0.000000 2184.406780
-18578991.209224 -0.000000 2196.610169
-220045864.828159 -0.000000 2208.813559
-145447391.867509 -0.000000 2221.016949
777962.056656 0.000000 2233.220339
6150206.981287 0.000000 2245.423729
10679275.913507 0.000000 2257.627119
11561891.839189 0.000000 2269.830508
10311689.902056 0.000000 2282.033898
7835039.775156 0.000000 2294.237288
5324149.745565 0.000000 2306.440678
3648205.312410 0.000000 2318.644068
3031664.383050 0.000000 2330.847458
3281498.494645 0.000000 2343.050847
4038386.186772 0.000000 2355.254237
5020455.172521 0.000000 2367.457627
6034919.629245 0.000000 2379.661017
6995189.792409 0.000000 2391.864407
7864436.993271 0.000000 2404.067797
8638241.118312 0.000000 2416.271186
9327176.709097 0.000000 2428.474576
9939500.616945 0.000000 2440.677966
10490220.639450 0.000000 2452.881356
10983656.173288 0.000000 2465.084746
11431080.894888 0.000000 2477.288136
11833852.836931 0.000000 2489.491525
12200247.560627 0.000000 2501.694915
12530968.039859 0.000000 2513.898305
12832117.433628 0.000000 2526.101695
13104327.866599 0.000000 2538.305085
13351964.104558 0.000000 2550.508475
13575778.215902 0.000000 2562.711864
13779069.617561 0.000000 2574.915254
13962677.564767 0.000000 2587.118644
14129369.428729 0.000000 2599.322034
14279931.226586 0.000000 2611.525424
14417204.467005 0.000000 2623.728814
14541729.777349 0.000000 2635.932203
14656577.368252 0.000000 2648.135593
14761101.985789 0.000000 2660.338983
14856045.993902 0.000000 2672.542373
14932810.604647 0.000000 2684.745763
14981091.222806 0.000000 2696.949153
14991788.416243 0.000000 2709.152542
14988787.985609 0.000000 2721.355932
15018872.602278 0.000000 2733.559322
15101999.936875 0.000000 2745.762712
15185214.862832 0.000000 2757.966102
15192351.991756 0.000000 2770.169492
15109413.724048 0.000000 2782.372881
15002813.886248 0.000000 2794.576271
14954132.371500 0.000000 2806.779661
14949134.542168 0.000000 2818.983051
14872664.232751 0.000000 2831.186441
14578451.910044 0.000000 2843.389831
13971449.120366 0.000000 2855.593220
12974420.487152 0.000000 2867.796610
11300525.689218 0.000000 2880.000000
8351832.717226 0.000000 2892.203390
4011950.162143 0.000000 2904.406780
885785.295750 0.000000 2916.610169
4038840.495435 0.000000 2928.813559
18271200.673380 0.000000 2941.016949
29920280.819991 0.000000 2953.220339
29970531.502736 0.000000 2965.423729
30048157.957282 0.000000 2977.627119
30808826.259861 0.000000 2989.830508
31205817.418086 0.000000 3002.033898
31363893.805008 0.000000 3014.237288
31249870.493978 0.000000 3026.440678
30714557.505323 0.000000 3038.644068
30467713.545002 0.000000 3050.847458
30260093.489306 0.000000 3063.050847
29876395.112976 0.000000 3075.254237
29552824.585742 0.000000 3087.457627
29268330.382465 0.000000 3099.661017
29058637.891010 0.000000 3111.864407
28917315.251658 0.000000 3124.067797
28813256.246864 0.000000 3136.271186
28723062.440645 0.000000 3148.474576
28635188.918212 0.000000 3160.677966
28543284.630846 0.000000 3172.881356
28454187.452721 0.000000 3185.084746
28379449.999571 0.000000 3197.288136
28355404.603579 0.000000 3209.491525
28426411.456932 0.000000 3221.694915
28706295.899680 0.000000 3233.898305
29103552.410886 0.000000 3246.101695
29056181.543610 0.000000 3258.305085
29591158.633045 0.000000 3270.508475
32013407.920700 0.000000 3282.711864
33984338.411111 0.000000 3294.915254
33947550.854851 0.000000 3307.118644
32743966.139986 0.000000 3319.322034
31394392.601190 0.000000 3331.525424
28557158.398344 0.000000 3343.728814
30178159.158912 0.000000 3355.932203
6415522.023899 0.000000 3368.135593
31528151.949150 0.000000 3380.338983
46064.532744 0.000000 3392.542373
78813.564389 0.000000 3404.745763
111477.986144 0.000000 3416.949153
142811.288209 0.000000 3429.152542
172127.024553 0.000000 3441.355932
198670.994932 0.000000 3453.559322
222103.487186 0.000000 3465.762712
242262.358048 0.000000 3477.966102
259245.114965 0.000000 3490.169492
273261.253634 0.000000 3502.372881
284629.000205 0.000000 3514.576271
293680.452691 0.000000 3526.779661
300758.879761 0.000000 3538.983051
306166.467627 0.000000 3551.186441
310172.548009 0.000000 3563.389831
312988.020204 0.000000 3575.593220
314776.726286 0.000000 3587.796610
315643.899301 0.000000 3600.000000
