13180.147577 0.000000 0.000000
13187.910749 0.000000 12.203390
13203.395484 0.000000 24.406780
13226.838744 0.000000 36.610169
13258.291585 0.000000 48.813559
13297.935917 0.000000 61.016949
13345.980214 0.000000 73.220339
13402.670366 0.000000 85.423729
13468.297447 0.000000 97.627119
13543.173077 0.000000 109.830508
13627.656302 0.000000 122.033898
13722.116370 0.000000 134.237288
13826.969646 0.000000 146.440678
13942.632034 0.000000 158.644068
14069.565823 0.000000 170.847458
14208.222792 0.000000 183.050847
14359.100639 0.000000 195.254237
14522.676943 0.000000 207.457627
14699.475598 0.000000 219.661017
14889.991256 0.000000 231.864407
15094.766660 0.000000 244.067797
15314.307306 0.000000 256.271186
15549.169985 0.000000 268.474576
15799.867361 0.000000 280.677966
16066.969048 0.000000 292.881356
16350.994244 0.000000 305.084746
16652.526484 0.000000 317.288136
16972.094470 0.000000 329.491525
17310.300333 0.000000 341.694915
17667.687982 0.000000 353.898305
18044.886708 0.000000 366.101695
18442.464000 0.000000 378.305085
18861.086419 0.000000 390.508475
19301.356906 0.000000 402.711864
19763.992618 0.000000 414.915254
20249.644567 0.000000 427.118644
20759.096481 0.000000 439.322034
21293.062714 0.000000 451.525424
21852.409689 0.000000 463.728814
22437.932121 0.000000 475.932203
23050.597469 0.000000 488.135593
23691.297169 0.000000 500.338983
24361.119527 0.000000 512.542373
25061.070647 0.000000 524.745763
25792.378668 0.000000 536.949153
26556.182911 0.000000 549.152542
27353.871800 0.000000 561.355932
28186.734454 0.000000 573.559322
29056.340149 0.000000 585.762712
29964.146747 0.000000 597.966102
30911.924195 0.000000 610.169492
31901.315602 0.000000 622.372881
32934.313195 0.000000 634.576271
34012.762518 0.000000 646.779661
35138.898983 0.000000 658.983051
36314.788383 0.000000 671.186441
37542.931762 0.000000 683.389831
38825.632473 0.000000 695.593220
40165.681625 0.000000 707.796610
41565.639290 0.000000 720.000000
43028.613081 0.000000 732.203390
44557.440920 0.000000 744.406780
46155.576574 0.000000 756.610169
47826.158250 0.000000 768.813559
49573.020505 0.000000 781.016949
51399.627666 0.000000 793.220339
53310.232883 0.000000 805.423729
55308.656568 0.000000 817.627119
57399.614423 0.000000 829.830508
59587.313093 0.000000 842.033898
61876.979866 0.000000 854.237288
64273.242839 0.000000 866.440678
66781.894536 0.000000 878.644068
69408.020229 0.000000 890.847458
72158.035841 0.000000 903.050847
75037.521186 0.000000 915.254237
78053.578193 0.000000 927.457627
81212.315853 0.000000 939.661017
84521.588419 0.000000 951.864407
87988.067686 0.000000 964.067797
91620.428347 0.000000 976.271186
95425.934173 0.000000 988.474576
99414.148532 0.000000 1000.677966
103592.949191 0.000000 1012.881356
107972.859384 0.000000 1025.084746
112562.383983 0.000000 1037.288136
117373.073139 0.000000 1049.491525
122414.059304 0.000000 1061.694915
127697.986713 0.000000 1073.898305
133234.602103 0.000000 1086.101695
139037.704975 0.000000 1098.305085
145117.623489 0.000000 1110.508475
151489.370178 0.000000 1122.711864
158163.800537 0.000000 1134.915254
165157.188780 0.000000 1147.118644
172480.835734 0.000000 1159.322034
180152.316768 0.000000 1171.525424
188183.265995 0.000000 1183.728814
196592.584567 0.000000 1195.932203
205392.090638 0.000000 1208.135593
214602.016956 0.000000 1220.338983
224234.169192 0.000000 1232.542373
234310.087823 0.000000 1244.745763
244841.317369 0.000000 1256.949153
255850.636463 0.000000 1269.152542
267349.002624 0.000000 1281.355932
279360.290703 0.000000 1293.559322
291894.445357 0.000000 1305.762712
304976.170482 0.000000 1317.966102
318613.816427 0.000000 1330.169492
332832.437338 0.000000 1342.372881
347637.955439 0.000000 1354.576271
363054.925457 0.000000 1366.779661
379085.575514 0.000000 1378.983051
395752.450699 0.000000 1391.186441
413052.059350 0.000000 1403.389831
431002.239915 0.000000 1415.593220
449590.346212 0.000000 1427.796610
468824.680509 0.000000 1440.000000
488677.395338 0.000000 1452.203390
509138.503455 0.000000 1464.406780
530153.983301 0.000000 1476.610169
551679.557416 0.000000 1488.813559
573614.656898 0.000000 1501.016949
595851.135150 0.000000 1513.220339
618203.491941 0.000000 1525.423729
640444.533573 0.000000 1537.627119
662230.968154 0.000000 1549.830508
683113.345084 0.000000 1562.033898
702453.283047 0.000000 1574.237288
719389.368803 0.000000 1586.440678
732739.911668 0.000000 1598.644068
740907.796077 0.000000 1610.847458
741779.733072 0.000000 1623.050847
732606.212691 0.000000 1635.254237
710037.627682 0.000000 1647.457627
670288.553253 0.000000 1659.661017
609903.180023 0.000000 1671.864407
527028.135692 0.000000 1684.067797
423536.594518 0.000000 1696.271186
306822.830628 0.000000 1708.474576
190330.149540 0.000000 1720.677966
90888.521245 0.000000 1732.881356
20104421.239537 0.000000 1745.084746
-1074309.491193 -0.000000 1757.288136
-5132303.792288 -0.000000 1769.491525
-8825901.374831 -0.000000 1781.694915
-9236754.415882 -0.000000 1793.898305
-7470854.343446 -0.000000 1806.101695
-4308333.206862 -0.000000 1818.305085
-475478.393328 -0.000000 1830.508475
3475524.221617 0.000000 1842.711864
7029680.752090 0.000000 1854.915254
9912110.623725 0.000000 1867.118644
12031943.007359 0.000000 1879.322034
10431925.755829 0.000000 1891.525424
-1515310.621388 -0.000000 1903.728814
-14619266.225018 -0.000000 1915.932203
-20916548.555298 -0.000000 1928.135593
-75060810.606505 -0.000000 1940.338983
-24396481.441495 -0.000000 1952.542373
-16001372.559564 -0.000000 1964.745763
-13714221.404814 -0.000000 1976.949153
-13508445.705098 -0.000000 1989.152542
-14920832.394442 -0.000000 2001.355932
-16965718.818938 -0.000000 2013.559322
-18974165.482678 -0.000000 2025.762712
-20863906.132278 -0.000000 2037.966102
-22494697.277662 -0.000000 2050.169492
-23867261.483880 -0.000000 2062.372881
-25069510.285956 -0.000000 2074.576271
-26178555.043371 -0.000000 2086.779661
-27025383.827810 -0.000000 2098.983051
-27704972.313935 -0.000000 2111.186441
-24101945.760279 -0.000000 2123.389831
-59255092.914802 -0.000000 2135.593220
-581564870.594087 -0.000000 2147.796610
-10640557.305715 -0.000000 2160.000000
-4471994.032357 -0.000000 2172.203390
-5628250.854717 -0.000000 2184.406780
-5849914.208937 -0.000000 2196.610169
-6026094.613213 -0.000000 2208.813559
-5872213.742323 -0.000000 2221.016949
-5136903.218071 -0.000000 2233.220339
-3899723.067787 -0.000000 2245.423729
-2298074.886545 -0.000000 2257.627119
-554963.575141 -0.000000 2269.830508
1117185.254344 0.000000 2282.033898
2621769.644109 0.000000 2294.237288
3929242.037398 0.000000 2306.440678
5067672.175384 0.000000 2318.644068
6060785.735150 0.000000 2330.847458
6938356.320247 0.000000 2343.050847
7708704.646595 0.000000 2355.254237
8388559.272752 0.000000 2367.457627
9002886.208369 0.000000 2379.661017
9588229.010611 0.000000 2391.864407
10153117.108320 0.000000 2404.067797
10675515.548118 0.000000 2416.271186
11135426.957664 0.000000 2428.474576
11531155.344611 0.000000 2440.677966
11874744.762336 0.000000 2452.881356
12175470.513338 0.000000 2465.084746
12441258.121490 0.000000 2477.288136
12675507.772486 0.000000 2489.491525
12881989.415671 0.000000 2501.694915
13063484.380236 0.000000 2513.898305
13222450.983856 0.000000 2526.101695
13362529.413450 0.000000 2538.305085
13485217.840804 0.000000 2550.508475
13594956.361978 0.000000 2562.711864
13691725.664739 0.000000 2574.915254
13778968.076106 0.000000 2587.118644
13851571.526349 0.000000 2599.322034
13905737.694794 0.000000 2611.525424
13930844.592053 0.000000 2623.728814
13934852.041780 0.000000 2635.932203
13939031.894248 0.000000 2648.135593
13964142.155190 0.000000 2660.338983
13981550.215334 0.000000 2672.542373
13927611.810312 0.000000 2684.745763
13727716.833873 0.000000 2696.949153
13307344.999200 0.000000 2709.152542
12579880.147119 0.000000 2721.355932
11426859.064751 0.000000 2733.559322
9606613.627436 0.000000 2745.762712
6748090.664723 0.000000 2757.966102
2961512.314450 0.000000 2770.169492
634321.700798 0.000000 2782.372881
3693744.949917 0.000000 2794.576271
17159146.567105 0.000000 2806.779661
29258161.438442 0.000000 2818.983051
29612181.580473 0.000000 2831.186441
29712906.198055 0.000000 2843.389831
30444473.182662 0.000000 2855.593220
30749927.115577 0.000000 2867.796610
30896171.852150 0.000000 2880.000000
30779341.648922 0.000000 2892.203390
30286792.834906 0.000000 2904.406780
30106710.008083 0.000000 2916.610169
29879524.919647 0.000000 2928.813559
29508505.407956 0.000000 2941.016949
29183790.372284 0.000000 2953.220339
28867296.390167 0.000000 2965.423729
28629367.140176 0.000000 2977.627119
28466981.906169 0.000000 2989.830508
28363126.576497 0.000000 3002.033898
28285051.887039 0.000000 3014.237288
28209308.790473 0.000000 3026.440678
28123025.989399 0.000000 3038.644068
28036429.884426 0.000000 3050.847458
27970793.040434 0.000000 3063.050847
27977041.376064 0.000000 3075.254237
28094207.908603 0.000000 3087.457627
28427842.299341 0.000000 3099.661017
28841717.493898 0.000000 3111.864407
28833098.583987 0.000000 3124.067797
29363192.463465 0.000000 3136.271186
31648042.041156 0.000000 3148.474576
33524585.822074 0.000000 3160.677966
33474881.587457 0.000000 3172.881356
32203371.783200 0.000000 3185.084746
30829982.386262 0.000000 3197.288136
28073694.557078 0.000000 3209.491525
30695244.579403 0.000000 3221.694915
7644309.080817 0.000000 3233.898305
15120654.041907 0.000000 3246.101695
15744.424912 0.000000 3258.305085
29084.388953 0.000000 3270.508475
43361.046260 0.000000 3282.711864
57600.726243 0.000000 3294.915254
71353.780330 0.000000 3307.118644
84015.301794 0.000000 3319.322034
95288.276016 0.000000 3331.525424
104968.134219 0.000000 3343.728814
113035.461076 0.000000 3355.932203
119546.783129 0.000000 3368.135593
124645.480564 0.000000 3380.338983
128495.384387 0.000000 3392.542373
131284.753906 0.000000 3404.745763
133187.988806 0.000000 3416.949153
134375.711138 0.000000 3429.152542
134992.960500 0.000000 3441.355932
135172.948607 0.000000 3453.559322
135023.531409 0.000000 3465.762712
134641.171973 0.000000 3477.966102
134101.380533 0.000000 3490.169492
133471.045845 0.000000 3502.372881
132801.034949 0.000000 3514.576271
132136.246171 0.000000 3526.779661
131509.764289 0.000000 3538.983051
130950.528716 0.000000 3551.186441
130478.920266 0.000000 3563.389831
130112.102572 0.000000 3575.593220
129861.151111 0.000000 3587.796610
129733.898451 0.000000 3600.000000
