305061.285164 0.000000 0.000000
305998.504871 0.000000 12.203390
307874.042660 0.000000 24.406780
310691.322330 0.000000 36.610169
314453.745206 0.000000 48.813559
319167.624870 0.000000 61.016949
324838.473744 0.000000 73.220339
331475.077430 0.000000 85.423729
339084.419335 0.000000 97.627119
347676.739767 0.000000 109.830508
357259.367661 0.000000 122.033898
367842.162055 0.000000 134.237288
379430.672750 0.000000 146.440678
392031.131937 0.000000 158.644068
405643.352011 0.000000 170.847458
420264.186620 0.000000 183.050847
435880.409921 0.000000 195.254237
452469.228225 0.000000 207.457627
469990.948484 0.000000 219.661017
488384.610443 0.000000 231.864407
507559.363592 0.000000 244.067797
527382.383947 0.000000 256.271186
547666.245392 0.000000 268.474576
568144.692248 0.000000 280.677966
588450.598375 0.000000 292.881356
608072.720700 0.000000 305.084746
626315.531941 0.000000 317.288136
642228.433475 0.000000 329.491525
654539.698030 0.000000 341.694915
661560.003674 0.000000 353.898305
661111.904063 0.000000 366.101695
650477.963731 0.000000 378.305085
626482.824563 0.000000 390.508475
585787.592079 0.000000 402.711864
525598.527608 0.000000 414.915254
444878.805543 0.000000 427.118644
346015.957424 0.000000 439.322034
236364.170332 0.000000 451.525424
128577.025146 0.000000 463.728814
6807287.904092 0.000000 475.932203
-1542597.941480 -0.000000 488.135593
-8071686.034080 -0.000000 500.338983
-13674287.177751 -0.000000 512.542373
-13395965.393744 -0.000000 524.745763
-13054221.511555 -0.000000 536.949153
-12946147.865014 -0.000000 549.152542
-12940157.672322 -0.000000 561.355932
-12941919.426476 -0.000000 573.559322
-12894347.188676 -0.000000 585.762712
-12778918.510194 -0.000000 597.966102
-12666168.934582 -0.000000 610.169492
-12636030.183183 -0.000000 622.372881
-12717807.435418 -0.000000 634.576271
-12797581.707466 -0.000000 646.779661
-12820306.936002 -0.000000 658.983051
-12826073.562567 -0.000000 671.186441
-12825878.172968 -0.000000 683.389831
-12823673.449356 -0.000000 695.593220
-12822114.537989 -0.000000 707.796610
-12819439.864399 -0.000000 720.000000
-12811221.013950 -0.000000 732.203390
-12793789.883762 -0.000000 744.406780
-12758483.819387 -0.000000 756.610169
-12722088.280018 -0.000000 768.813559
-12684842.692811 -0.000000 781.016949
-12645158.824917 -0.000000 793.220339
-12589687.038866 -0.000000 805.423729
-12502922.137482 -0.000000 817.627119
-12403406.436657 -0.000000 829.830508
-12290571.514228 -0.000000 842.033898
-12166566.995443 -0.000000 854.237288
-12044918.378699 -0.000000 866.440678
-11923921.928764 -0.000000 878.644068
-11803223.065793 -0.000000 890.847458
-11679711.230618 -0.000000 903.050847
-11551623.336073 -0.000000 915.254237
-11418493.217367 -0.000000 927.457627
-11281830.468858 -0.000000 939.661017
-11143497.429589 -0.000000 951.864407
-11005103.491086 -0.000000 964.067797
-10867423.713942 -0.000000 976.271186
-10730690.076094 -0.000000 988.474576
-10594825.677900 -0.000000 1000.677966
-10459604.565801 -0.000000 1012.881356
-10324863.530973 -0.000000 1025.084746
-10190325.269948 -0.000000 1037.288136
-10055881.846525 -0.000000 1049.491525
-9921229.892722 -0.000000 1061.694915
-9786307.159400 -0.000000 1073.898305
-9650781.060058 -0.000000 1086.101695
-9514653.872833 -0.000000 1098.305085
-9377657.456892 -0.000000 1110.508475
-9240094.096423 -0.000000 1122.711864
-9102237.694782 -0.000000 1134.915254
-8965328.741664 -0.000000 1147.118644
-8830557.248050 -0.000000 1159.322034
-8699346.797281 -0.000000 1171.525424
-8571389.093135 -0.000000 1183.728814
-8445104.450869 -0.000000 1195.932203
-8317323.760860 -0.000000 1208.135593
-8185977.001559 -0.000000 1220.338983
-8050290.138497 -0.000000 1232.542373
-7911713.510644 -0.000000 1244.745763
-7771801.100319 -0.000000 1256.949153
-7632256.180987 -0.000000 1269.152542
-7493569.027551 -0.000000 1281.355932
-7356158.703308 -0.000000 1293.559322
-7219681.103932 -0.000000 1305.762712
-7084166.527408 -0.000000 1317.966102
-6949203.956615 -0.000000 1330.169492
-6814839.720965 -0.000000 1342.372881
-6680748.138814 -0.000000 1354.576271
-6547022.573834 -0.000000 1366.779661
-6413418.943849 -0.000000 1378.983051
-6280060.897101 -0.000000 1391.186441
-6146767.079445 -0.000000 1403.389831
-6013669.180609 -0.000000 1415.593220
-5880627.513532 -0.000000 1427.796610
-5747761.015644 -0.000000 1440.000000
-5614952.747113 -0.000000 1452.203390
-5482289.913528 -0.000000 1464.406780
-5349659.206984 -0.000000 1476.610169
-5217096.203718 -0.000000 1488.813559
-5084471.520214 -0.000000 1501.016949
-4951753.231902 -0.000000 1513.220339
-4818786.919070 -0.000000 1525.423729
-4685480.886483 -0.000000 1537.627119
-4551691.595319 -0.000000 1549.830508
-4417375.246994 -0.000000 1562.033898
-4282647.432223 -0.000000 1574.237288
-4147989.140580 -0.000000 1586.440678
-4014408.978421 -0.000000 1598.644068
-3883280.171272 -0.000000 1610.847458
-3755774.417598 -0.000000 1623.050847
-3631802.889783 -0.000000 1635.254237
-3509598.632336 -0.000000 1647.457627
-3386275.166208 -0.000000 1659.661017
-3259567.192770 -0.000000 1671.864407
-3128886.024947 -0.000000 1684.067797
-2995346.767416 -0.000000 1696.271186
-2860543.897423 -0.000000 1708.474576
-2725728.425864 -0.000000 1720.677966
-2591282.496898 -0.000000 1732.881356
-2456962.156671 -0.000000 1745.084746
-2321974.874900 -0.000000 1757.288136
-2185148.554395 -0.000000 1769.491525
-2044853.049782 -0.000000 1781.694915
-1898666.733098 -0.000000 1793.898305
-1743306.048883 -0.000000 1806.101695
-1573436.772317 -0.000000 1818.305085
-1381778.427968 -0.000000 1830.508475
-1156090.586363 -0.000000 1842.711864
-879444.994437 -0.000000 1854.915254
-523639.480145 -0.000000 1867.118644
-49499.405287 -0.000000 1879.322034
605182.151306 0.000000 1891.525424
1522080.877774 0.000000 1903.728814
2811994.533841 0.000000 1915.932203
4599519.022193 0.000000 1928.135593
6847726.243362 0.000000 1940.338983
10149823.649907 0.000000 1952.542373
13205074.397701 0.000000 1964.745763
13504555.140701 0.000000 1976.949153
13537005.980781 0.000000 1989.152542
13811006.442311 0.000000 2001.355932
7290749.405313 0.000000 2013.559322
-7954362.579990 -0.000000 2025.762712
-18773956.637502 -0.000000 2037.966102
-32925911.297311 -0.000000 2050.169492
-45423563.423834 -0.000000 2062.372881
-20870039.965973 -0.000000 2074.576271
-15237737.069711 -0.000000 2086.779661
-13593974.000162 -0.000000 2098.983051
-14015294.568590 -0.000000 2111.186441
-15854587.824150 -0.000000 2123.389831
-17697547.896031 -0.000000 2135.593220
-19141369.988273 -0.000000 2147.796610
-20225770.797155 -0.000000 2160.000000
-20958675.239550 -0.000000 2172.203390
-21192318.920008 -0.000000 2184.406780
-21125200.571791 -0.000000 2196.610169
-17570202.078574 -0.000000 2208.813559
-131298145.408139 -0.000000 2221.016949
-174977957.675531 -0.000000 2233.220339
-1615227.790208 -0.000000 2245.423729
30045992.727294 0.000000 2257.627119
18965830.639035 0.000000 2269.830508
18353784.913992 0.000000 2282.033898
21898091.167344 0.000000 2294.237288
19142270.186644 0.000000 2306.440678
11119389.846951 0.000000 2318.644068
6398875.482199 0.000000 2330.847458
2412856.832863 0.000000 2343.050847
913909.166201 0.000000 2355.254237
1056409.881117 0.000000 2367.457627
2033760.961932 0.000000 2379.661017
3281841.753086 0.000000 2391.864407
4509014.887362 0.000000 2404.067797
5596074.220081 0.000000 2416.271186
6521233.809058 0.000000 2428.474576
7300496.098465 0.000000 2440.677966
7963998.743565 0.000000 2452.881356
8536946.393009 0.000000 2465.084746
9042086.986495 0.000000 2477.288136
9492148.528672 0.000000 2489.491525
9899293.662784 0.000000 2501.694915
10268006.800250 0.000000 2513.898305
10605012.676169 0.000000 2526.101695
10911646.401012 0.000000 2538.305085
11192633.555058 0.000000 2550.508475
11448746.095738 0.000000 2562.711864
11683826.984977 0.000000 2574.915254
11898574.100692 0.000000 2587.118644
12095878.851237 0.000000 2599.322034
12276483.625087 0.000000 2611.525424
12442484.158795 0.000000 2623.728814
12595073.703753 0.000000 2635.932203
12735713.812088 0.000000 2648.135593
12866173.306981 0.000000 2660.338983
12987054.044042 0.000000 2672.542373
13100356.061477 0.000000 2684.745763
13205374.903139 0.000000 2696.949153
13303042.239656 0.000000 2709.152542
13388395.618666 0.000000 2721.355932
13455508.247584 0.000000 2733.559322
13494467.095849 0.000000 2745.762712
13509411.176312 0.000000 2757.966102
13519957.844677 0.000000 2770.169492
13546457.631280 0.000000 2782.372881
13586595.195373 0.000000 2794.576271
13632014.895244 0.000000 2806.779661
13683513.045637 0.000000 2818.983051
13714441.476830 0.000000 2831.186441
13670341.113227 0.000000 2843.389831
13470543.466890 0.000000 2855.593220
13032315.199086 0.000000 2867.796610
12242082.517147 0.000000 2880.000000
11001224.357244 0.000000 2892.203390
9106905.495709 0.000000 2904.406780
6289651.010563 0.000000 2916.610169
2707545.342268 0.000000 2928.813559
502316.742379 0.000000 2941.016949
2952284.150282 0.000000 2953.220339
15394994.789135 0.000000 2965.423729
28574354.848507 0.000000 2977.627119
30009751.066754 0.000000 2989.830508
30100016.328770 0.000000 3002.033898
30741708.914423 0.000000 3014.237288
31070433.323259 0.000000 3026.440678
31273143.650996 0.000000 3038.644068
31187457.300579 0.000000 3050.847458
30689063.755235 0.000000 3063.050847
30459670.496490 0.000000 3075.254237
30181138.853993 0.000000 3087.457627
29781067.325073 0.000000 3099.661017
29451817.342521 0.000000 3111.864407
29143589.769850 0.000000 3124.067797
28923708.318572 0.000000 3136.271186
28776281.303016 0.000000 3148.474576
28679860.983608 0.000000 3160.677966
28601558.645721 0.000000 3172.881356
28527750.236376 0.000000 3185.084746
28449715.693703 0.000000 3197.288136
28382558.536972 0.000000 3209.491525
28343886.022337 0.000000 3221.694915
28370228.291814 0.000000 3233.898305
28491158.570883 0.000000 3246.101695
28802928.892978 0.000000 3258.305085
29207686.992502 0.000000 3270.508475
29211882.088032 0.000000 3282.711864
29690004.448240 0.000000 3294.915254
31870954.269147 0.000000 3307.118644
33817466.607488 0.000000 3319.322034
33894620.177277 0.000000 3331.525424
32719148.697416 0.000000 3343.728814
31319446.756050 0.000000 3355.932203
28511747.309085 0.000000 3368.135593
31293968.814889 0.000000 3380.338983
7670747.866443 0.000000 3392.542373
32303118.201060 0.000000 3404.745763
30145.744111 0.000000 3416.949153
51281.839017 0.000000 3429.152542
71981.845527 0.000000 3441.355932
91521.133665 0.000000 3453.559322
109619.073114 0.000000 3465.762712
125861.026820 0.000000 3477.966102
140106.356895 0.000000 3490.169492
152286.586336 0.000000 3502.372881
162485.919657 0.000000 3514.576271
170837.800958 0.000000 3526.779661
177532.512883 0.000000 3538.983051
182757.869274 0.000000 3551.186441
186699.576669 0.000000 3563.389831
189510.992373 0.000000 3575.593220
191316.427082 0.000000 3587.796610
192197.714397 0.000000 3600.000000
