7894.336865 0.000000 0.000000
7931.295941 0.000000 12.203390
8005.367235 0.000000 24.406780
8116.846917 0.000000 36.610169
8266.361586 0.000000 48.813559
8454.240858 0.000000 61.016949
8681.660376 0.000000 73.220339
8949.103883 0.000000 85.423729
9258.253506 0.000000 97.627119
9609.764516 0.000000 109.830508
10005.847468 0.000000 122.033898
10447.341011 0.000000 134.237288
10937.018308 0.000000 146.440678
11475.912558 0.000000 158.644068
12067.400417 0.000000 170.847458
12712.721868 0.000000 183.050847
13415.905292 0.000000 195.254237
14178.409732 0.000000 207.457627
15004.970830 0.000000 219.661017
15897.278482 0.000000 231.864407
16860.838494 0.000000 244.067797
17897.583271 0.000000 256.271186
19013.859778 0.000000 268.474576
20211.853585 0.000000 280.677966
21498.833593 0.000000 292.881356
22877.248313 0.000000 305.084746
24355.378161 0.000000 317.288136
25935.944024 0.000000 329.491525
27628.339027 0.000000 341.694915
29435.563687 0.000000 353.898305
31368.237724 0.000000 366.101695
33429.646931 0.000000 378.305085
35631.763151 0.000000 390.508475
37978.161120 0.000000 402.711864
40482.305131 0.000000 414.915254
43148.057113 0.000000 427.118644
45990.529040 0.000000 439.322034
49013.864939 0.000000 451.525424
52234.992981 0.000000 463.728814
55658.327636 0.000000 475.932203
59302.799083 0.000000 488.135593
63173.070994 0.000000 500.338983
67290.277613 0.000000 512.542373
71659.303400 0.000000 524.745763
76303.703804 0.000000 536.949153
81228.545238 0.000000 549.152542
86460.040520 0.000000 561.355932
92003.387236 0.000000 573.559322
97887.709029 0.000000 585.762712
104118.276067 0.000000 597.966102
110727.393470 0.000000 610.169492
117720.334754 0.000000 622.372881
125132.875904 0.000000 634.576271
132970.218798 0.000000 646.779661
141271.913947 0.000000 658.983051
150043.014149 0.000000 671.186441
159327.158930 0.000000 683.389831
169129.174377 0.000000 695.593220
179497.107359 0.000000 707.796610
190435.488038 0.000000 720.000000
201997.076571 0.000000 732.203390
214186.046448 0.000000 744.406780
227060.140755 0.000000 756.610169
240623.130156 0.000000 768.813559
254937.936953 0.000000 781.016949
270007.889063 0.000000 793.220339
285901.144529 0.000000 805.423729
302620.534998 0.000000 817.627119
320239.274027 0.000000 829.830508
338759.571365 0.000000 842.033898
358259.114081 0.000000 854.237288
378739.181078 0.000000 866.440678
400280.683267 0.000000 878.644068
422883.236887 0.000000 890.847458
446628.617117 0.000000 903.050847
471513.164698 0.000000 915.254237
497615.298640 0.000000 927.457627
524924.722730 0.000000 939.661017
553509.102335 0.000000 951.864407
583344.762160 0.000000 964.067797
614475.703498 0.000000 976.271186
646851.674478 0.000000 988.474576
680470.319472 0.000000 1000.677966
715229.387285 0.000000 1012.881356
751039.805010 0.000000 1025.084746
787698.827200 0.000000 1037.288136
824957.962600 0.000000 1049.491525
862422.271504 0.000000 1061.694915
899552.014020 0.000000 1073.898305
935589.331985 0.000000 1086.101695
969466.862708 0.000000 1098.305085
999758.495623 0.000000 1110.508475
1024469.230197 0.000000 1122.711864
1041018.282534 0.000000 1134.915254
1045930.675492 0.000000 1147.118644
1034966.512275 0.000000 1159.322034
1002968.284523 0.000000 1171.525424
944654.317766 0.000000 1183.728814
855449.547967 0.000000 1195.932203
733899.856421 0.000000 1208.135593
583909.811074 0.000000 1220.338983
417423.560304 0.000000 1232.542373
253972.823489 0.000000 1244.745763
117590.430992 0.000000 1256.949153
455060251.043110 0.000000 1269.152542
-3121082.776039 -0.000000 1281.355932
-9579501.676873 -0.000000 1293.559322
-13061386.326875 -0.000000 1305.762712
-13334564.930283 -0.000000 1317.966102
-13031045.917478 -0.000000 1330.169492
-12980425.073124 -0.000000 1342.372881
-12989245.108535 -0.000000 1354.576271
-12904316.025695 -0.000000 1366.779661
-12544849.166659 -0.000000 1378.983051
-12175870.586938 -0.000000 1391.186441
-12049513.104690 -0.000000 1403.389831
-11888245.533366 -0.000000 1415.593220
-11672102.133419 -0.000000 1427.796610
-11474090.501581 -0.000000 1440.000000
-11261079.946482 -0.000000 1452.203390
-11039133.906352 -0.000000 1464.406780
-10796254.822418 -0.000000 1476.610169
-10537303.106005 -0.000000 1488.813559
-10311494.350144 -0.000000 1501.016949
-10154831.534594 -0.000000 1513.220339
-10026338.371844 -0.000000 1525.423729
-9867606.555206 -0.000000 1537.627119
-9671500.773166 -0.000000 1549.830508
-9443585.497259 -0.000000 1562.033898
-9200199.978890 -0.000000 1574.237288
-8956258.736471 -0.000000 1586.440678
-8726619.185227 -0.000000 1598.644068
-8507580.362148 -0.000000 1610.847458
-8292974.984727 -0.000000 1623.050847
-8078362.594715 -0.000000 1635.254237
-7865301.048834 -0.000000 1647.457627
-7650376.903578 -0.000000 1659.661017
-7427315.290037 -0.000000 1671.864407
-7190956.930617 -0.000000 1684.067797
-6935974.747835 -0.000000 1696.271186
-6657944.269575 -0.000000 1708.474576
-6343793.415362 -0.000000 1720.677966
-5975386.387813 -0.000000 1732.881356
-5516030.175979 -0.000000 1745.084746
-4920173.946901 -0.000000 1757.288136
-4115488.273911 -0.000000 1769.491525
-3019990.853539 -0.000000 1781.694915
-1517169.685724 -0.000000 1793.898305
506993.555819 0.000000 1806.101695
3164627.111189 0.000000 1818.305085
6416585.199953 0.000000 1830.508475
10380219.799063 0.000000 1842.711864
13268835.577486 0.000000 1854.915254
13567318.831519 0.000000 1867.118644
13906698.284274 0.000000 1879.322034
9155414.984809 0.000000 1891.525424
-5480977.326544 -0.000000 1903.728814
-15823461.352466 -0.000000 1915.932203
-23742485.770691 -0.000000 1928.135593
-54425260.932595 -0.000000 1940.338983
-23095890.147099 -0.000000 1952.542373
-15981828.089970 -0.000000 1964.745763
-13804845.289784 -0.000000 1976.949153
-13750494.053127 -0.000000 1989.152542
-15853731.873203 -0.000000 2001.355932
-19049753.822590 -0.000000 2013.559322
-22386837.575842 -0.000000 2025.762712
-25684885.624431 -0.000000 2037.966102
-28849552.649772 -0.000000 2050.169492
-31911156.721982 -0.000000 2062.372881
-35332603.164228 -0.000000 2074.576271
-38657962.597284 -0.000000 2086.779661
-27870996.196735 -0.000000 2098.983051
-923470367.773461 -0.000000 2111.186441
-48773198.069213 -0.000000 2123.389831
2566400.208056 0.000000 2135.593220
4286064.042425 0.000000 2147.796610
2238998248.930124 0.000000 2160.000000
12189579.550814 0.000000 2172.203390
13357355.369871 0.000000 2184.406780
21474250.118243 0.000000 2196.610169
36445606.846455 0.000000 2208.813559
54295467.697659 0.000000 2221.016949
17340094.482612 0.000000 2233.220339
10251857.672986 0.000000 2245.423729
5747144.784825 0.000000 2257.627119
651953.691893 0.000000 2269.830508
-2542006.801586 -0.000000 2282.033898
-3809418.422344 -0.000000 2294.237288
-3721892.196974 -0.000000 2306.440678
-2846735.728304 -0.000000 2318.644068
-1648881.221602 -0.000000 2330.847458
-407979.469072 -0.000000 2343.050847
746032.599755 0.000000 2355.254237
1776960.077375 0.000000 2367.457627
2682331.855633 0.000000 2379.661017
3457889.034899 0.000000 2391.864407
4112911.984082 0.000000 2404.067797
4665072.592642 0.000000 2416.271186
5139001.907316 0.000000 2428.474576
5551832.828913 0.000000 2440.677966
5917373.140707 0.000000 2452.881356
6243405.193418 0.000000 2465.084746
6536729.528963 0.000000 2477.288136
6801341.060165 0.000000 2489.491525
7041575.946258 0.000000 2501.694915
7258690.080975 0.000000 2513.898305
7453920.644883 0.000000 2526.101695
7620771.385939 0.000000 2538.305085
7753134.150410 0.000000 2550.508475
7845219.159877 0.000000 2562.711864
7920477.673167 0.000000 2574.915254
8015684.703483 0.000000 2587.118644
8157915.868696 0.000000 2599.322034
8321536.938221 0.000000 2611.525424
8473067.196479 0.000000 2623.728814
8592096.834323 0.000000 2635.932203
8687474.375960 0.000000 2648.135593
8767643.292559 0.000000 2660.338983
8841812.624930 0.000000 2672.542373
8912655.688544 0.000000 2684.745763
8980559.788912 0.000000 2696.949153
9044332.801968 0.000000 2709.152542
9092744.546542 0.000000 2721.355932
9114302.536665 0.000000 2733.559322
9093658.494051 0.000000 2745.762712
9049680.151140 0.000000 2757.966102
9008059.812694 0.000000 2770.169492
8968594.756232 0.000000 2782.372881
8835947.229365 0.000000 2794.576271
8475030.201029 0.000000 2806.779661
7742732.776891 0.000000 2818.983051
6527197.893453 0.000000 2831.186441
4731809.326002 0.000000 2843.389831
2330044.921345 0.000000 2855.593220
-360956.788636 -0.000000 2867.796610
-2228006.312248 -0.000000 2880.000000
-994691.113770 -0.000000 2892.203390
7454022.012687 0.000000 2904.406780
21411079.364477 0.000000 2916.610169
29423298.799122 0.000000 2928.813559
29965566.582009 0.000000 2941.016949
29841382.763112 0.000000 2953.220339
30248747.434404 0.000000 2965.423729
30625448.378068 0.000000 2977.627119
30325724.205788 0.000000 2989.830508
29866702.858775 0.000000 3002.033898
29685729.475717 0.000000 3014.237288
29323928.811135 0.000000 3026.440678
28966182.334303 0.000000 3038.644068
28667174.659503 0.000000 3050.847458
28372717.524396 0.000000 3063.050847
28169326.367027 0.000000 3075.254237
28012730.555121 0.000000 3087.457627
27894765.999046 0.000000 3099.661017
27798984.272150 0.000000 3111.864407
27714849.594352 0.000000 3124.067797
27641002.874253 0.000000 3136.271186
27578883.108187 0.000000 3148.474576
27550869.175060 0.000000 3160.677966
27572802.610024 0.000000 3172.881356
27681745.745123 0.000000 3185.084746
27919138.750874 0.000000 3197.288136
28368852.200518 0.000000 3209.491525
28707946.597199 0.000000 3221.694915
28689091.843333 0.000000 3233.898305
30035279.576185 0.000000 3246.101695
32584832.473144 0.000000 3258.305085
33388157.654248 0.000000 3270.508475
32256370.411768 0.000000 3282.711864
30147268.947410 0.000000 3294.915254
28243058.352660 0.000000 3307.118644
27520683.630900 0.000000 3319.322034
20587202.656105 0.000000 3331.525424
-1018137.204564 -0.000000 3343.728814
-5141542.673847 -0.000000 3355.932203
-19061.682838 -0.000000 3368.135593
-31991.473309 -0.000000 3380.338983
-45398.244045 -0.000000 3392.542373
-58856.139123 -0.000000 3404.745763
-71663.396533 -0.000000 3416.949153
-83461.446447 -0.000000 3429.152542
-93948.023129 -0.000000 3441.355932
-103005.381073 -0.000000 3453.559322
-110619.443234 -0.000000 3465.762712
-116868.634534 -0.000000 3477.966102
-121887.315453 -0.000000 3490.169492
-125834.002511 -0.000000 3502.372881
-128878.957290 -0.000000 3514.576271
-131180.259042 -0.000000 3526.779661
-132885.700492 -0.000000 3538.983051
-134118.364890 -0.000000 3551.186441
-134983.931698 -0.000000 3563.389831
-135562.510954 -0.000000 3575.593220
-135915.609680 -0.000000 3587.796610
-136082.164544 -0.000000 3600.000000
