19953.863112 0.000000 0.000000
20045.499995 0.000000 12.203390
20228.854021 0.000000 24.406780
20505.036807 0.000000 36.610169
20874.476179 0.000000 48.813559
21339.096094 0.000000 61.016949
21899.742246 0.000000 73.220339
22559.297494 0.000000 85.423729
23318.948497 0.000000 97.627119
24182.568991 0.000000 109.830508
25151.673639 0.000000 122.033898
26231.157833 0.000000 134.237288
27422.854996 0.000000 146.440678
28732.718545 0.000000 158.644068
30162.889474 0.000000 170.847458
31720.423914 0.000000 183.050847
33407.758128 0.000000 195.254237
35233.103824 0.000000 207.457627
37199.179241 0.000000 219.661017
39315.412610 0.000000 231.864407
41584.790115 0.000000 244.067797
44018.026495 0.000000 256.271186
46618.361692 0.000000 268.474576
49397.875009 0.000000 280.677966
52360.047703 0.000000 292.881356
55518.409588 0.000000 305.084746
58876.671683 0.000000 317.288136
62449.907955 0.000000 329.491525
66242.052051 0.000000 341.694915
70269.820013 0.000000 353.898305
74537.367313 0.000000 366.101695
79063.152758 0.000000 378.305085
83851.559465 0.000000 390.508475
88922.888139 0.000000 402.711864
94281.766584 0.000000 414.915254
99950.425050 0.000000 427.118644
105933.765614 0.000000 439.322034
112256.017169 0.000000 451.525424
118922.394959 0.000000 463.728814
125959.157012 0.000000 475.932203
133371.878947 0.000000 488.135593
141188.810076 0.000000 500.338983
149415.925035 0.000000 512.542373
158083.318781 0.000000 524.745763
167197.359771 0.000000 536.949153
176789.659169 0.000000 549.152542
186866.865632 0.000000 561.355932
197461.471860 0.000000 573.559322
208580.049614 0.000000 585.762712
220254.832003 0.000000 597.966102
232491.463100 0.000000 610.169492
245319.904720 0.000000 622.372881
258743.064616 0.000000 634.576271
272785.110856 0.000000 646.779661
287442.576305 0.000000 658.983051
302727.624116 0.000000 671.186441
318623.319475 0.000000 683.389831
335118.721589 0.000000 695.593220
352169.821840 0.000000 707.796610
369722.441297 0.000000 720.000000
387679.578095 0.000000 732.203390
405906.752014 0.000000 744.406780
424204.815538 0.000000 756.610169
442290.288222 0.000000 768.813559
459769.660757 0.000000 781.016949
476084.485532 0.000000 793.220339
490479.928681 0.000000 805.423729
501904.752516 0.000000 817.627119
508973.204785 0.000000 829.830508
509836.648665 0.000000 842.033898
502202.653443 0.000000 854.237288
483336.894726 0.000000 866.440678
450450.146918 0.000000 878.644068
401320.798734 0.000000 890.847458
335580.529328 0.000000 903.050847
256098.400835 0.000000 915.254237
170183.976570 0.000000 927.457627
89114.112539 0.000000 939.661017
23190142.428701 0.000000 951.864407
-2068999.631208 -0.000000 964.067797
-9995234.674812 -0.000000 976.271186
-13730660.476190 -0.000000 988.474576
-13135655.723193 -0.000000 1000.677966
-12883733.034249 -0.000000 1012.881356
-12802804.232844 -0.000000 1025.084746
-12844427.748807 -0.000000 1037.288136
-12854461.224736 -0.000000 1049.491525
-12792686.695720 -0.000000 1061.694915
-12695829.475136 -0.000000 1073.898305
-12611904.239274 -0.000000 1086.101695
-12599509.806181 -0.000000 1098.305085
-12658455.628103 -0.000000 1110.508475
-12721006.210492 -0.000000 1122.711864
-12751498.110133 -0.000000 1134.915254
-12766937.216366 -0.000000 1147.118644
-12776161.983158 -0.000000 1159.322034
-12769367.421798 -0.000000 1171.525424
-12755350.950837 -0.000000 1183.728814
-12744974.880813 -0.000000 1195.932203
-12745414.756144 -0.000000 1208.135593
-12747327.843289 -0.000000 1220.338983
-12748886.499278 -0.000000 1232.542373
-12750492.142823 -0.000000 1244.745763
-12746887.496638 -0.000000 1256.949153
-12747028.287804 -0.000000 1269.152542
-12748297.170605 -0.000000 1281.355932
-12745996.866675 -0.000000 1293.559322
-12742203.247594 -0.000000 1305.762712
-12739145.023324 -0.000000 1317.966102
-12737497.194088 -0.000000 1330.169492
-12735542.518646 -0.000000 1342.372881
-12733004.317901 -0.000000 1354.576271
-12727934.648228 -0.000000 1366.779661
-12713337.344765 -0.000000 1378.983051
-12690832.234851 -0.000000 1391.186441
-12660193.230904 -0.000000 1403.389831
-12629137.651936 -0.000000 1415.593220
-12602078.374932 -0.000000 1427.796610
-12573987.518355 -0.000000 1440.000000
-12530170.551184 -0.000000 1452.203390
-12455959.780336 -0.000000 1464.406780
-12379314.825839 -0.000000 1476.610169
-12307920.214353 -0.000000 1488.813559
-12237917.354101 -0.000000 1501.016949
-12163056.828276 -0.000000 1513.220339
-12076011.819790 -0.000000 1525.423729
-11973886.250305 -0.000000 1537.627119
-11865215.975116 -0.000000 1549.830508
-11754427.902700 -0.000000 1562.033898
-11647544.065069 -0.000000 1574.237288
-11543158.135761 -0.000000 1586.440678
-11441818.614355 -0.000000 1598.644068
-11339722.209229 -0.000000 1610.847458
-11236042.586844 -0.000000 1623.050847
-11125999.302187 -0.000000 1635.254237
-11002357.654957 -0.000000 1647.457627
-10851123.861196 -0.000000 1659.661017
-10680345.294669 -0.000000 1671.864407
-10522867.116319 -0.000000 1684.067797
-10362298.953038 -0.000000 1696.271186
-10139623.174170 -0.000000 1708.474576
-9823288.920934 -0.000000 1720.677966
-9387810.338672 -0.000000 1732.881356
-8784145.404750 -0.000000 1745.084746
-7939827.739143 -0.000000 1757.288136
-6756643.545047 -0.000000 1769.491525
-5108117.209559 -0.000000 1781.694915
-2859207.768899 -0.000000 1793.898305
135437.896378 0.000000 1806.101695
3848014.321046 0.000000 1818.305085
8240701.540015 0.000000 1830.508475
11820042.044903 0.000000 1842.711864
13333966.525308 0.000000 1854.915254
14032864.237422 0.000000 1867.118644
14712014.307317 0.000000 1879.322034
-1596430.196333 -0.000000 1891.525424
-18672385.137883 -0.000000 1903.728814
-15213710.242547 -0.000000 1915.932203
-52648676.650377 -0.000000 1928.135593
-27324400.788175 -0.000000 1940.338983
-16961733.441591 -0.000000 1952.542373
-14038714.997248 -0.000000 1964.745763
-13002222.218605 -0.000000 1976.949153
-13365162.534804 -0.000000 1989.152542
-14860144.254309 -0.000000 2001.355932
-16513793.412655 -0.000000 2013.559322
-18366090.972895 -0.000000 2025.762712
-20641182.573679 -0.000000 2037.966102
-23540027.130029 -0.000000 2050.169492
-28641288.138333 -0.000000 2062.372881
-24405920.671397 -0.000000 2074.576271
-244830865.818136 -0.000000 2086.779661
-147416201.211544 -0.000000 2098.983051
286791.834945 0.000000 2111.186441
61355056.249688 0.000000 2123.389831
23335862.134602 0.000000 2135.593220
16986993.443844 0.000000 2147.796610
8329443.515592 0.000000 2160.000000
55726303.473883 0.000000 2172.203390
12967917.456834 0.000000 2184.406780
16289553.241519 0.000000 2196.610169
19920687.184472 0.000000 2208.813559
26079411.974657 0.000000 2221.016949
35692028.071323 0.000000 2233.220339
29166909.825239 0.000000 2245.423729
12539411.377288 0.000000 2257.627119
5577047.409866 0.000000 2269.830508
-382869.810499 -0.000000 2282.033898
-2276351.618319 -0.000000 2294.237288
-1686612.309965 -0.000000 2306.440678
-11454.654918 0.000000 2318.644068
1960407.100058 0.000000 2330.847458
3863408.027534 0.000000 2343.050847
5538016.049501 0.000000 2355.254237
6950908.479083 0.000000 2367.457627
8118697.464480 0.000000 2379.661017
9087925.305157 0.000000 2391.864407
9899566.456936 0.000000 2404.067797
10593642.804464 0.000000 2416.271186
11194896.482265 0.000000 2428.474576
11725665.770451 0.000000 2440.677966
12196059.633428 0.000000 2452.881356
12618350.318149 0.000000 2465.084746
12995650.622400 0.000000 2477.288136
13336706.699415 0.000000 2489.491525
13641822.136107 0.000000 2501.694915
13916717.168607 0.000000 2513.898305
14154743.390189 0.000000 2526.101695
14347148.395262 0.000000 2538.305085
14476019.598925 0.000000 2550.508475
14548505.106531 0.000000 2562.711864
14613243.695593 0.000000 2574.915254
14725826.259567 0.000000 2587.118644
14875115.875646 0.000000 2599.322034
14987724.937061 0.000000 2611.525424
15042168.501636 0.000000 2623.728814
15082419.203628 0.000000 2635.932203
15165117.450613 0.000000 2648.135593
15265819.577995 0.000000 2660.338983
15351329.606781 0.000000 2672.542373
15393469.969443 0.000000 2684.745763
15403316.999422 0.000000 2696.949153
15394671.443018 0.000000 2709.152542
15371451.009724 0.000000 2721.355932
15331067.048325 0.000000 2733.559322
15296239.627327 0.000000 2745.762712
15264544.681235 0.000000 2757.966102
15231405.893884 0.000000 2770.169492
15174387.257527 0.000000 2782.372881
15026203.529091 0.000000 2794.576271
14711236.082013 0.000000 2806.779661
14156199.556181 0.000000 2818.983051
13262218.635930 0.000000 2831.186441
11706173.235447 0.000000 2843.389831
8904983.434092 0.000000 2855.593220
4549058.621683 0.000000 2867.796610
798830.732502 0.000000 2880.000000
1528047.183317 0.000000 2892.203390
13608927.773055 0.000000 2904.406780
28236078.171365 0.000000 2916.610169
30139728.562802 0.000000 2928.813559
30023879.905320 0.000000 2941.016949
30655882.127787 0.000000 2953.220339
30990313.147239 0.000000 2965.423729
31085623.977821 0.000000 2977.627119
31073143.297635 0.000000 2989.830508
30515932.999048 0.000000 3002.033898
30152068.367629 0.000000 3014.237288
30027231.245319 0.000000 3026.440678
29656120.386177 0.000000 3038.644068
29360701.386636 0.000000 3050.847458
29107364.165803 0.000000 3063.050847
28882687.626380 0.000000 3075.254237
28715191.230322 0.000000 3087.457627
28573396.523200 0.000000 3099.661017
28448392.737780 0.000000 3111.864407
28339413.862321 0.000000 3124.067797
28247157.251551 0.000000 3136.271186
28175982.619294 0.000000 3148.474576
28129420.588482 0.000000 3160.677966
28119810.238826 0.000000 3172.881356
28189735.523349 0.000000 3185.084746
28412624.541041 0.000000 3197.288136
28865613.394412 0.000000 3209.491525
28951518.638738 0.000000 3221.694915
29090996.596993 0.000000 3233.898305
31191010.835035 0.000000 3246.101695
33768585.557556 0.000000 3258.305085
33900458.889600 0.000000 3270.508475
32535840.263100 0.000000 3282.711864
30494723.989119 0.000000 3294.915254
27352548.678160 0.000000 3307.118644
28519559.550319 0.000000 3319.322034
11395381.413142 0.000000 3331.525424
24489930.707489 0.000000 3343.728814
32935.217769 0.000000 3355.932203
58584.951955 0.000000 3368.135593
84202.435277 0.000000 3380.338983
109251.242581 0.000000 3392.542373
132951.441915 0.000000 3404.745763
154582.307491 0.000000 3416.949153
173781.008590 0.000000 3429.152542
190335.744613 0.000000 3441.355932
204291.676770 0.000000 3453.559322
215791.210082 0.000000 3465.762712
225095.757531 0.000000 3477.966102
232482.182622 0.000000 3490.169492
238254.899792 0.000000 3502.372881
242687.206572 0.000000 3514.576271
246038.488081 0.000000 3526.779661
248523.174649 0.000000 3538.983051
250329.386874 0.000000 3551.186441
251602.572258 0.000000 3563.389831
252460.912626 0.000000 3575.593220
252986.840665 0.000000 3587.796610
253236.513741 0.000000 3600.000000
