88255.672045 0.000000 0.000000
88605.570864 0.000000 12.203390
89306.828319 0.000000 24.406780
90359.663972 0.000000 36.610169
91768.651096 0.000000 48.813559
93533.923998 0.000000 61.016949
95663.269107 0.000000 73.220339
98156.857422 0.000000 85.423729
101025.662591 0.000000 97.627119
104269.893184 0.000000 109.830508
107903.761600 0.000000 122.033898
111927.507410 0.000000 134.237288
116358.646256 0.000000 146.440678
121197.444134 0.000000 158.644068
126464.782162 0.000000 170.847458
132160.955738 0.000000 183.050847
138310.257060 0.000000 195.254237
144913.022774 0.000000 207.457627
151996.961772 0.000000 219.661017
159562.468940 0.000000 231.864407
167640.599314 0.000000 244.067797
176231.819171 0.000000 256.271186
185370.324559 0.000000 268.474576
195056.631368 0.000000 280.677966
205327.646904 0.000000 292.881356
216183.816734 0.000000 305.084746
227663.954114 0.000000 317.288136
239768.087847 0.000000 329.491525
252535.513565 0.000000 341.694915
265965.017174 0.000000 353.898305
280093.918343 0.000000 366.101695
294917.979791 0.000000 378.305085
310468.329129 0.000000 390.508475
326734.072731 0.000000 402.711864
343732.891544 0.000000 414.915254
361440.060100 0.000000 427.118644
379847.189514 0.000000 439.322034
398901.851075 0.000000 451.525424
418547.285917 0.000000 463.728814
438676.867277 0.000000 475.932203
459145.520546 0.000000 488.135593
479742.347478 0.000000 500.338983
500161.857421 0.000000 512.542373
519995.866128 0.000000 524.745763
538649.775311 0.000000 536.949153
555352.379012 0.000000 549.152542
569003.380237 0.000000 561.355932
578206.057181 0.000000 573.559322
581057.685548 0.000000 585.762712
575266.623735 0.000000 597.966102
558021.401500 0.000000 610.169492
526463.973698 0.000000 622.372881
478066.735089 0.000000 634.576271
411952.935287 0.000000 646.779661
330008.918249 0.000000 658.983051
238399.596922 0.000000 671.186441
147396.249766 0.000000 683.389831
69999.206919 0.000000 695.593220
256407471.231155 0.000000 707.796610
-5260959.199210 -0.000000 720.000000
-13074458.094111 -0.000000 732.203390
-13484640.709077 -0.000000 744.406780
-13029125.579227 -0.000000 756.610169
-12898762.592122 -0.000000 768.813559
-12869256.029772 -0.000000 781.016949
-12888214.377834 -0.000000 793.220339
-12879052.706784 -0.000000 805.423729
-12799146.731288 -0.000000 817.627119
-12673181.867538 -0.000000 829.830508
-12606062.576731 -0.000000 842.033898
-12631831.091153 -0.000000 854.237288
-12712380.726580 -0.000000 866.440678
-12769967.116897 -0.000000 878.644068
-12785880.806929 -0.000000 890.847458
-12789432.095622 -0.000000 903.050847
-12786336.899807 -0.000000 915.254237
-12783577.629007 -0.000000 927.457627
-12778580.264652 -0.000000 939.661017
-12775562.863111 -0.000000 951.864407
-12770472.503434 -0.000000 964.067797
-12767860.448308 -0.000000 976.271186
-12763788.191215 -0.000000 988.474576
-12760427.455583 -0.000000 1000.677966
-12755962.389424 -0.000000 1012.881356
-12742796.517515 -0.000000 1025.084746
-12716753.060387 -0.000000 1037.288136
-12685537.451447 -0.000000 1049.491525
-12646607.769565 -0.000000 1061.694915
-12608489.603320 -0.000000 1073.898305
-12566882.909193 -0.000000 1086.101695
-12507327.000152 -0.000000 1098.305085
-12431643.795811 -0.000000 1110.508475
-12340211.046550 -0.000000 1122.711864
-12218935.511084 -0.000000 1134.915254
-12079766.231240 -0.000000 1147.118644
-11965086.933672 -0.000000 1159.322034
-11880328.109662 -0.000000 1171.525424
-11785858.646248 -0.000000 1183.728814
-11671284.800218 -0.000000 1195.932203
-11547734.767447 -0.000000 1208.135593
-11421807.906840 -0.000000 1220.338983
-11295325.608811 -0.000000 1232.542373
-11168628.914618 -0.000000 1244.745763
-11042260.146702 -0.000000 1256.949153
-10916656.345667 -0.000000 1269.152542
-10792606.301450 -0.000000 1281.355932
-10671379.094398 -0.000000 1293.559322
-10553815.457290 -0.000000 1305.762712
-10439912.526933 -0.000000 1317.966102
-10327790.923356 -0.000000 1330.169492
-10214917.022620 -0.000000 1342.372881
-10098863.472272 -0.000000 1354.576271
-9979150.499110 -0.000000 1366.779661
-9856107.664513 -0.000000 1378.983051
-9730899.179849 -0.000000 1391.186441
-9603146.183342 -0.000000 1403.389831
-9472370.185715 -0.000000 1415.593220
-9336631.995728 -0.000000 1427.796610
-9196913.223754 -0.000000 1440.000000
-9056389.263323 -0.000000 1452.203390
-8925159.788010 -0.000000 1464.406780
-8812416.310404 -0.000000 1476.610169
-8723198.253864 -0.000000 1488.813559
-8646388.238188 -0.000000 1501.016949
-8564162.038505 -0.000000 1513.220339
-8453535.723492 -0.000000 1525.423729
-8304743.963289 -0.000000 1537.627119
-8133621.870492 -0.000000 1549.830508
-7997308.785956 -0.000000 1562.033898
-7896545.426828 -0.000000 1574.237288
-7786385.819227 -0.000000 1586.440678
-7653805.567010 -0.000000 1598.644068
-7522701.042702 -0.000000 1610.847458
-7401236.005949 -0.000000 1623.050847
-7290265.298232 -0.000000 1635.254237
-7180619.152422 -0.000000 1647.457627
-7070045.548871 -0.000000 1659.661017
-6954573.133511 -0.000000 1671.864407
-6836164.254319 -0.000000 1684.067797
-6714076.032698 -0.000000 1696.271186
-6589807.685571 -0.000000 1708.474576
-6461213.691888 -0.000000 1720.677966
-6327097.993823 -0.000000 1732.881356
-6182373.851446 -0.000000 1745.084746
-6022057.613903 -0.000000 1757.288136
-5835395.976014 -0.000000 1769.491525
-5609470.384033 -0.000000 1781.694915
-5320966.386563 -0.000000 1793.898305
-4939218.400911 -0.000000 1806.101695
-4414845.518616 -0.000000 1818.305085
-3681350.573572 -0.000000 1830.508475
-2643319.260552 -0.000000 1842.711864
-1180262.998036 -0.000000 1854.915254
848398.946358 0.000000 1867.118644
3557995.614199 0.000000 1879.322034
6992930.475338 0.000000 1891.525424
11048592.539719 0.000000 1903.728814
13543792.444701 0.000000 1915.932203
13686228.326795 0.000000 1928.135593
13616725.636887 0.000000 1940.338983
5878327.250030 0.000000 1952.542373
-10619701.753604 -0.000000 1964.745763
-18280226.784829 -0.000000 1976.949153
-23963113.175202 -0.000000 1989.152542
-48491837.883317 -0.000000 2001.355932
-21360051.436904 -0.000000 2013.559322
-15413135.608141 -0.000000 2025.762712
-13454639.507693 -0.000000 2037.966102
-13332600.057744 -0.000000 2050.169492
-15360022.952476 -0.000000 2062.372881
-18851858.382594 -0.000000 2074.576271
-25153660.511706 -0.000000 2086.779661
-29945962.459493 -0.000000 2098.983051
-22413924.615377 -0.000000 2111.186441
-72612053.301599 -0.000000 2123.389831
-316229472.855588 -0.000000 2135.593220
-9733791.778309 -0.000000 2147.796610
935686.878343 0.000000 2160.000000
-6846973.884705 -0.000000 2172.203390
-343245710.612765 -0.000000 2184.406780
-81176442.918925 -0.000000 2196.610169
-15462252.184059 -0.000000 2208.813559
-81495079.995528 -0.000000 2221.016949
-568218547.260434 -0.000000 2233.220339
5132553.443802 0.000000 2245.423729
8699646.541091 0.000000 2257.627119
9435433.528539 0.000000 2269.830508
8288383.641309 0.000000 2282.033898
5399249.872859 0.000000 2294.237288
2440599.554361 0.000000 2306.440678
534790.990836 0.000000 2318.644068
-82742.421262 -0.000000 2330.847458
284832.641150 0.000000 2343.050847
1227138.945611 0.000000 2355.254237
2408204.300270 0.000000 2367.457627
3612243.267118 0.000000 2379.661017
4728870.730164 0.000000 2391.864407
5716162.079007 0.000000 2404.067797
6572218.774004 0.000000 2416.271186
7311900.281547 0.000000 2428.474576
7954356.428890 0.000000 2440.677966
8517781.539866 0.000000 2452.881356
9015741.443004 0.000000 2465.084746
9459618.824675 0.000000 2477.288136
9856672.990599 0.000000 2489.491525
10213632.568353 0.000000 2501.694915
10534788.725289 0.000000 2513.898305
10824802.111125 0.000000 2526.101695
11086880.086576 0.000000 2538.305085
11324719.689902 0.000000 2550.508475
11540912.367138 0.000000 2562.711864
11738553.283283 0.000000 2574.915254
11919658.559469 0.000000 2587.118644
12086779.442816 0.000000 2599.322034
12241152.779904 0.000000 2611.525424
12383994.044491 0.000000 2623.728814
12513519.657565 0.000000 2635.932203
12623940.798295 0.000000 2648.135593
12704034.869851 0.000000 2660.338983
12745643.611796 0.000000 2672.542373
12762000.385544 0.000000 2684.745763
12788435.913262 0.000000 2696.949153
12854602.255926 0.000000 2709.152542
12948434.652998 0.000000 2721.355932
13029532.111818 0.000000 2733.559322
13067499.799503 0.000000 2745.762712
13075248.641302 0.000000 2757.966102
13078946.976523 0.000000 2770.169492
13099000.843804 0.000000 2782.372881
13141113.603452 0.000000 2794.576271
13184418.181986 0.000000 2806.779661
13173147.364282 0.000000 2818.983051
13021444.260820 0.000000 2831.186441
12647032.160411 0.000000 2843.389831
11941484.765587 0.000000 2855.593220
10782647.884696 0.000000 2867.796610
8913844.973925 0.000000 2880.000000
6085901.949873 0.000000 2892.203390
2423712.073585 0.000000 2904.406780
-84524.430334 -0.000000 2916.610169
1880852.988450 0.000000 2928.813559
13586226.028192 0.000000 2941.016949
27442809.419848 0.000000 2953.220339
30190131.773887 0.000000 2965.423729
30236614.442195 0.000000 2977.627119
30683614.373265 0.000000 2989.830508
30943481.846209 0.000000 3002.033898
31087460.901650 0.000000 3014.237288
30974076.281897 0.000000 3026.440678
30441853.914464 0.000000 3038.644068
30176260.025107 0.000000 3050.847458
29941640.902242 0.000000 3063.050847
29552882.983018 0.000000 3075.254237
29232764.408283 0.000000 3087.457627
28926134.409776 0.000000 3099.661017
28688274.564095 0.000000 3111.864407
28519392.778855 0.000000 3124.067797
28405684.285064 0.000000 3136.271186
28324932.952283 0.000000 3148.474576
28258577.480772 0.000000 3160.677966
28192096.250962 0.000000 3172.881356
28126933.804064 0.000000 3185.084746
28072668.167735 0.000000 3197.288136
28047259.025470 0.000000 3209.491525
28096706.402119 0.000000 3221.694915
28294876.631650 0.000000 3233.898305
28735317.104898 0.000000 3246.101695
28890367.610611 0.000000 3258.305085
28977685.199723 0.000000 3270.508475
31016177.567000 0.000000 3282.711864
33752587.664413 0.000000 3294.915254
34007930.172384 0.000000 3307.118644
32658049.415948 0.000000 3319.322034
30783646.957157 0.000000 3331.525424
27723401.426943 0.000000 3343.728814
28995986.480204 0.000000 3355.932203
12080380.032505 0.000000 3368.135593
17484490.260455 0.000000 3380.338983
21010.463063 0.000000 3392.542373
37192.935312 0.000000 3404.745763
52808.860753 0.000000 3416.949153
67727.677087 0.000000 3429.152542
81633.439465 0.000000 3441.355932
94189.211730 0.000000 3453.559322
105261.551891 0.000000 3465.762712
114776.616553 0.000000 3477.966102
122793.534342 0.000000 3490.169492
129410.929258 0.000000 3502.372881
134783.654356 0.000000 3514.576271
139066.196722 0.000000 3526.779661
142421.141844 0.000000 3538.983051
144988.287215 0.000000 3551.186441
146893.921286 0.000000 3563.389831
148235.265231 0.000000 3575.593220
149088.818255 0.000000 3587.796610
149502.914080 0.000000 3600.000000
