8625.608550 0.000000 0.000000
8636.457671 0.000000 12.203390
8658.065035 0.000000 24.406780
8690.586908 0.000000 36.610169
8733.918680 0.000000 48.813559
8788.106359 0.000000 61.016949
8853.101841 0.000000 73.220339
8928.966003 0.000000 85.423729
9015.652526 0.000000 97.627119
9113.258283 0.000000 109.830508
9221.745091 0.000000 122.033898
9341.262574 0.000000 134.237288
9471.794452 0.000000 146.440678
9613.560570 0.000000 158.644068
9766.581763 0.000000 170.847458
9931.167905 0.000000 183.050847
10107.393671 0.000000 195.254237
10295.680011 0.000000 207.457627
10496.172659 0.000000 219.661017
10709.425209 0.000000 231.864407
10935.671276 0.000000 244.067797
11175.619076 0.000000 256.271186
11429.606050 0.000000 268.474576
11698.516496 0.000000 280.677966
11982.806997 0.000000 292.881356
12283.558729 0.000000 305.084746
12601.360204 0.000000 317.288136
12937.510048 0.000000 329.491525
13292.740221 0.000000 341.694915
13668.586215 0.000000 353.898305
14065.934158 0.000000 366.101695
14486.575370 0.000000 378.305085
14931.558305 0.000000 390.508475
15402.950055 0.000000 402.711864
15901.969559 0.000000 414.915254
16430.978957 0.000000 427.118644
16991.376102 0.000000 439.322034
17585.839958 0.000000 451.525424
18215.954576 0.000000 463.728814
18884.740100 0.000000 475.932203
19593.976164 0.000000 488.135593
20347.049956 0.000000 500.338983
21145.948165 0.000000 512.542373
21994.455788 0.000000 524.745763
22894.778695 0.000000 536.949153
23851.135107 0.000000 549.152542
24865.966022 0.000000 561.355932
25943.961447 0.000000 573.559322
27087.816148 0.000000 585.762712
28302.738296 0.000000 597.966102
29591.697296 0.000000 610.169492
30960.469523 0.000000 622.372881
32412.324478 0.000000 634.576271
33953.663463 0.000000 646.779661
35588.083477 0.000000 658.983051
37322.673973 0.000000 671.186441
39161.390248 0.000000 683.389831
41112.077972 0.000000 695.593220
43179.084573 0.000000 707.796610
45371.086415 0.000000 720.000000
47692.858727 0.000000 732.203390
50153.988647 0.000000 744.406780
52759.716772 0.000000 756.610169
55520.624994 0.000000 768.813559
58442.459295 0.000000 781.016949
61536.885350 0.000000 793.220339
64810.194481 0.000000 805.423729
68275.230033 0.000000 817.627119
71938.870919 0.000000 829.830508
75815.232776 0.000000 842.033898
79911.825766 0.000000 854.237288
84244.137550 0.000000 866.440678
88820.354924 0.000000 878.644068
93657.438135 0.000000 890.847458
98764.298769 0.000000 903.050847
104159.472201 0.000000 915.254237
109852.648030 0.000000 927.457627
115864.036578 0.000000 939.661017
122204.165171 0.000000 951.864407
128895.017659 0.000000 964.067797
135948.026424 0.000000 976.271186
143387.041090 0.000000 988.474576
151224.475305 0.000000 1000.677966
159486.124426 0.000000 1012.881356
168185.474383 0.000000 1025.084746
177350.327207 0.000000 1037.288136
186995.341534 0.000000 1049.491525
197150.354907 0.000000 1061.694915
207831.313114 0.000000 1073.898305
219070.071221 0.000000 1086.101695
230883.979283 0.000000 1098.305085
243306.815602 0.000000 1110.508475
256357.444471 0.000000 1122.711864
270071.359145 0.000000 1134.915254
284469.004473 0.000000 1147.118644
299587.198511 0.000000 1159.322034
315447.929648 0.000000 1171.525424
332088.667877 0.000000 1183.728814
349532.683772 0.000000 1195.932203
367816.966683 0.000000 1208.135593
386965.366274 0.000000 1220.338983
407012.494857 0.000000 1232.542373
427981.232212 0.000000 1244.745763
449900.631721 0.000000 1256.949153
472789.474399 0.000000 1269.152542
496665.820349 0.000000 1281.355932
521538.298389 0.000000 1293.559322
547404.538389 0.000000 1305.762712
574251.545862 0.000000 1317.966102
602039.783795 0.000000 1330.169492
630713.101575 0.000000 1342.372881
660164.522537 0.000000 1354.576271
690254.407346 0.000000 1366.779661
720752.698815 0.000000 1378.983051
751360.755771 0.000000 1391.186441
781622.363078 0.000000 1403.389831
810939.468462 0.000000 1415.593220
838440.543449 0.000000 1427.796610
862974.831084 0.000000 1440.000000
882926.265523 0.000000 1452.203390
896177.746285 0.000000 1464.406780
899891.599036 0.000000 1476.610169
890518.598318 0.000000 1488.813559
863751.377185 0.000000 1501.016949
814995.272256 0.000000 1513.220339
740201.737156 0.000000 1525.423729
637668.722639 0.000000 1537.627119
510258.138865 0.000000 1549.830508
367594.158829 0.000000 1562.033898
226245.204105 0.000000 1574.237288
106794.736644 0.000000 1586.440678
136516568.146215 0.000000 1598.644068
-2937144.128677 -0.000000 1610.847458
-9939403.442210 -0.000000 1623.050847
-13536533.113079 -0.000000 1635.254237
-13295630.341435 -0.000000 1647.457627
-12982317.608145 -0.000000 1659.661017
-12908103.781192 -0.000000 1671.864407
-12934700.989243 -0.000000 1684.067797
-12938634.570513 -0.000000 1696.271186
-12813099.208017 -0.000000 1708.474576
-12447150.517548 -0.000000 1720.677966
-12121996.946966 -0.000000 1732.881356
-11913867.298582 -0.000000 1745.084746
-11486644.499136 -0.000000 1757.288136
-10802077.081744 -0.000000 1769.491525
-9811672.687495 -0.000000 1781.694915
-8382142.657785 -0.000000 1793.898305
-6403799.415663 -0.000000 1806.101695
-3803325.688046 -0.000000 1818.305085
-583912.965948 -0.000000 1830.508475
3123214.139379 0.000000 1842.711864
7000421.495982 0.000000 1854.915254
10647924.343812 0.000000 1867.118644
12932676.845785 0.000000 1879.322034
13707805.359986 0.000000 1891.525424
10465001.640814 0.000000 1903.728814
-3834225.596873 -0.000000 1915.932203
-16013748.943152 -0.000000 1928.135593
-18258528.034506 -0.000000 1940.338983
-84915673.628354 -0.000000 1952.542373
-23984115.050642 -0.000000 1964.745763
-15849863.382224 -0.000000 1976.949153
-13649252.549729 -0.000000 1989.152542
-13624898.985429 -0.000000 2001.355932
-15349907.117184 -0.000000 2013.559322
-17721744.149641 -0.000000 2025.762712
-20038935.674236 -0.000000 2037.966102
-22168705.793520 -0.000000 2050.169492
-23987464.732572 -0.000000 2062.372881
-25517245.516787 -0.000000 2074.576271
-26841638.549601 -0.000000 2086.779661
-27974819.454666 -0.000000 2098.983051
-28797685.287027 -0.000000 2111.186441
-28848019.421111 -0.000000 2123.389831
-25397018.020934 -0.000000 2135.593220
-64043700.357722 -0.000000 2147.796610
-538424515.039196 -0.000000 2160.000000
-9870670.816721 -0.000000 2172.203390
-5302217.617612 -0.000000 2184.406780
-6596341.460740 -0.000000 2196.610169
-7036537.529118 -0.000000 2208.813559
-6967540.153561 -0.000000 2221.016949
-6651763.367271 -0.000000 2233.220339
-5778308.384324 -0.000000 2245.423729
-4390327.914354 -0.000000 2257.627119
-2628192.874718 -0.000000 2269.830508
-744199.004031 -0.000000 2282.033898
1029585.240771 0.000000 2294.237288
2593146.835523 0.000000 2306.440678
3929783.271321 0.000000 2318.644068
5076804.684348 0.000000 2330.847458
6069956.816408 0.000000 2343.050847
6948324.531523 0.000000 2355.254237
7731581.594806 0.000000 2367.457627
8439283.545415 0.000000 2379.661017
9077017.689010 0.000000 2391.864407
9654488.067833 0.000000 2404.067797
10173152.685364 0.000000 2416.271186
10640214.884391 0.000000 2428.474576
11057251.530088 0.000000 2440.677966
11430797.545166 0.000000 2452.881356
11762899.656851 0.000000 2465.084746
12058347.760292 0.000000 2477.288136
12317191.773816 0.000000 2489.491525
12537153.890054 0.000000 2501.694915
12712294.795619 0.000000 2513.898305
12843091.429160 0.000000 2526.101695
12952823.093477 0.000000 2538.305085
13074619.855902 0.000000 2550.508475
13220236.771543 0.000000 2562.711864
13363144.470004 0.000000 2574.915254
13481084.955530 0.000000 2587.118644
13569331.996494 0.000000 2599.322034
13640016.486448 0.000000 2611.525424
13701332.007640 0.000000 2623.728814
13757842.488120 0.000000 2635.932203
13807109.097064 0.000000 2648.135593
13837291.361796 0.000000 2660.338983
13828831.244716 0.000000 2672.542373
13755280.122446 0.000000 2684.745763
13611274.672657 0.000000 2696.949153
13389963.964156 0.000000 2709.152542
13048470.674985 0.000000 2721.355932
12444313.978641 0.000000 2733.559322
11397693.043011 0.000000 2745.762712
9627284.643211 0.000000 2757.966102
6852401.609428 0.000000 2770.169492
3116800.116188 0.000000 2782.372881
420306.872918 0.000000 2794.576271
1502482.637667 0.000000 2806.779661
12009071.191796 0.000000 2818.983051
26425524.128144 0.000000 2831.186441
29743976.664977 0.000000 2843.389831
29750841.178629 0.000000 2855.593220
30299669.998621 0.000000 2867.796610
30687508.885628 0.000000 2880.000000
30903486.983142 0.000000 2892.203390
30956525.525907 0.000000 2904.406780
30444098.674896 0.000000 2916.610169
30104707.402002 0.000000 2928.813559
29874609.625926 0.000000 2941.016949
29465437.139771 0.000000 2953.220339
29154839.357684 0.000000 2965.423729
28879502.994430 0.000000 2977.627119
28673512.071283 0.000000 2989.830508
28537659.968713 0.000000 3002.033898
28448706.179028 0.000000 3014.237288
28384436.823904 0.000000 3026.440678
28322927.240882 0.000000 3038.644068
28252891.912912 0.000000 3050.847458
28174703.298405 0.000000 3063.050847
28108947.002302 0.000000 3075.254237
28082699.494669 0.000000 3087.457627
28138594.310120 0.000000 3099.661017
28323907.312906 0.000000 3111.864407
28693521.575021 0.000000 3124.067797
28966871.678724 0.000000 3136.271186
28967318.857216 0.000000 3148.474576
30201826.972725 0.000000 3160.677966
32669730.945335 0.000000 3172.881356
33722560.702220 0.000000 3185.084746
32978423.285267 0.000000 3197.288136
31202415.288117 0.000000 3209.491525
29640722.491223 0.000000 3221.694915
29548805.897340 0.000000 3233.898305
20809953.137253 0.000000 3246.101695
-952310.943456 -0.000000 3258.305085
1416770.157016 0.000000 3270.508475
15368.947376 0.000000 3282.711864
27904.505620 0.000000 3294.915254
41216.520457 0.000000 3307.118644
54394.038462 0.000000 3319.322034
67056.664046 0.000000 3331.525424
78690.248516 0.000000 3343.728814
89044.560578 0.000000 3355.932203
97953.623795 0.000000 3368.135593
105414.303364 0.000000 3380.338983
111482.726806 0.000000 3392.542373
116297.023110 0.000000 3404.745763
120002.188389 0.000000 3416.949153
122772.894276 0.000000 3429.152542
124760.156846 0.000000 3441.355932
126120.679164 0.000000 3453.559322
126978.039629 0.000000 3465.762712
127454.165315 0.000000 3477.966102
127639.330297 0.000000 3490.169492
127621.603161 0.000000 3502.372881
127462.728355 0.000000 3514.576271
127223.307726 0.000000 3526.779661
126943.514384 0.000000 3538.983051
126663.037992 0.000000 3551.186441
126406.454891 0.000000 3563.389831
126197.554350 0.000000 3575.593220
126049.560557 0.000000 3587.796610
125973.461076 0.000000 3600.000000
