9786.412577 0.000000 0.000000
9790.599387 0.000000 12.203390
9798.932153 0.000000 24.406780
9811.609765 0.000000 36.610169
9828.675997 0.000000 48.813559
9850.256665 0.000000 61.016949
9876.544545 0.000000 73.220339
9907.708054 0.000000 85.423729
9944.024538 0.000000 97.627119
9985.712116 0.000000 109.830508
10033.126231 0.000000 122.033898
10086.533599 0.000000 134.237288
10146.366215 0.000000 146.440678
10212.935820 0.000000 158.644068
10286.749179 0.000000 170.847458
10368.159515 0.000000 183.050847
10457.747261 0.000000 195.254237
10555.903410 0.000000 207.457627
10663.281790 0.000000 219.661017
10780.307491 0.000000 231.864407
10907.708369 0.000000 244.067797
11045.941027 0.000000 256.271186
11195.809551 0.000000 268.474576
11357.800346 0.000000 280.677966
11532.798863 0.000000 292.881356
11721.321272 0.000000 305.084746
11924.341130 0.000000 317.288136
12142.407181 0.000000 329.491525
12376.591712 0.000000 341.694915
12627.480627 0.000000 353.898305
12896.259917 0.000000 366.101695
13183.560291 0.000000 378.305085
13490.699107 0.000000 390.508475
13818.363048 0.000000 402.711864
14168.023583 0.000000 414.915254
14540.435650 0.000000 427.118644
14937.251918 0.000000 439.322034
15359.311649 0.000000 451.525424
15808.477704 0.000000 463.728814
16285.691341 0.000000 475.932203
16793.059436 0.000000 488.135593
17331.642360 0.000000 500.338983
17903.827703 0.000000 512.542373
18510.813918 0.000000 524.745763
19155.306605 0.000000 536.949153
19838.660563 0.000000 549.152542
20563.940354 0.000000 561.355932
21332.672793 0.000000 573.559322
22148.323602 0.000000 585.762712
23012.607798 0.000000 597.966102
23929.435550 0.000000 610.169492
24900.722651 0.000000 622.372881
25930.870334 0.000000 634.576271
27022.006294 0.000000 646.779661
28179.071154 0.000000 658.983051
29404.414318 0.000000 671.186441
30703.567446 0.000000 683.389831
32079.108383 0.000000 695.593220
33537.216551 0.000000 707.796610
35080.704366 0.000000 720.000000
36716.460381 0.000000 732.203390
38447.536264 0.000000 744.406780
40281.597480 0.000000 756.610169
42221.938351 0.000000 768.813559
44277.077439 0.000000 781.016949
46450.554522 0.000000 793.220339
48751.824965 0.000000 805.423729
51184.676385 0.000000 817.627119
53759.595264 0.000000 829.830508
56480.616797 0.000000 842.033898
59359.362494 0.000000 854.237288
62400.114432 0.000000 866.440678
65615.743209 0.000000 878.644068
69010.774274 0.000000 890.847458
72599.451812 0.000000 903.050847
76386.536503 0.000000 915.254237
80387.780809 0.000000 927.457627
84608.167236 0.000000 939.661017
89065.100551 0.000000 951.864407
93763.766276 0.000000 964.067797
98723.373477 0.000000 976.271186
103949.284131 0.000000 988.474576
109462.669230 0.000000 1000.677966
115269.033457 0.000000 1012.881356
121391.673561 0.000000 1025.084746
127836.194979 0.000000 1037.288136
134628.184203 0.000000 1049.491525
141773.298740 0.000000 1061.694915
149299.575679 0.000000 1073.898305
157212.670144 0.000000 1086.101695
165543.220632 0.000000 1098.305085
174296.820476 0.000000 1110.508475
183506.837591 0.000000 1122.711864
193178.739291 0.000000 1134.915254
203348.712563 0.000000 1147.118644
214022.026884 0.000000 1159.322034
225237.709237 0.000000 1171.525424
237000.745244 0.000000 1183.728814
249352.912386 0.000000 1195.932203
262298.789540 0.000000 1208.135593
275882.637193 0.000000 1220.338983
290108.421817 0.000000 1232.542373
305022.332224 0.000000 1244.745763
320627.348900 0.000000 1256.949153
336970.568304 0.000000 1269.152542
354053.265646 0.000000 1281.355932
371921.661272 0.000000 1293.559322
390573.935330 0.000000 1305.762712
410052.379381 0.000000 1317.966102
430349.397429 0.000000 1330.169492
451498.131524 0.000000 1342.372881
473480.090330 0.000000 1354.576271
496310.263105 0.000000 1366.779661
519949.532314 0.000000 1378.983051
544378.975128 0.000000 1391.186441
569520.437601 0.000000 1403.389831
595292.996383 0.000000 1415.593220
621544.647895 0.000000 1427.796610
648081.575509 0.000000 1440.000000
674612.265087 0.000000 1452.203390
700736.904866 0.000000 1464.406780
725901.859365 0.000000 1476.610169
749332.444064 0.000000 1488.813559
769991.691904 0.000000 1501.016949
786439.609850 0.000000 1513.220339
796797.243107 0.000000 1525.423729
798546.494688 0.000000 1537.627119
788575.314123 0.000000 1549.830508
763100.432326 0.000000 1562.033898
718171.639117 0.000000 1574.237288
650341.181880 0.000000 1586.440678
558377.439015 0.000000 1598.644068
445069.050918 0.000000 1610.847458
319208.287458 0.000000 1623.050847
195415.669252 0.000000 1635.254237
91610.228971 0.000000 1647.457627
267232471.808317 0.000000 1659.661017
-5177611.795691 -0.000000 1671.864407
-11316529.384191 -0.000000 1684.067797
-13350470.637602 -0.000000 1696.271186
-13211465.358781 -0.000000 1708.474576
-13166252.784717 -0.000000 1720.677966
-12987133.723732 -0.000000 1732.881356
-11749265.786072 -0.000000 1745.084746
-9922692.825446 -0.000000 1757.288136
-7623416.235206 -0.000000 1769.491525
-4658023.402298 -0.000000 1781.694915
-1253044.282239 -0.000000 1793.898305
2454902.335364 0.000000 1806.101695
6176703.291841 0.000000 1818.305085
9541508.280975 0.000000 1830.508475
12054899.021220 0.000000 1842.711864
12822852.080490 0.000000 1854.915254
8818068.478519 0.000000 1867.118644
-4715431.038209 -0.000000 1879.322034
-16324730.092237 -0.000000 1891.525424
-24734957.465084 -0.000000 1903.728814
-61168107.727972 -0.000000 1915.932203
-22613617.736990 -0.000000 1928.135593
-15606868.539046 -0.000000 1940.338983
-13566292.280549 -0.000000 1952.542373
-13501943.290096 -0.000000 1964.745763
-14977155.727671 -0.000000 1976.949153
-16963175.870910 -0.000000 1989.152542
-19019158.370903 -0.000000 2001.355932
-21137011.347870 -0.000000 2013.559322
-23161458.951710 -0.000000 2025.762712
-25163157.984866 -0.000000 2037.966102
-27153966.530647 -0.000000 2050.169492
-29497744.563911 -0.000000 2062.372881
-32110355.105726 -0.000000 2074.576271
-26433092.806524 -0.000000 2086.779661
-9390305038.363670 -0.000000 2098.983051
-2906504.056138 -0.000000 2111.186441
2707330.898561 0.000000 2123.389831
-2841276.665871 -0.000000 2135.593220
1177160303.611961 0.000000 2147.796610
7623646.841828 0.000000 2160.000000
5734941.973563 0.000000 2172.203390
6184295.996463 0.000000 2184.406780
19935895.330820 0.000000 2196.610169
233639584.243172 0.000000 2208.813559
17954321.880405 0.000000 2221.016949
8526650.718394 0.000000 2233.220339
11310503.529539 0.000000 2245.423729
10079116.535752 0.000000 2257.627119
7320328.043914 0.000000 2269.830508
4704620.086084 0.000000 2282.033898
2998419.233930 0.000000 2294.237288
2391761.924689 0.000000 2306.440678
2621392.546173 0.000000 2318.644068
3347498.961386 0.000000 2330.847458
4272519.867158 0.000000 2343.050847
5212273.423521 0.000000 2355.254237
6084654.187172 0.000000 2367.457627
6883176.803857 0.000000 2379.661017
7624458.133833 0.000000 2391.864407
8283561.365234 0.000000 2404.067797
8847020.151091 0.000000 2416.271186
9304880.101393 0.000000 2428.474576
9686841.729823 0.000000 2440.677966
10005457.403231 0.000000 2452.881356
10284654.191381 0.000000 2465.084746
10526982.362937 0.000000 2477.288136
10744123.111332 0.000000 2489.491525
10935661.653779 0.000000 2501.694915
11107660.478337 0.000000 2513.898305
11259868.260973 0.000000 2526.101695
11393609.564092 0.000000 2538.305085
11504862.817537 0.000000 2550.508475
11587829.780561 0.000000 2562.711864
11642365.767348 0.000000 2574.915254
11685817.409662 0.000000 2587.118644
11742353.680879 0.000000 2599.322034
11813514.806085 0.000000 2611.525424
11877709.143574 0.000000 2623.728814
11933520.725236 0.000000 2635.932203
11985820.128519 0.000000 2648.135593
12018939.358811 0.000000 2660.338983
11998030.646211 0.000000 2672.542373
11952817.174759 0.000000 2684.745763
11953793.841192 0.000000 2696.949153
12036688.501007 0.000000 2709.152542
12126658.195516 0.000000 2721.355932
12147680.772341 0.000000 2733.559322
12098164.899773 0.000000 2745.762712
12055542.065324 0.000000 2757.966102
12048834.702959 0.000000 2770.169492
12040322.434917 0.000000 2782.372881
11974255.118201 0.000000 2794.576271
11804066.666034 0.000000 2806.779661
11443395.433808 0.000000 2818.983051
10759105.816251 0.000000 2831.186441
9584454.885717 0.000000 2843.389831
7682833.618570 0.000000 2855.593220
4900679.842801 0.000000 2867.796610
1509291.491310 0.000000 2880.000000
-804548.454129 -0.000000 2892.203390
1162081.754922 0.000000 2904.406780
11700619.587314 0.000000 2916.610169
25512796.269472 0.000000 2928.813559
29869820.020972 0.000000 2941.016949
29865994.689839 0.000000 2953.220339
30113759.578628 0.000000 2965.423729
30475341.101702 0.000000 2977.627119
30676070.720845 0.000000 2989.830508
30478841.375107 0.000000 3002.033898
29964766.414980 0.000000 3014.237288
29721897.952997 0.000000 3026.440678
29462468.513088 0.000000 3038.644068
29098458.666706 0.000000 3050.847458
28800990.016121 0.000000 3063.050847
28497518.528509 0.000000 3075.254237
28266780.806472 0.000000 3087.457627
28099581.395169 0.000000 3099.661017
27988606.893966 0.000000 3111.864407
27911072.216699 0.000000 3124.067797
27847645.884396 0.000000 3136.271186
27782797.157667 0.000000 3148.474576
27708269.657745 0.000000 3160.677966
27643019.575295 0.000000 3172.881356
27608752.958576 0.000000 3185.084746
27656105.084702 0.000000 3197.288136
27822662.151783 0.000000 3209.491525
28248310.269813 0.000000 3221.694915
28584275.866308 0.000000 3233.898305
28412406.599270 0.000000 3246.101695
29898578.937983 0.000000 3258.305085
32931142.630630 0.000000 3270.508475
33901918.771777 0.000000 3282.711864
32576157.214333 0.000000 3294.915254
30351259.723644 0.000000 3307.118644
28514723.785421 0.000000 3319.322034
27623847.584889 0.000000 3331.525424
18751657.300029 0.000000 3343.728814
-503493.219991 -0.000000 3355.932203
336220.693632 0.000000 3368.135593
6960.401493 0.000000 3380.338983
12739.907411 0.000000 3392.542373
18486.435867 0.000000 3404.745763
23737.978697 0.000000 3416.949153
28642.238768 0.000000 3429.152542
33019.695480 0.000000 3441.355932
36877.983997 0.000000 3453.559322
40188.643882 0.000000 3465.762712
42987.174749 0.000000 3477.966102
45309.451791 0.000000 3490.169492
47211.697274 0.000000 3502.372881
48747.109354 0.000000 3514.576271
49970.617469 0.000000 3526.779661
50929.717144 0.000000 3538.983051
51666.916391 0.000000 3551.186441
52216.248329 0.000000 3563.389831
52605.214897 0.000000 3575.593220
52853.614470 0.000000 3587.796610
52974.574453 0.000000 3600.000000
