705581.799946 0.000000 0.000000
684690.779104 0.000000 12.203390
641926.837670 0.000000 24.406780
575812.766740 0.000000 36.610169
485262.384009 0.000000 48.813559
370657.814085 0.000000 61.016949
234461.019247 0.000000 73.220339
219751025.600426 0.000000 85.423729
-2648219.550818 -0.000000 97.627119
-11188404.902350 -0.000000 109.830508
-13784071.835178 -0.000000 122.033898
-13206921.041830 -0.000000 134.237288
-12907478.355988 -0.000000 146.440678
-12787312.010995 -0.000000 158.644068
-12847478.888681 -0.000000 170.847458
-12901048.154955 -0.000000 183.050847
-12870082.631661 -0.000000 195.254237
-12751977.633171 -0.000000 207.457627
-12635705.581542 -0.000000 219.661017
-12616978.776225 -0.000000 231.864407
-12677093.057381 -0.000000 244.067797
-12747216.380090 -0.000000 256.271186
-12796297.081448 -0.000000 268.474576
-12817209.022743 -0.000000 280.677966
-12816735.857892 -0.000000 292.881356
-12813992.467231 -0.000000 305.084746
-12812953.567557 -0.000000 317.288136
-12808244.749273 -0.000000 329.491525
-12798915.769337 -0.000000 341.694915
-12790113.551835 -0.000000 353.898305
-12781467.960554 -0.000000 366.101695
-12776809.872583 -0.000000 378.305085
-12775410.874267 -0.000000 390.508475
-12775306.065025 -0.000000 402.711864
-12775075.575800 -0.000000 414.915254
-12777140.613224 -0.000000 427.118644
-12780055.905348 -0.000000 439.322034
-12783731.003187 -0.000000 451.525424
-12786535.711851 -0.000000 463.728814
-12788816.081621 -0.000000 475.932203
-12789699.563312 -0.000000 488.135593
-12789805.595722 -0.000000 500.338983
-12788214.154469 -0.000000 512.542373
-12786516.299272 -0.000000 524.745763
-12784699.167071 -0.000000 536.949153
-12783970.449373 -0.000000 549.152542
-12783767.820991 -0.000000 561.355932
-12784313.337461 -0.000000 573.559322
-12784669.139988 -0.000000 585.762712
-12785258.425840 -0.000000 597.966102
-12785797.521652 -0.000000 610.169492
-12786352.816868 -0.000000 622.372881
-12786515.627037 -0.000000 634.576271
-12786835.660385 -0.000000 646.779661
-12786898.677926 -0.000000 658.983051
-12786943.009206 -0.000000 671.186441
-12786963.628861 -0.000000 683.389831
-12787140.183519 -0.000000 695.593220
-12787239.319177 -0.000000 707.796610
-12787263.599978 -0.000000 720.000000
-12787212.308775 -0.000000 732.203390
-12787183.744653 -0.000000 744.406780
-12786911.259965 -0.000000 756.610169
-12787059.566787 -0.000000 768.813559
-12787453.123328 -0.000000 781.016949
-12787078.321903 -0.000000 793.220339
-12786711.105229 -0.000000 805.423729
-12786783.327823 -0.000000 817.627119
-12787085.892464 -0.000000 829.830508
-12788005.995162 -0.000000 842.033898
-12788490.804426 -0.000000 854.237288
-12788478.042040 -0.000000 866.440678
-12789093.467834 -0.000000 878.644068
-12789639.423084 -0.000000 890.847458
-12788569.894157 -0.000000 903.050847
-12787175.464958 -0.000000 915.254237
-12787328.423712 -0.000000 927.457627
-12787349.862500 -0.000000 939.661017
-12787147.791311 -0.000000 951.864407
-12788439.860894 -0.000000 964.067797
-12789586.474261 -0.000000 976.271186
-12789219.368065 -0.000000 988.474576
-12789112.586220 -0.000000 1000.677966
-12789121.128563 -0.000000 1012.881356
-12788861.606577 -0.000000 1025.084746
-12788610.999461 -0.000000 1037.288136
-12788456.015959 -0.000000 1049.491525
-12788516.576975 -0.000000 1061.694915
-12788661.796484 -0.000000 1073.898305
-12788649.799602 -0.000000 1086.101695
-12788670.388853 -0.000000 1098.305085
-12788831.926541 -0.000000 1110.508475
-12788992.936702 -0.000000 1122.711864
-12789072.957132 -0.000000 1134.915254
-12789083.461145 -0.000000 1147.118644
-12788793.916588 -0.000000 1159.322034
-12788331.302354 -0.000000 1171.525424
-12788748.523377 -0.000000 1183.728814
-12789023.507703 -0.000000 1195.932203
-12788172.470532 -0.000000 1208.135593
-12788022.654376 -0.000000 1220.338983
-12787968.247715 -0.000000 1232.542373
-12788029.854930 -0.000000 1244.745763
-12788175.409552 -0.000000 1256.949153
-12788018.278662 -0.000000 1269.152542
-12787838.322045 -0.000000 1281.355932
-12788280.675568 -0.000000 1293.559322
-12788652.965255 -0.000000 1305.762712
-12789763.613303 -0.000000 1317.966102
-12791120.778178 -0.000000 1330.169492
-12792815.313806 -0.000000 1342.372881
-12794508.163971 -0.000000 1354.576271
-12795985.871979 -0.000000 1366.779661
-12796230.515890 -0.000000 1378.983051
-12793947.192804 -0.000000 1391.186441
-12785850.831169 -0.000000 1403.389831
-12768724.251167 -0.000000 1415.593220
-12733314.409374 -0.000000 1427.796610
-12662548.055288 -0.000000 1440.000000
-12643898.428966 -0.000000 1452.203390
-12737940.421715 -0.000000 1464.406780
-12839635.287436 -0.000000 1476.610169
-12852752.208520 -0.000000 1488.813559
-12862740.633162 -0.000000 1501.016949
-13044024.734058 -0.000000 1513.220339
-14061524.756842 -0.000000 1525.423729
-12787048.892758 -0.000000 1537.627119
-6113860.445137 -0.000000 1549.830508
-3454666.487971 -0.000000 1562.033898
-4520732.016878 -0.000000 1574.237288
-5352979.993274 -0.000000 1586.440678
-6099902.836452 -0.000000 1598.644068
-6688928.141882 -0.000000 1610.847458
-7129722.765623 -0.000000 1623.050847
-7396250.518280 -0.000000 1635.254237
-7491989.945735 -0.000000 1647.457627
-7415928.954044 -0.000000 1659.661017
-7169904.314319 -0.000000 1671.864407
-6757953.947378 -0.000000 1684.067797
-6187133.554255 -0.000000 1696.271186
-5488874.394073 -0.000000 1708.474576
-4644653.702063 -0.000000 1720.677966
-3755367.254482 -0.000000 1732.881356
-4139616.633496 -0.000000 1745.084746
-10721545.690615 -0.000000 1757.288136
-14406731.413016 -0.000000 1769.491525
-13256735.647571 -0.000000 1781.694915
-12907103.068745 -0.000000 1793.898305
-12856325.662615 -0.000000 1806.101695
-12828563.818778 -0.000000 1818.305085
-12657611.947986 -0.000000 1830.508475
-12542361.942815 -0.000000 1842.711864
-12550234.781407 -0.000000 1854.915254
-12568861.905508 -0.000000 1867.118644
-12570795.890508 -0.000000 1879.322034
-12571945.053077 -0.000000 1891.525424
-12574696.610395 -0.000000 1903.728814
-12572215.937113 -0.000000 1915.932203
-12535253.830588 -0.000000 1928.135593
-12432651.966732 -0.000000 1940.338983
-12283606.410707 -0.000000 1952.542373
-12050338.742753 -0.000000 1964.745763
-11681130.729358 -0.000000 1976.949153
-11121778.435331 -0.000000 1989.152542
-10293663.039776 -0.000000 2001.355932
-9098810.454953 -0.000000 2013.559322
-7430073.785900 -0.000000 2025.762712
-5204800.930658 -0.000000 2037.966102
-2390913.045110 -0.000000 2050.169492
908133.860610 0.000000 2062.372881
4473931.873344 0.000000 2074.576271
7848932.375123 0.000000 2086.779661
9748583.929450 0.000000 2098.983051
6558194.425759 0.000000 2111.186441
-6479670.476390 -0.000000 2123.389831
-18581749.742103 -0.000000 2135.593220
-16429403.301311 -0.000000 2147.796610
-16001627.882090 -0.000000 2160.000000
-18252793.215833 -0.000000 2172.203390
-20110963.516329 -0.000000 2184.406780
-18211775.036620 -0.000000 2196.610169
-15403323.793969 -0.000000 2208.813559
-15043818.198553 -0.000000 2221.016949
-14342559.373241 -0.000000 2233.220339
-14715186.937043 -0.000000 2245.423729
-14904004.745461 -0.000000 2257.627119
-15194360.851835 -0.000000 2269.830508
-15381557.362719 -0.000000 2282.033898
-15455413.137765 -0.000000 2294.237288
-15512828.167003 -0.000000 2306.440678
-15670617.769973 -0.000000 2318.644068
-15894104.756350 -0.000000 2330.847458
-16199371.687240 -0.000000 2343.050847
-16837626.579451 -0.000000 2355.254237
-17959044.358892 -0.000000 2367.457627
-19908626.817392 -0.000000 2379.661017
-23941567.701309 -0.000000 2391.864407
-32120688.510895 -0.000000 2404.067797
-30564284.678064 -0.000000 2416.271186
-10126026.378910 -0.000000 2428.474576
-2879900.275152 -0.000000 2440.677966
1068811.054862 0.000000 2452.881356
3162710.581681 0.000000 2465.084746
4895397.203802 0.000000 2477.288136
6246182.703388 0.000000 2489.491525
7320141.159590 0.000000 2501.694915
8201986.803154 0.000000 2513.898305
8964399.273178 0.000000 2526.101695
9647673.834401 0.000000 2538.305085
10276452.644691 0.000000 2550.508475
10854546.070504 0.000000 2562.711864
11386617.561090 0.000000 2574.915254
11869320.306554 0.000000 2587.118644
12305518.250857 0.000000 2599.322034
12694316.834964 0.000000 2611.525424
13040058.085236 0.000000 2623.728814
13344401.296934 0.000000 2635.932203
13612277.403140 0.000000 2648.135593
13846437.486162 0.000000 2660.338983
14051370.472210 0.000000 2672.542373
14229795.827784 0.000000 2684.745763
14385293.749575 0.000000 2696.949153
14520132.006809 0.000000 2709.152542
14637059.605240 0.000000 2721.355932
14737891.064135 0.000000 2733.559322
14824767.129898 0.000000 2745.762712
14899115.291526 0.000000 2757.966102
14962650.683011 0.000000 2770.169492
15016461.942847 0.000000 2782.372881
15061997.546595 0.000000 2794.576271
15100053.796146 0.000000 2806.779661
15131994.682872 0.000000 2818.983051
15158381.771674 0.000000 2831.186441
15180710.902715 0.000000 2843.389831
15199331.520932 0.000000 2855.593220
15215980.692652 0.000000 2867.796610
15230485.319099 0.000000 2880.000000
15244171.858665 0.000000 2892.203390
15254619.427458 0.000000 2904.406780
15259402.932731 0.000000 2916.610169
15247950.568780 0.000000 2928.813559
15204112.284316 0.000000 2941.016949
15095013.656343 0.000000 2953.220339
14871461.823330 0.000000 2965.423729
14462691.852244 0.000000 2977.627119
13788026.659452 0.000000 2989.830508
12742800.120197 0.000000 3002.033898
11035658.919622 0.000000 3014.237288
8133833.872014 0.000000 3026.440678
3978203.390800 0.000000 3038.644068
1060057.261372 0.000000 3050.847458
4400884.051525 0.000000 3063.050847
18290169.445402 0.000000 3075.254237
30188459.879357 0.000000 3087.457627
30440713.033532 0.000000 3099.661017
30456135.308592 0.000000 3111.864407
31134150.139892 0.000000 3124.067797
31355900.008864 0.000000 3136.271186
31397779.571142 0.000000 3148.474576
31237314.872232 0.000000 3160.677966
30675625.330651 0.000000 3172.881356
30422308.086956 0.000000 3185.084746
30219643.428217 0.000000 3197.288136
29852840.732333 0.000000 3209.491525
29556591.847851 0.000000 3221.694915
29286235.974077 0.000000 3233.898305
29074418.756714 0.000000 3246.101695
28918892.011490 0.000000 3258.305085
28791793.903702 0.000000 3270.508475
28679732.401942 0.000000 3282.711864
28576739.935324 0.000000 3294.915254
28477787.038628 0.000000 3307.118644
28387888.334247 0.000000 3319.322034
28319004.694063 0.000000 3331.525424
28294249.766083 0.000000 3343.728814
28357297.237135 0.000000 3355.932203
28615970.033729 0.000000 3368.135593
29069692.886452 0.000000 3380.338983
28989297.074457 0.000000 3392.542373
29373350.229149 0.000000 3404.745763
32197742.722678 0.000000 3416.949153
34542901.620843 0.000000 3429.152542
34227934.848200 0.000000 3441.355932
32596260.338435 0.000000 3453.559322
30977164.076477 0.000000 3465.762712
27533594.078375 0.000000 3477.966102
27588482.164458 0.000000 3490.169492
5660983.804253 0.000000 3502.372881
48709396.770561 0.000000 3514.576271
114668.854612 0.000000 3526.779661
180464.571197 0.000000 3538.983051
235854.820336 0.000000 3551.186441
280411.370885 0.000000 3563.389831
314129.718476 0.000000 3575.593220
336697.410382 0.000000 3587.796610
348025.858166 0.000000 3600.000000
