146090.482262 0.000000 0.000000
146625.388131 0.000000 12.203390
147696.008855 0.000000 24.406780
149305.112349 0.000000 36.610169
151455.284437 0.000000 48.813559
154151.821843 0.000000 61.016949
157399.135218 0.000000 73.220339
161205.219255 0.000000 85.423729
165576.217552 0.000000 97.627119
170522.906535 0.000000 109.830508
176053.108091 0.000000 122.033898
182180.467330 0.000000 134.237288
188914.404705 0.000000 146.440678
196271.510687 0.000000 158.644068
204262.674754 0.000000 170.847458
212907.467588 0.000000 183.050847
222218.034330 0.000000 195.254237
232216.858527 0.000000 207.457627
242916.982135 0.000000 219.661017
254343.524376 0.000000 231.864407
266509.809229 0.000000 244.067797
279442.924134 0.000000 256.271186
293155.400764 0.000000 268.474576
307674.913223 0.000000 280.677966
323011.299466 0.000000 292.881356
339190.160646 0.000000 305.084746
356215.228405 0.000000 317.288136
374105.088779 0.000000 329.491525
392851.180930 0.000000 341.694915
412456.033460 0.000000 353.898305
432887.464605 0.000000 366.101695
454115.483399 0.000000 378.305085
476063.368829 0.000000 390.508475
498638.582961 0.000000 402.711864
521681.031339 0.000000 414.915254
544980.703085 0.000000 427.118644
568222.099861 0.000000 439.322034
590977.723630 0.000000 451.525424
612645.215229 0.000000 463.728814
632402.428586 0.000000 475.932203
649133.270298 0.000000 488.135593
661335.332855 0.000000 500.338983
667050.151518 0.000000 512.542373
663766.922575 0.000000 524.745763
648482.762993 0.000000 536.949153
617849.464235 0.000000 549.152542
568781.412862 0.000000 561.355932
499381.035560 0.000000 573.559322
410492.560289 0.000000 585.762712
307139.980811 0.000000 597.966102
199445.004468 0.000000 610.169492
101540.750837 0.000000 622.372881
173344982.212116 0.000000 634.576271
-3673858.002815 -0.000000 646.779661
-11096014.374830 -0.000000 658.983051
-13631919.931328 -0.000000 671.186441
-13209535.254913 -0.000000 683.389831
-12979882.433499 -0.000000 695.593220
-12897484.945888 -0.000000 707.796610
-12901719.812732 -0.000000 720.000000
-12902561.093812 -0.000000 732.203390
-12824959.861179 -0.000000 744.406780
-12701389.827742 -0.000000 756.610169
-12603229.298377 -0.000000 768.813559
-12622335.112083 -0.000000 781.016949
-12721920.458593 -0.000000 793.220339
-12774582.020506 -0.000000 805.423729
-12788154.614138 -0.000000 817.627119
-12790682.389181 -0.000000 829.830508
-12788979.029597 -0.000000 842.033898
-12780788.295121 -0.000000 854.237288
-12773460.685846 -0.000000 866.440678
-12760379.139632 -0.000000 878.644068
-12732062.744291 -0.000000 890.847458
-12697897.704068 -0.000000 903.050847
-12656849.386701 -0.000000 915.254237
-12612448.568659 -0.000000 927.457627
-12564559.168408 -0.000000 939.661017
-12498334.659666 -0.000000 951.864407
-12410212.774599 -0.000000 964.067797
-12297527.402405 -0.000000 976.271186
-12169906.007882 -0.000000 988.474576
-12038680.723739 -0.000000 1000.677966
-11903460.834562 -0.000000 1012.881356
-11765251.221975 -0.000000 1025.084746
-11624219.736705 -0.000000 1037.288136
-11481134.674232 -0.000000 1049.491525
-11337258.456854 -0.000000 1061.694915
-11194463.803442 -0.000000 1073.898305
-11054973.459089 -0.000000 1086.101695
-10920200.437990 -0.000000 1098.305085
-10790042.678197 -0.000000 1110.508475
-10662220.174681 -0.000000 1122.711864
-10533362.432326 -0.000000 1134.915254
-10400106.249926 -0.000000 1147.118644
-10260870.506163 -0.000000 1159.322034
-10116025.477520 -0.000000 1171.525424
-9967693.737869 -0.000000 1183.728814
-9818181.902061 -0.000000 1195.932203
-9669403.888307 -0.000000 1208.135593
-9522181.509145 -0.000000 1220.338983
-9376829.393618 -0.000000 1232.542373
-9233073.017319 -0.000000 1244.745763
-9090719.372248 -0.000000 1256.949153
-8949338.483976 -0.000000 1269.152542
-8808776.854155 -0.000000 1281.355932
-8668674.111544 -0.000000 1293.559322
-8528985.985444 -0.000000 1305.762712
-8389414.936124 -0.000000 1317.966102
-8249997.438637 -0.000000 1330.169492
-8110449.657497 -0.000000 1342.372881
-7970840.316326 -0.000000 1354.576271
-7830848.349754 -0.000000 1366.779661
-7690536.361869 -0.000000 1378.983051
-7549524.057979 -0.000000 1391.186441
-7407897.334383 -0.000000 1403.389831
-7265376.438325 -0.000000 1415.593220
-7122486.192387 -0.000000 1427.796610
-6979779.788798 -0.000000 1440.000000
-6838971.739817 -0.000000 1452.203390
-6701379.976272 -0.000000 1464.406780
-6568030.685280 -0.000000 1476.610169
-6437525.779397 -0.000000 1488.813559
-6307406.419749 -0.000000 1501.016949
-6174443.380813 -0.000000 1513.220339
-6037542.980759 -0.000000 1525.423729
-5896972.555097 -0.000000 1537.627119
-5754771.492123 -0.000000 1549.830508
-5612374.621442 -0.000000 1562.033898
-5471207.073395 -0.000000 1574.237288
-5331439.012983 -0.000000 1586.440678
-5193388.698440 -0.000000 1598.644068
-5056560.470655 -0.000000 1610.847458
-4920867.720830 -0.000000 1623.050847
-4785512.569136 -0.000000 1635.254237
-4650044.947239 -0.000000 1647.457627
-4513241.542991 -0.000000 1659.661017
-4374439.088928 -0.000000 1671.864407
-4232942.822263 -0.000000 1684.067797
-4090401.646432 -0.000000 1696.271186
-3949992.436323 -0.000000 1708.474576
-3816825.235689 -0.000000 1720.677966
-3691549.092387 -0.000000 1732.881356
-3568860.825499 -0.000000 1745.084746
-3435609.273802 -0.000000 1757.288136
-3281603.315789 -0.000000 1769.491525
-3098817.780646 -0.000000 1781.694915
-2883939.775943 -0.000000 1793.898305
-2623122.858284 -0.000000 1806.101695
-2293930.366642 -0.000000 1818.305085
-1849538.200600 -0.000000 1830.508475
-1223476.598401 -0.000000 1842.711864
-310992.538779 -0.000000 1854.915254
1028623.290202 0.000000 1867.118644
2965983.190988 0.000000 1879.322034
5631877.427658 0.000000 1891.525424
9760290.864374 0.000000 1903.728814
13361681.679106 0.000000 1915.932203
13477116.288611 0.000000 1928.135593
13394894.801422 0.000000 1940.338983
14582127.539078 0.000000 1952.542373
5698181.005030 0.000000 1964.745763
-12408512.013320 -0.000000 1976.949153
-18235084.144761 -0.000000 1989.152542
-26001514.369055 -0.000000 2001.355932
-52739467.350999 -0.000000 2013.559322
-20415195.439998 -0.000000 2025.762712
-14857937.710112 -0.000000 2037.966102
-15265945.962798 -0.000000 2050.169492
-21282318.401531 -0.000000 2062.372881
-25180174.143971 -0.000000 2074.576271
-16257068.130306 -0.000000 2086.779661
-9969329.416730 -0.000000 2098.983051
-13306416.344958 -0.000000 2111.186441
-14560362.882347 -0.000000 2123.389831
-16983130.141905 -0.000000 2135.593220
-26270968.259107 -0.000000 2147.796610
-749294528.015272 -0.000000 2160.000000
-3641231.367666 -0.000000 2172.203390
-225087299.200820 -0.000000 2184.406780
-81571246.378470 -0.000000 2196.610169
-25888316.101637 -0.000000 2208.813559
-22886949.832715 -0.000000 2221.016949
-45100259.749123 -0.000000 2233.220339
-1305030743.097982 -0.000000 2245.423729
-8232479.252790 -0.000000 2257.627119
11300713.412431 0.000000 2269.830508
10987786.307457 0.000000 2282.033898
6615103.972137 0.000000 2294.237288
3172505.968115 0.000000 2306.440678
475103.353184 0.000000 2318.644068
-926048.437104 -0.000000 2330.847458
-1062292.321151 -0.000000 2343.050847
-322856.042953 -0.000000 2355.254237
873923.921353 0.000000 2367.457627
2213339.769937 0.000000 2379.661017
3519819.148594 0.000000 2391.864407
4706372.142876 0.000000 2404.067797
5751695.116466 0.000000 2416.271186
6661139.688956 0.000000 2428.474576
7455115.227518 0.000000 2440.677966
8152870.624791 0.000000 2452.881356
8772628.269116 0.000000 2465.084746
9326708.058941 0.000000 2477.288136
9825579.937116 0.000000 2489.491525
10275315.352377 0.000000 2501.694915
10682056.122986 0.000000 2513.898305
11049069.219367 0.000000 2526.101695
11381149.521198 0.000000 2538.305085
11680680.549443 0.000000 2550.508475
11952018.441039 0.000000 2562.711864
12196834.244171 0.000000 2574.915254
12418949.151224 0.000000 2587.118644
12619355.209885 0.000000 2599.322034
12801433.525524 0.000000 2611.525424
12965644.756056 0.000000 2623.728814
13114807.227749 0.000000 2635.932203
13248943.511242 0.000000 2648.135593
13370303.063237 0.000000 2660.338983
13479072.656061 0.000000 2672.542373
13577124.262541 0.000000 2684.745763
13665509.064121 0.000000 2696.949153
13745639.458558 0.000000 2709.152542
13819856.616181 0.000000 2721.355932
13888458.639185 0.000000 2733.559322
13953899.982824 0.000000 2745.762712
14011191.686782 0.000000 2757.966102
14056251.573518 0.000000 2770.169492
14076759.895042 0.000000 2782.372881
14078759.111309 0.000000 2794.576271
14075337.990829 0.000000 2806.779661
14072796.915620 0.000000 2818.983051
14013668.171636 0.000000 2831.186441
13801468.684210 0.000000 2843.389831
13352195.126916 0.000000 2855.593220
12616558.854813 0.000000 2867.796610
11531988.071648 0.000000 2880.000000
9835270.504656 0.000000 2892.203390
7111552.858262 0.000000 2904.406780
3289984.330674 0.000000 2916.610169
388293.095252 0.000000 2928.813559
1882440.064545 0.000000 2941.016949
13675787.538718 0.000000 2953.220339
27809366.787566 0.000000 2965.423729
30215971.998906 0.000000 2977.627119
30235803.179837 0.000000 2989.830508
30778228.736201 0.000000 3002.033898
31005261.537518 0.000000 3014.237288
31118178.827009 0.000000 3026.440678
31079617.528826 0.000000 3038.644068
30517601.285878 0.000000 3050.847458
30215263.961026 0.000000 3063.050847
30029326.324648 0.000000 3075.254237
29638921.220764 0.000000 3087.457627
29318545.485893 0.000000 3099.661017
29017598.135980 0.000000 3111.864407
28773468.243523 0.000000 3124.067797
28602079.758158 0.000000 3136.271186
28483726.500735 0.000000 3148.474576
28398110.625714 0.000000 3160.677966
28325902.695458 0.000000 3172.881356
28253639.433154 0.000000 3185.084746
28178994.549986 0.000000 3197.288136
28115050.096407 0.000000 3209.491525
28075634.945882 0.000000 3221.694915
28111718.570677 0.000000 3233.898305
28282417.661810 0.000000 3246.101695
28713247.813178 0.000000 3258.305085
28887485.592482 0.000000 3270.508475
28918767.849467 0.000000 3282.711864
30914400.172214 0.000000 3294.915254
33813372.336455 0.000000 3307.118644
34154792.991476 0.000000 3319.322034
32864057.083738 0.000000 3331.525424
30918831.069926 0.000000 3343.728814
27933463.458865 0.000000 3355.932203
29328900.960819 0.000000 3368.135593
13008898.836879 0.000000 3380.338983
7237461.263630 0.000000 3392.542373
511757.253615 0.000000 3404.745763
46960.098008 0.000000 3416.949153
80721.267977 0.000000 3429.152542
106025.034932 0.000000 3441.355932
127876.106833 0.000000 3453.559322
146536.555374 0.000000 3465.762712
162506.650289 0.000000 3477.966102
176127.741434 0.000000 3490.169492
187514.579488 0.000000 3502.372881
196908.504638 0.000000 3514.576271
204482.620199 0.000000 3526.779661
210495.582661 0.000000 3538.983051
215132.487306 0.000000 3551.186441
218609.423506 0.000000 3563.389831
221066.687174 0.000000 3575.593220
222641.052063 0.000000 3587.796610
223405.132879 0.000000 3600.000000
