20652.568242 0.000000 0.000000
20751.759215 0.000000 12.203390
20950.506811 0.000000 24.406780
21249.225902 0.000000 36.610169
21649.181775 0.000000 48.813559
22150.936699 0.000000 61.016949
22756.734023 0.000000 73.220339
23467.395838 0.000000 85.423729
24286.105742 0.000000 97.627119
25213.950621 0.000000 109.830508
26255.083431 0.000000 122.033898
27410.851609 0.000000 134.237288
28686.421505 0.000000 146.440678
30083.392764 0.000000 158.644068
31607.998831 0.000000 170.847458
33262.081137 0.000000 183.050847
35053.004228 0.000000 195.254237
36982.838064 0.000000 207.457627
39060.152436 0.000000 219.661017
41287.229166 0.000000 231.864407
43673.927217 0.000000 244.067797
46222.721012 0.000000 256.271186
48944.852019 0.000000 268.474576
51842.964657 0.000000 280.677966
54929.786025 0.000000 292.881356
58208.105302 0.000000 305.084746
61692.244997 0.000000 317.288136
65385.112646 0.000000 329.491525
69302.742667 0.000000 341.694915
73448.132777 0.000000 353.898305
77839.149125 0.000000 366.101695
82478.852222 0.000000 378.305085
87387.055753 0.000000 390.508475
92566.857458 0.000000 402.711864
98040.123684 0.000000 414.915254
103809.962386 0.000000 427.118644
109900.372104 0.000000 439.322034
116314.442872 0.000000 451.525424
123078.332743 0.000000 463.728814
130195.070959 0.000000 475.932203
137692.915572 0.000000 488.135593
145574.750308 0.000000 500.338983
153870.721166 0.000000 512.542373
162583.392864 0.000000 524.745763
171744.327271 0.000000 536.949153
181355.402290 0.000000 549.152542
191448.689153 0.000000 561.355932
202024.621628 0.000000 573.559322
213114.130496 0.000000 585.762712
224714.697592 0.000000 597.966102
236853.182038 0.000000 610.169492
249521.167171 0.000000 622.372881
262736.264982 0.000000 634.576271
276478.498754 0.000000 646.779661
290747.043295 0.000000 658.983051
305499.582008 0.000000 671.186441
320700.365784 0.000000 683.389831
336264.319090 0.000000 695.593220
352090.857721 0.000000 707.796610
368013.675286 0.000000 720.000000
383812.751630 0.000000 732.203390
399168.916967 0.000000 744.406780
413644.092430 0.000000 756.610169
426637.586742 0.000000 768.813559
437324.545071 0.000000 781.016949
444615.119191 0.000000 793.220339
447058.870941 0.000000 805.423729
442850.470148 0.000000 817.627119
429802.816627 0.000000 829.830508
405612.295420 0.000000 842.033898
368250.943744 0.000000 854.237288
316917.768073 0.000000 866.440678
253090.366375 0.000000 878.644068
181687.293223 0.000000 890.847458
111086.232064 0.000000 903.050847
51760.802024 0.000000 915.254237
184992989.046720 0.000000 927.457627
-6625633.764074 -0.000000 939.661017
-14105419.586715 -0.000000 951.864407
-13364701.827712 -0.000000 964.067797
-12896206.967578 -0.000000 976.271186
-12768754.801347 -0.000000 988.474576
-12810372.639808 -0.000000 1000.677966
-12853060.475148 -0.000000 1012.881356
-12823238.346090 -0.000000 1025.084746
-12717731.530809 -0.000000 1037.288136
-12612404.697576 -0.000000 1049.491525
-12588282.312707 -0.000000 1061.694915
-12641254.733929 -0.000000 1073.898305
-12713172.530597 -0.000000 1086.101695
-12753527.831857 -0.000000 1098.305085
-12768138.153875 -0.000000 1110.508475
-12769035.380283 -0.000000 1122.711864
-12767948.885131 -0.000000 1134.915254
-12771837.035492 -0.000000 1147.118644
-12767519.353547 -0.000000 1159.322034
-12752991.978833 -0.000000 1171.525424
-12746084.441689 -0.000000 1183.728814
-12745574.768022 -0.000000 1195.932203
-12744462.418737 -0.000000 1208.135593
-12745832.875385 -0.000000 1220.338983
-12746099.408299 -0.000000 1232.542373
-12745277.871365 -0.000000 1244.745763
-12748638.485844 -0.000000 1256.949153
-12748075.169324 -0.000000 1269.152542
-12739744.734075 -0.000000 1281.355932
-12740295.204146 -0.000000 1293.559322
-12744521.430499 -0.000000 1305.762712
-12752367.726206 -0.000000 1317.966102
-12757546.158972 -0.000000 1330.169492
-12759851.677465 -0.000000 1342.372881
-12748584.817931 -0.000000 1354.576271
-12728875.125021 -0.000000 1366.779661
-12727326.556013 -0.000000 1378.983051
-12742143.689734 -0.000000 1391.186441
-12747467.811167 -0.000000 1403.389831
-12738293.855963 -0.000000 1415.593220
-12720426.101311 -0.000000 1427.796610
-12699763.145140 -0.000000 1440.000000
-12677603.699913 -0.000000 1452.203390
-12651560.480092 -0.000000 1464.406780
-12625954.340036 -0.000000 1476.610169
-12599879.446474 -0.000000 1488.813559
-12573984.912889 -0.000000 1501.016949
-12548520.896218 -0.000000 1513.220339
-12521982.901935 -0.000000 1525.423729
-12484114.793603 -0.000000 1537.627119
-12431016.622991 -0.000000 1549.830508
-12360212.910883 -0.000000 1562.033898
-12277510.466925 -0.000000 1574.237288
-12190869.167438 -0.000000 1586.440678
-12102061.145067 -0.000000 1598.644068
-12011508.161655 -0.000000 1610.847458
-11918862.654025 -0.000000 1623.050847
-11822480.542152 -0.000000 1635.254237
-11720211.158856 -0.000000 1647.457627
-11608485.874074 -0.000000 1659.661017
-11483302.804539 -0.000000 1671.864407
-11339644.268687 -0.000000 1684.067797
-11171887.960739 -0.000000 1696.271186
-10970071.681310 -0.000000 1708.474576
-10713997.750278 -0.000000 1720.677966
-10366024.591770 -0.000000 1732.881356
-9870492.528265 -0.000000 1745.084746
-9163258.849172 -0.000000 1757.288136
-8171567.832349 -0.000000 1769.491525
-6807678.249829 -0.000000 1781.694915
-4934315.794354 -0.000000 1793.898305
-2414470.147160 -0.000000 1806.101695
863615.896083 0.000000 1818.305085
4755352.497451 0.000000 1830.508475
9228902.653544 0.000000 1842.711864
12210270.236132 0.000000 1854.915254
13328516.383976 0.000000 1867.118644
14484415.237520 0.000000 1879.322034
13381025.139223 0.000000 1891.525424
-7725149.685076 -0.000000 1903.728814
-20866581.308178 -0.000000 1915.932203
-18750861.494181 -0.000000 1928.135593
-48013586.372095 -0.000000 1940.338983
-22613680.985792 -0.000000 1952.542373
-15688283.821835 -0.000000 1964.745763
-13519227.229559 -0.000000 1976.949153
-12786894.117070 -0.000000 1989.152542
-13430230.844364 -0.000000 2001.355932
-14759140.395044 -0.000000 2013.559322
-16070645.803639 -0.000000 2025.762712
-17698041.707572 -0.000000 2037.966102
-19631225.684084 -0.000000 2050.169492
-22933057.794181 -0.000000 2062.372881
-24559549.947078 -0.000000 2074.576271
-28726260.613968 -0.000000 2086.779661
-4449324416.421370 -0.000000 2098.983051
-8630249.931376 -0.000000 2111.186441
-2146609.042661 -0.000000 2123.389831
114798611.873508 0.000000 2135.593220
21288635.116190 0.000000 2147.796610
10865413.590395 0.000000 2160.000000
13241121.810767 0.000000 2172.203390
10341816.856985 0.000000 2184.406780
15858095.745786 0.000000 2196.610169
17923875.591449 0.000000 2208.813559
22184060.780502 0.000000 2221.016949
30143596.750474 0.000000 2233.220339
40324859.579171 0.000000 2245.423729
26456025.435748 0.000000 2257.627119
12644734.727464 0.000000 2269.830508
5734793.201564 0.000000 2282.033898
-277750.504661 -0.000000 2294.237288
-1880063.835718 -0.000000 2306.440678
-1047532.543237 -0.000000 2318.644068
809855.892014 0.000000 2330.847458
2864729.192142 0.000000 2343.050847
4787035.635865 0.000000 2355.254237
6457212.042179 0.000000 2367.457627
7870081.685772 0.000000 2379.661017
9024315.753626 0.000000 2391.864407
9957098.908682 0.000000 2404.067797
10708287.226406 0.000000 2416.271186
11331363.241835 0.000000 2428.474576
11858223.482376 0.000000 2440.677966
12316499.465966 0.000000 2452.881356
12717746.317779 0.000000 2465.084746
13074156.046157 0.000000 2477.288136
13389628.882772 0.000000 2489.491525
13671562.270527 0.000000 2501.694915
13920382.139186 0.000000 2513.898305
14140005.878107 0.000000 2526.101695
14321258.929932 0.000000 2538.305085
14457630.316248 0.000000 2550.508475
14537543.207396 0.000000 2562.711864
14589876.727223 0.000000 2574.915254
14655954.359030 0.000000 2587.118644
14765689.788233 0.000000 2599.322034
14874645.916972 0.000000 2611.525424
14948216.536055 0.000000 2623.728814
14989353.031324 0.000000 2635.932203
15044106.040623 0.000000 2648.135593
15114658.286987 0.000000 2660.338983
15181996.160997 0.000000 2672.542373
15227171.278195 0.000000 2684.745763
15255423.401473 0.000000 2696.949153
15273667.046895 0.000000 2709.152542
15277228.427227 0.000000 2721.355932
15253531.110108 0.000000 2733.559322
15186554.829190 0.000000 2745.762712
15103022.719086 0.000000 2757.966102
15048340.643133 0.000000 2770.169492
15041584.106361 0.000000 2782.372881
14990971.313873 0.000000 2794.576271
14765079.064525 0.000000 2806.779661
14233306.177441 0.000000 2818.983051
13310422.538806 0.000000 2831.186441
11806515.626607 0.000000 2843.389831
9302238.513814 0.000000 2855.593220
5417453.207967 0.000000 2867.796610
1286436.624565 0.000000 2880.000000
218086.735314 0.000000 2892.203390
7823330.525037 0.000000 2904.406780
23357906.382111 0.000000 2916.610169
30477062.244616 0.000000 2928.813559
30158105.366880 0.000000 2941.016949
30427023.707386 0.000000 2953.220339
30916719.481149 0.000000 2965.423729
31073269.349753 0.000000 2977.627119
31134148.013369 0.000000 2989.830508
30776978.139430 0.000000 3002.033898
30301680.060476 0.000000 3014.237288
30180603.526881 0.000000 3026.440678
29884271.915148 0.000000 3038.644068
29538809.068054 0.000000 3050.847458
29265833.211149 0.000000 3063.050847
29005346.741433 0.000000 3075.254237
28819703.770094 0.000000 3087.457627
28673933.269046 0.000000 3099.661017
28557201.431827 0.000000 3111.864407
28452338.061275 0.000000 3124.067797
28358335.539259 0.000000 3136.271186
28269119.488885 0.000000 3148.474576
28198041.977182 0.000000 3160.677966
28154538.187116 0.000000 3172.881356
28180450.910070 0.000000 3185.084746
28314836.093360 0.000000 3197.288136
28705228.391828 0.000000 3209.491525
29050057.461259 0.000000 3221.694915
28838945.261019 0.000000 3233.898305
30149332.896832 0.000000 3246.101695
33176751.464094 0.000000 3258.305085
34294812.614338 0.000000 3270.508475
33165597.149986 0.000000 3282.711864
30975037.499388 0.000000 3294.915254
29077795.517440 0.000000 3307.118644
28305442.132295 0.000000 3319.322034
20750799.453391 0.000000 3331.525424
-407725.809808 -0.000000 3343.728814
5304085.921038 0.000000 3355.932203
33766.096450 0.000000 3368.135593
58739.562115 0.000000 3380.338983
84130.957973 0.000000 3392.542373
108666.433169 0.000000 3404.745763
131830.777802 0.000000 3416.949153
152911.486506 0.000000 3429.152542
171593.256726 0.000000 3441.355932
187700.312894 0.000000 3453.559322
201284.013333 0.000000 3465.762712
212498.935486 0.000000 3477.966102
221595.402613 0.000000 3490.169492
228846.199798 0.000000 3502.372881
234537.994032 0.000000 3514.576271
238932.725957 0.000000 3526.779661
242270.469239 0.000000 3538.983051
244751.278161 0.000000 3551.186441
246543.600830 0.000000 3563.389831
247776.167783 0.000000 3575.593220
248546.132854 0.000000 3587.796610
248915.339384 0.000000 3600.000000
