422060.187253 0.000000 0.000000
423226.660264 0.000000 12.203390
425559.463178 0.000000 24.406780
429058.512813 0.000000 36.610169
433722.801089 0.000000 48.813559
439550.418861 0.000000 61.016949
446537.082853 0.000000 73.220339
454675.669228 0.000000 85.423729
463953.492821 0.000000 97.627119
474351.406201 0.000000 109.830508
485838.848197 0.000000 122.033898
498371.962205 0.000000 134.237288
511884.954255 0.000000 146.440678
526285.876280 0.000000 158.644068
541441.901679 0.000000 170.847458
557169.955984 0.000000 183.050847
573211.875480 0.000000 195.254237
589214.650572 0.000000 207.457627
604688.938306 0.000000 219.661017
618970.719507 0.000000 231.864407
631154.970950 0.000000 244.067797
640031.770702 0.000000 256.271186
643997.016433 0.000000 268.474576
640984.884519 0.000000 280.677966
628424.442235 0.000000 292.881356
603322.997169 0.000000 305.084746
562561.062327 0.000000 317.288136
503577.795703 0.000000 329.491525
425521.081065 0.000000 341.694915
330773.941571 0.000000 353.898305
226282.604304 0.000000 366.101695
123688.260916 0.000000 378.305085
162117612.108663 0.000000 390.508475
-3002680.378389 -0.000000 402.711864
-10945137.417365 -0.000000 414.915254
-13780652.288006 -0.000000 427.118644
-13213136.467771 -0.000000 439.322034
-12975917.598878 -0.000000 451.525424
-12897508.828372 -0.000000 463.728814
-12906685.553176 -0.000000 475.932203
-12906838.685333 -0.000000 488.135593
-12848360.850780 -0.000000 500.338983
-12730465.627511 -0.000000 512.542373
-12638389.557888 -0.000000 524.745763
-12641302.628031 -0.000000 536.949153
-12718545.414329 -0.000000 549.152542
-12785188.121195 -0.000000 561.355932
-12806937.230849 -0.000000 573.559322
-12812496.159534 -0.000000 585.762712
-12809944.539044 -0.000000 597.966102
-12807005.187486 -0.000000 610.169492
-12799340.038511 -0.000000 622.372881
-12795577.238348 -0.000000 634.576271
-12794229.839819 -0.000000 646.779661
-12798987.494347 -0.000000 658.983051
-12796517.411989 -0.000000 671.186441
-12788181.730404 -0.000000 683.389831
-12774401.539405 -0.000000 695.593220
-12749766.229711 -0.000000 707.796610
-12723722.870533 -0.000000 720.000000
-12696263.188570 -0.000000 732.203390
-12665072.094775 -0.000000 744.406780
-12631075.838069 -0.000000 756.610169
-12593435.754975 -0.000000 768.813559
-12542777.663464 -0.000000 781.016949
-12472611.645724 -0.000000 793.220339
-12376535.099919 -0.000000 805.423729
-12245258.661660 -0.000000 817.627119
-12083423.375720 -0.000000 829.830508
-11940245.850906 -0.000000 842.033898
-11851848.525213 -0.000000 854.237288
-11782858.582111 -0.000000 866.440678
-11689405.303032 -0.000000 878.644068
-11575409.395984 -0.000000 890.847458
-11454120.702355 -0.000000 903.050847
-11330973.670731 -0.000000 915.254237
-11206886.419134 -0.000000 927.457627
-11082786.182302 -0.000000 939.661017
-10958958.978446 -0.000000 951.864407
-10835575.540203 -0.000000 964.067797
-10712493.753664 -0.000000 976.271186
-10589753.379416 -0.000000 988.474576
-10467154.642385 -0.000000 1000.677966
-10344755.887363 -0.000000 1012.881356
-10222393.880681 -0.000000 1025.084746
-10100157.105325 -0.000000 1037.288136
-9977926.593266 -0.000000 1049.491525
-9855809.127824 -0.000000 1061.694915
-9733729.550982 -0.000000 1073.898305
-9611807.631140 -0.000000 1086.101695
-9490016.756820 -0.000000 1098.305085
-9368496.625544 -0.000000 1110.508475
-9247254.374963 -0.000000 1122.711864
-9126461.723306 -0.000000 1134.915254
-9006030.960261 -0.000000 1147.118644
-8886135.551415 -0.000000 1159.322034
-8766150.849557 -0.000000 1171.525424
-8645960.679843 -0.000000 1183.728814
-8524266.080405 -0.000000 1195.932203
-8396562.039635 -0.000000 1208.135593
-8251187.133788 -0.000000 1220.338983
-8093757.357274 -0.000000 1232.542373
-7965142.572502 -0.000000 1244.745763
-7870163.390798 -0.000000 1256.949153
-7767348.321094 -0.000000 1269.152542
-7646451.758329 -0.000000 1281.355932
-7520389.751552 -0.000000 1293.559322
-7400988.981655 -0.000000 1305.762712
-7290659.594180 -0.000000 1317.966102
-7186607.523795 -0.000000 1330.169492
-7077915.163099 -0.000000 1342.372881
-6959555.647434 -0.000000 1354.576271
-6829289.738785 -0.000000 1366.779661
-6695273.149299 -0.000000 1378.983051
-6561163.623584 -0.000000 1391.186441
-6434540.025096 -0.000000 1403.389831
-6315237.221626 -0.000000 1415.593220
-6203044.451593 -0.000000 1427.796610
-6088062.776488 -0.000000 1440.000000
-5965844.760429 -0.000000 1452.203390
-5837408.287088 -0.000000 1464.406780
-5709756.152881 -0.000000 1476.610169
-5585980.608837 -0.000000 1488.813559
-5465254.316010 -0.000000 1501.016949
-5346491.561982 -0.000000 1513.220339
-5227679.942979 -0.000000 1525.423729
-5109490.923030 -0.000000 1537.627119
-4990580.277208 -0.000000 1549.830508
-4872233.691455 -0.000000 1562.033898
-4753258.416836 -0.000000 1574.237288
-4634897.893268 -0.000000 1586.440678
-4516188.597765 -0.000000 1598.644068
-4398156.485505 -0.000000 1610.847458
-4280190.567510 -0.000000 1623.050847
-4163204.014630 -0.000000 1635.254237
-4047143.369335 -0.000000 1647.457627
-3933277.466679 -0.000000 1659.661017
-3822646.537440 -0.000000 1671.864407
-3718005.012340 -0.000000 1684.067797
-3622814.297811 -0.000000 1696.271186
-3543609.261088 -0.000000 1708.474576
-3488820.406886 -0.000000 1720.677966
-3472322.802470 -0.000000 1732.881356
-3510195.374740 -0.000000 1745.084746
-3625488.937459 -0.000000 1757.288136
-3837357.439886 -0.000000 1769.491525
-4168492.816173 -0.000000 1781.694915
-4617833.374494 -0.000000 1793.898305
-5206748.086549 -0.000000 1806.101695
-5907465.892789 -0.000000 1818.305085
-6760002.142578 -0.000000 1830.508475
-4005546.037742 -0.000000 1842.711864
2402180.472663 0.000000 1854.915254
4872241.070406 0.000000 1867.118644
3525285.458413 0.000000 1879.322034
2269013.979285 0.000000 1891.525424
1498458.528235 0.000000 1903.728814
1812886.183528 0.000000 1915.932203
5661200.093525 0.000000 1928.135593
12634029.999935 0.000000 1940.338983
14999995.914672 0.000000 1952.542373
13942429.918673 0.000000 1964.745763
13557395.583105 0.000000 1976.949153
13357238.257961 0.000000 1989.152542
13137904.235121 0.000000 2001.355932
12946129.248678 0.000000 2013.559322
13925170.460370 0.000000 2025.762712
19044271.972941 0.000000 2037.966102
-4945325.165460 -0.000000 2050.169492
-25450752.161232 -0.000000 2062.372881
-32498262.191257 -0.000000 2074.576271
-23384061.893299 -0.000000 2086.779661
-16217133.211505 -0.000000 2098.983051
-13848966.330961 -0.000000 2111.186441
-13490470.813682 -0.000000 2123.389831
-14927852.751583 -0.000000 2135.593220
-16952589.855996 -0.000000 2147.796610
-18611110.712270 -0.000000 2160.000000
-19889437.112525 -0.000000 2172.203390
-20767113.506241 -0.000000 2184.406780
-21136556.916941 -0.000000 2196.610169
-21036258.978824 -0.000000 2208.813559
-18776333.770847 -0.000000 2221.016949
-23845922.052298 -0.000000 2233.220339
-1447823865.889148 -0.000000 2245.423729
-2116960.830468 -0.000000 2257.627119
11522436.843239 0.000000 2269.830508
18673819.762867 0.000000 2282.033898
16785807.452854 0.000000 2294.237288
16600699.620136 0.000000 2306.440678
16863180.305056 0.000000 2318.644068
15274142.261702 0.000000 2330.847458
9719513.182116 0.000000 2343.050847
4623099.114724 0.000000 2355.254237
2411280.794293 0.000000 2367.457627
2143274.156021 0.000000 2379.661017
2999669.525546 0.000000 2391.864407
4307294.956374 0.000000 2404.067797
5660410.422420 0.000000 2416.271186
6881391.817194 0.000000 2428.474576
7919263.172991 0.000000 2440.677966
8778595.248813 0.000000 2452.881356
9497819.710720 0.000000 2465.084746
10101942.164836 0.000000 2477.288136
10626982.192951 0.000000 2489.491525
11084198.313788 0.000000 2501.694915
11495067.784121 0.000000 2513.898305
11861494.985720 0.000000 2526.101695
12195784.387940 0.000000 2538.305085
12497216.797002 0.000000 2550.508475
12773529.778173 0.000000 2562.711864
13024303.117200 0.000000 2574.915254
13254565.766204 0.000000 2587.118644
13464400.393723 0.000000 2599.322034
13656642.405822 0.000000 2611.525424
13831631.314781 0.000000 2623.728814
13990745.931358 0.000000 2635.932203
14134819.141350 0.000000 2648.135593
14264659.192876 0.000000 2660.338983
14381647.381945 0.000000 2672.542373
14486392.386569 0.000000 2684.745763
14580413.253156 0.000000 2696.949153
14664513.610579 0.000000 2709.152542
14740246.121378 0.000000 2721.355932
14809494.489929 0.000000 2733.559322
14873539.309728 0.000000 2745.762712
14935369.151165 0.000000 2757.966102
14993856.991721 0.000000 2770.169492
15049134.447634 0.000000 2782.372881
15087714.758298 0.000000 2794.576271
15095342.791160 0.000000 2806.779661
15053950.849575 0.000000 2818.983051
14990463.221502 0.000000 2831.186441
14950997.258877 0.000000 2843.389831
14956964.572067 0.000000 2855.593220
14923833.751963 0.000000 2867.796610
14729303.564806 0.000000 2880.000000
14247025.577595 0.000000 2892.203390
13370445.978920 0.000000 2904.406780
11878150.863733 0.000000 2916.610169
9349060.981067 0.000000 2928.813559
5452336.916174 0.000000 2941.016949
1357544.221939 0.000000 2953.220339
348649.257895 0.000000 2965.423729
8046152.483765 0.000000 2977.627119
23667179.056699 0.000000 2989.830508
30757654.472804 0.000000 3002.033898
30439746.552121 0.000000 3014.237288
30715589.131535 0.000000 3026.440678
31191512.097579 0.000000 3038.644068
31340479.816342 0.000000 3050.847458
31386831.617314 0.000000 3063.050847
31002565.678595 0.000000 3075.254237
30530708.566775 0.000000 3087.457627
30403652.685239 0.000000 3099.661017
30082569.415447 0.000000 3111.864407
29735492.904679 0.000000 3124.067797
29460507.089037 0.000000 3136.271186
29200603.647735 0.000000 3148.474576
29017269.892373 0.000000 3160.677966
28873265.091014 0.000000 3172.881356
28758105.713847 0.000000 3185.084746
28654186.403919 0.000000 3197.288136
28560794.480709 0.000000 3209.491525
28473455.183637 0.000000 3221.694915
28404152.836127 0.000000 3233.898305
28363729.518739 0.000000 3246.101695
28392085.584203 0.000000 3258.305085
28528474.447828 0.000000 3270.508475
28920574.001380 0.000000 3282.711864
29288033.392086 0.000000 3294.915254
29096556.663318 0.000000 3307.118644
30326093.064226 0.000000 3319.322034
33341818.857503 0.000000 3331.525424
34566090.937986 0.000000 3343.728814
33451025.265816 0.000000 3355.932203
31283702.625679 0.000000 3368.135593
29492937.201553 0.000000 3380.338983
28735617.074511 0.000000 3392.542373
19909336.618288 0.000000 3404.745763
-399696.608360 -0.000000 3416.949153
6153178.529696 0.000000 3429.152542
57248.953370 0.000000 3441.355932
95474.877893 0.000000 3453.559322
132307.986404 0.000000 3465.762712
166579.057546 0.000000 3477.966102
197906.864051 0.000000 3490.169492
225715.235309 0.000000 3502.372881
249817.793242 0.000000 3514.576271
270160.452421 0.000000 3526.779661
286891.638783 0.000000 3538.983051
300237.363220 0.000000 3551.186441
310479.677130 0.000000 3563.389831
317885.246495 0.000000 3575.593220
322685.462569 0.000000 3587.796610
325042.603306 0.000000 3600.000000
