24754.546802 0.000000 0.000000
24873.608827 0.000000 12.203390
25111.977804 0.000000 24.406780
25470.460211 0.000000 36.610169
25949.950954 0.000000 48.813559
26551.809455 0.000000 61.016949
27277.646025 0.000000 73.220339
28129.495714 0.000000 85.423729
29109.629248 0.000000 97.627119
30220.782479 0.000000 109.830508
31465.889016 0.000000 122.033898
32848.409121 0.000000 134.237288
34371.948446 0.000000 146.440678
36040.719142 0.000000 158.644068
37859.009323 0.000000 170.847458
39831.817028 0.000000 183.050847
41964.124863 0.000000 195.254237
44261.757240 0.000000 207.457627
46730.404504 0.000000 219.661017
49376.764488 0.000000 231.864407
52207.249243 0.000000 244.067797
55229.485075 0.000000 256.271186
58450.619913 0.000000 268.474576
61879.270957 0.000000 280.677966
65523.336797 0.000000 292.881356
69392.495489 0.000000 305.084746
73495.408502 0.000000 317.288136
77842.891929 0.000000 329.491525
82444.379812 0.000000 341.694915
87311.906196 0.000000 353.898305
92455.680993 0.000000 366.101695
97889.034478 0.000000 378.305085
103622.940690 0.000000 390.508475
109672.091737 0.000000 402.711864
116048.188945 0.000000 414.915254
122767.315939 0.000000 427.118644
129841.816869 0.000000 439.322034
137289.128926 0.000000 451.525424
145122.063558 0.000000 463.728814
153359.239551 0.000000 475.932203
162013.600316 0.000000 488.135593
171104.526593 0.000000 500.338983
180644.463634 0.000000 512.542373
190652.696042 0.000000 524.745763
201140.001912 0.000000 536.949153
212123.920273 0.000000 549.152542
223611.413516 0.000000 561.355932
235615.205745 0.000000 573.559322
248134.490012 0.000000 585.762712
261171.544330 0.000000 597.966102
274710.497626 0.000000 610.169492
288732.860345 0.000000 622.372881
303194.176096 0.000000 634.576271
318036.206987 0.000000 646.779661
333160.722662 0.000000 658.983051
348434.674306 0.000000 671.186441
363659.111445 0.000000 683.389831
378561.545371 0.000000 695.593220
392755.910695 0.000000 707.796610
405713.977097 0.000000 720.000000
416711.139280 0.000000 732.203390
424771.311667 0.000000 744.406780
428605.076427 0.000000 756.610169
426555.998611 0.000000 768.813559
416612.307617 0.000000 781.016949
396527.478659 0.000000 793.220339
364207.871355 0.000000 805.423729
318414.299911 0.000000 817.627119
259838.005273 0.000000 829.830508
192167.787472 0.000000 842.033898
122602.724785 0.000000 854.237288
60782.572187 0.000000 866.440678
47891636.325116 0.000000 878.644068
-1909058.987981 -0.000000 890.847458
-12038627.855835 -0.000000 903.050847
-13728546.571870 -0.000000 915.254237
-12937377.171967 -0.000000 927.457627
-12817963.221864 -0.000000 939.661017
-12768073.719738 -0.000000 951.864407
-12823424.948811 -0.000000 964.067797
-12843767.286459 -0.000000 976.271186
-12766939.235402 -0.000000 988.474576
-12656661.749218 -0.000000 1000.677966
-12593241.514520 -0.000000 1012.881356
-12607027.262981 -0.000000 1025.084746
-12665694.879605 -0.000000 1037.288136
-12735096.474970 -0.000000 1049.491525
-12774307.030410 -0.000000 1061.694915
-12782930.036622 -0.000000 1073.898305
-12774685.219585 -0.000000 1086.101695
-12762321.177102 -0.000000 1098.305085
-12747404.255885 -0.000000 1110.508475
-12745620.970625 -0.000000 1122.711864
-12751097.815899 -0.000000 1134.915254
-12756927.186662 -0.000000 1147.118644
-12754273.239314 -0.000000 1159.322034
-12747774.360725 -0.000000 1171.525424
-12741062.230381 -0.000000 1183.728814
-12740810.427355 -0.000000 1195.932203
-12748161.539981 -0.000000 1208.135593
-12751281.594520 -0.000000 1220.338983
-12749432.181270 -0.000000 1232.542373
-12745951.403892 -0.000000 1244.745763
-12739139.659288 -0.000000 1256.949153
-12737096.937624 -0.000000 1269.152542
-12745781.196871 -0.000000 1281.355932
-12748943.039027 -0.000000 1293.559322
-12748848.926861 -0.000000 1305.762712
-12746116.281936 -0.000000 1317.966102
-12744379.458783 -0.000000 1330.169492
-12744549.916305 -0.000000 1342.372881
-12746904.450766 -0.000000 1354.576271
-12749172.460778 -0.000000 1366.779661
-12747033.470111 -0.000000 1378.983051
-12740879.978477 -0.000000 1391.186441
-12732288.000451 -0.000000 1403.389831
-12716257.486472 -0.000000 1415.593220
-12695326.094504 -0.000000 1427.796610
-12674978.467253 -0.000000 1440.000000
-12650746.435628 -0.000000 1452.203390
-12627588.248308 -0.000000 1464.406780
-12604168.734698 -0.000000 1476.610169
-12580615.552671 -0.000000 1488.813559
-12555476.360644 -0.000000 1501.016949
-12527872.213271 -0.000000 1513.220339
-12481938.799701 -0.000000 1525.423729
-12422216.911596 -0.000000 1537.627119
-12355551.639294 -0.000000 1549.830508
-12283900.127767 -0.000000 1562.033898
-12207291.739191 -0.000000 1574.237288
-12132290.805066 -0.000000 1586.440678
-12058442.842063 -0.000000 1598.644068
-11985302.740062 -0.000000 1610.847458
-11901392.555350 -0.000000 1623.050847
-11804019.481335 -0.000000 1635.254237
-11699116.384617 -0.000000 1647.457627
-11596912.503479 -0.000000 1659.661017
-11497801.666951 -0.000000 1671.864407
-11395188.471360 -0.000000 1684.067797
-11279465.557277 -0.000000 1696.271186
-11140224.211201 -0.000000 1708.474576
-10965535.305817 -0.000000 1720.677966
-10739179.771397 -0.000000 1732.881356
-10436565.601954 -0.000000 1745.084746
-10022299.507905 -0.000000 1757.288136
-9442682.865810 -0.000000 1769.491525
-8625853.193839 -0.000000 1781.694915
-7471666.819009 -0.000000 1793.898305
-5859378.752343 -0.000000 1806.101695
-3647915.422482 -0.000000 1818.305085
-716787.048567 -0.000000 1830.508475
2976617.090397 0.000000 1842.711864
7242690.301730 0.000000 1854.915254
11115231.402477 0.000000 1867.118644
13277132.086192 0.000000 1879.322034
14007500.862125 0.000000 1891.525424
14989106.379331 0.000000 1903.728814
-859853.399213 -0.000000 1915.932203
-19165906.878411 -0.000000 1928.135593
-15136044.129077 -0.000000 1940.338983
-41693902.801321 -0.000000 1952.542373
-28235792.040437 -0.000000 1964.745763
-17461391.626422 -0.000000 1976.949153
-14261393.760077 -0.000000 1989.152542
-12885721.327183 -0.000000 2001.355932
-12712269.535506 -0.000000 2013.559322
-13677948.705245 -0.000000 2025.762712
-14805012.667554 -0.000000 2037.966102
-16094876.839159 -0.000000 2050.169492
-17848072.500213 -0.000000 2062.372881
-20440709.080218 -0.000000 2074.576271
-23754079.557040 -0.000000 2086.779661
-24099492.954578 -0.000000 2098.983051
-617729413.260832 -0.000000 2111.186441
-13933810.037028 -0.000000 2123.389831
3717410.927404 0.000000 2135.593220
734948605.781034 0.000000 2147.796610
19692635.325809 0.000000 2160.000000
16161677.767865 0.000000 2172.203390
13107950.830695 0.000000 2184.406780
6324060.619002 0.000000 2196.610169
12265926.478219 0.000000 2208.813559
16486768.119089 0.000000 2221.016949
19208754.961160 0.000000 2233.220339
26934589.110487 0.000000 2245.423729
43184797.488149 0.000000 2257.627119
29591987.148764 0.000000 2269.830508
12133137.907558 0.000000 2282.033898
5043131.125084 0.000000 2294.237288
-1088923.781007 -0.000000 2306.440678
-3043101.638992 -0.000000 2318.644068
-2420525.509586 -0.000000 2330.847458
-616468.208988 -0.000000 2343.050847
1476833.956400 0.000000 2355.254237
3446385.461806 0.000000 2367.457627
5116500.840300 0.000000 2379.661017
6458992.390637 0.000000 2391.864407
7495317.449689 0.000000 2404.067797
8308017.722218 0.000000 2416.271186
8985999.967667 0.000000 2428.474576
9599202.705836 0.000000 2440.677966
10147964.710384 0.000000 2452.881356
10616959.916183 0.000000 2465.084746
11001220.364035 0.000000 2477.288136
11319277.958328 0.000000 2489.491525
11587925.305838 0.000000 2501.694915
11820420.282822 0.000000 2513.898305
12023571.771628 0.000000 2526.101695
12202160.584100 0.000000 2538.305085
12359843.715222 0.000000 2550.508475
12499566.658588 0.000000 2562.711864
12623858.039063 0.000000 2574.915254
12735248.166303 0.000000 2587.118644
12834053.968906 0.000000 2599.322034
12920238.467492 0.000000 2611.525424
12985238.980662 0.000000 2623.728814
13019393.613791 0.000000 2635.932203
13013713.568233 0.000000 2648.135593
12993112.113836 0.000000 2660.338983
13003611.334969 0.000000 2672.542373
13076786.025731 0.000000 2684.745763
13181700.899892 0.000000 2696.949153
13266835.463930 0.000000 2709.152542
13299347.024289 0.000000 2721.355932
13279380.594215 0.000000 2733.559322
13239078.888642 0.000000 2745.762712
13222440.482247 0.000000 2757.966102
13246384.747149 0.000000 2770.169492
13255438.022889 0.000000 2782.372881
13185034.623963 0.000000 2794.576271
12976694.759939 0.000000 2806.779661
12588620.245502 0.000000 2818.983051
11937274.278357 0.000000 2831.186441
10910630.360144 0.000000 2843.389831
9278053.559125 0.000000 2855.593220
6749727.022249 0.000000 2867.796610
3315984.240245 0.000000 2880.000000
177094.768844 0.000000 2892.203390
156943.659773 0.000000 2904.406780
7927332.898397 0.000000 2916.610169
22668799.044395 0.000000 2928.813559
30299461.926846 0.000000 2941.016949
30185327.900073 0.000000 2953.220339
30344060.218511 0.000000 2965.423729
30786827.678141 0.000000 2977.627119
30976783.218900 0.000000 2989.830508
31032159.632613 0.000000 3002.033898
30557026.980377 0.000000 3014.237288
30184371.839232 0.000000 3026.440678
30067889.962764 0.000000 3038.644068
29680470.721145 0.000000 3050.847458
29355178.795203 0.000000 3063.050847
29056387.933628 0.000000 3075.254237
28790886.664982 0.000000 3087.457627
28606003.530995 0.000000 3099.661017
28467900.544101 0.000000 3111.864407
28363243.329551 0.000000 3124.067797
28269093.881718 0.000000 3136.271186
28174782.506328 0.000000 3148.474576
28074020.278760 0.000000 3160.677966
27988517.635495 0.000000 3172.881356
27939407.923020 0.000000 3185.084746
27976212.918610 0.000000 3197.288136
28130882.478276 0.000000 3209.491525
28545690.401815 0.000000 3221.694915
28947520.371627 0.000000 3233.898305
28798353.772671 0.000000 3246.101695
30045191.693205 0.000000 3258.305085
33030223.418662 0.000000 3270.508475
34140434.404271 0.000000 3282.711864
33144591.986891 0.000000 3294.915254
31123133.338874 0.000000 3307.118644
29148391.599444 0.000000 3319.322034
28278415.596610 0.000000 3331.525424
23239039.256776 0.000000 3343.728814
772445.844121 0.000000 3355.932203
5443802.958297 0.000000 3368.135593
17049.332651 0.000000 3380.338983
30052.549768 0.000000 3392.542373
43150.724309 0.000000 3404.745763
55473.080285 0.000000 3416.949153
67085.208343 0.000000 3429.152542
77550.054370 0.000000 3441.355932
86810.016787 0.000000 3453.559322
94769.406946 0.000000 3465.762712
101487.096319 0.000000 3477.966102
107038.023479 0.000000 3490.169492
111554.554402 0.000000 3502.372881
115166.550547 0.000000 3514.576271
118013.486798 0.000000 3526.779661
120216.927424 0.000000 3538.983051
121888.538094 0.000000 3551.186441
123117.611487 0.000000 3563.389831
123977.803617 0.000000 3575.593220
124521.681848 0.000000 3587.796610
124785.009283 0.000000 3600.000000
