2030933.305178 0.000000 0.000000
2008516.713081 0.000000 12.203390
1961355.656388 0.000000 24.406780
1884938.622516 0.000000 36.610169
1773006.650979 0.000000 48.813559
1618542.907885 0.000000 61.016949
1415599.084957 0.000000 73.220339
1161957.262374 0.000000 85.423729
861951.438894 0.000000 97.627119
527756.366262 0.000000 109.830508
727579510.429015 0.000000 122.033898
-127719.603416 -0.000000 134.237288
-4996893.457187 -0.000000 146.440678
-10527655.911351 -0.000000 158.644068
-13382951.451360 -0.000000 170.847458
-13411169.089938 -0.000000 183.050847
-13118261.202137 -0.000000 195.254237
-13065126.679718 -0.000000 207.457627
-13035679.543713 -0.000000 219.661017
-12900484.364908 -0.000000 231.864407
-12615003.872547 -0.000000 244.067797
-12415782.892753 -0.000000 256.271186
-12359236.469592 -0.000000 268.474576
-12249507.818177 -0.000000 280.677966
-12122671.062119 -0.000000 292.881356
-12019277.550047 -0.000000 305.084746
-11919164.439560 -0.000000 317.288136
-11820859.228877 -0.000000 329.491525
-11727408.523819 -0.000000 341.694915
-11639984.122759 -0.000000 353.898305
-11557213.270609 -0.000000 366.101695
-11467148.304489 -0.000000 378.305085
-11362801.901385 -0.000000 390.508475
-11242312.718284 -0.000000 402.711864
-11113472.655146 -0.000000 414.915254
-10983296.208535 -0.000000 427.118644
-10857651.141721 -0.000000 439.322034
-10738377.289247 -0.000000 451.525424
-10626293.698962 -0.000000 463.728814
-10520014.232528 -0.000000 475.932203
-10416891.738572 -0.000000 488.135593
-10312902.203446 -0.000000 500.338983
-10204870.746156 -0.000000 512.542373
-10091594.350128 -0.000000 524.745763
-9974080.489548 -0.000000 536.949153
-9854333.951802 -0.000000 549.152542
-9734103.182764 -0.000000 561.355932
-9614483.791467 -0.000000 573.559322
-9495774.985746 -0.000000 585.762712
-9378064.643387 -0.000000 597.966102
-9261101.870518 -0.000000 610.169492
-9144843.500571 -0.000000 622.372881
-9029004.923173 -0.000000 634.576271
-8913620.195887 -0.000000 646.779661
-8798414.637680 -0.000000 658.983051
-8683473.654811 -0.000000 671.186441
-8568449.118449 -0.000000 683.389831
-8453352.693587 -0.000000 695.593220
-8337561.884881 -0.000000 707.796610
-8220757.617315 -0.000000 720.000000
-8101772.343856 -0.000000 732.203390
-7979978.235312 -0.000000 744.406780
-7854639.762157 -0.000000 756.610169
-7727595.350157 -0.000000 768.813559
-7602859.262986 -0.000000 781.016949
-7487205.916666 -0.000000 793.220339
-7383897.720280 -0.000000 805.423729
-7289140.438630 -0.000000 817.627119
-7191069.570204 -0.000000 829.830508
-7079971.051680 -0.000000 842.033898
-6953861.253045 -0.000000 854.237288
-6819306.016073 -0.000000 866.440678
-6683588.769994 -0.000000 878.644068
-6552366.255844 -0.000000 890.847458
-6427649.558105 -0.000000 903.050847
-6310338.159533 -0.000000 915.254237
-6199008.604201 -0.000000 927.457627
-6091138.117819 -0.000000 939.661017
-5982507.466153 -0.000000 951.864407
-5870070.072694 -0.000000 964.067797
-5752424.717253 -0.000000 976.271186
-5630785.841298 -0.000000 988.474576
-5507011.198157 -0.000000 1000.677966
-5383070.026964 -0.000000 1012.881356
-5259894.419326 -0.000000 1025.084746
-5137967.478832 -0.000000 1037.288136
-5017194.306018 -0.000000 1049.491525
-4897486.942446 -0.000000 1061.694915
-4778619.452640 -0.000000 1073.898305
-4660462.349839 -0.000000 1086.101695
-4542873.338780 -0.000000 1098.305085
-4425728.950047 -0.000000 1110.508475
-4308945.922486 -0.000000 1122.711864
-4192324.696304 -0.000000 1134.915254
-4075715.404392 -0.000000 1147.118644
-3958640.242766 -0.000000 1159.322034
-3840621.018825 -0.000000 1171.525424
-3720620.630816 -0.000000 1183.728814
-3597832.024880 -0.000000 1195.932203
-3471601.613992 -0.000000 1208.135593
-3343543.030629 -0.000000 1220.338983
-3217747.795756 -0.000000 1232.542373
-3100894.239353 -0.000000 1244.745763
-2996569.233302 -0.000000 1256.949153
-2901082.557978 -0.000000 1269.152542
-2802786.471373 -0.000000 1281.355932
-2691675.553086 -0.000000 1293.559322
-2565631.053850 -0.000000 1305.762712
-2430922.183480 -0.000000 1317.966102
-2294951.749421 -0.000000 1330.169492
-2163329.289407 -0.000000 1342.372881
-2038273.469893 -0.000000 1354.576271
-1920607.341815 -0.000000 1366.779661
-1809049.102151 -0.000000 1378.983051
-1700953.858945 -0.000000 1391.186441
-1592217.200568 -0.000000 1403.389831
-1479663.506082 -0.000000 1415.593220
-1362001.155630 -0.000000 1427.796610
-1240320.726794 -0.000000 1440.000000
-1116586.396020 -0.000000 1452.203390
-992649.764207 -0.000000 1464.406780
-869539.478565 -0.000000 1476.610169
-747625.990365 -0.000000 1488.813559
-626893.084522 -0.000000 1501.016949
-507147.711783 -0.000000 1513.220339
-388218.979386 -0.000000 1525.423729
-269890.552048 -0.000000 1537.627119
-152055.486091 -0.000000 1549.830508
-34553.473060 -0.000000 1562.033898
82648.479155 0.000000 1574.237288
199654.978224 0.000000 1586.440678
316443.749060 0.000000 1598.644068
433082.007325 0.000000 1610.847458
549517.501437 0.000000 1623.050847
665801.983389 0.000000 1635.254237
781875.793678 0.000000 1647.457627
897796.762092 0.000000 1659.661017
1013518.701373 0.000000 1671.864407
1129129.928879 0.000000 1684.067797
1244618.417187 0.000000 1696.271186
1360128.908997 0.000000 1708.474576
1475695.246014 0.000000 1720.677966
1591533.357402 0.000000 1732.881356
1707695.673911 0.000000 1745.084746
1824405.108353 0.000000 1757.288136
1941490.056061 0.000000 1769.491525
2058732.548186 0.000000 1781.694915
2175002.665370 0.000000 1793.898305
2289166.947771 0.000000 1806.101695
2399662.320585 0.000000 1818.305085
2506946.634841 0.000000 1830.508475
2612605.918127 0.000000 1842.711864
2720995.728631 0.000000 1854.915254
2834981.164252 0.000000 1867.118644
2957749.065615 0.000000 1879.322034
3089093.537780 0.000000 1891.525424
3231319.069539 0.000000 1903.728814
3385926.079356 0.000000 1915.932203
3560393.635720 0.000000 1928.135593
3763882.671207 0.000000 1940.338983
4013819.387240 0.000000 1952.542373
4334662.587909 0.000000 1964.745763
4761705.112086 0.000000 1976.949153
5349312.126433 0.000000 1989.152542
6151094.664971 0.000000 2001.355932
7262976.803327 0.000000 2013.559322
8612717.715483 0.000000 2025.762712
10269478.702306 0.000000 2037.966102
12377820.180982 0.000000 2050.169492
13441337.873361 0.000000 2062.372881
13525403.584830 0.000000 2074.576271
13472333.226069 0.000000 2086.779661
9281454.812686 0.000000 2098.983051
-2058878.493568 -0.000000 2111.186441
-12561614.683696 -0.000000 2123.389831
-22984514.950651 -0.000000 2135.593220
-76783821.220081 -0.000000 2147.796610
-25840408.099041 -0.000000 2160.000000
-16578175.433424 -0.000000 2172.203390
-14197245.891458 -0.000000 2184.406780
-14927082.794295 -0.000000 2196.610169
-17874688.232521 -0.000000 2208.813559
-21466946.608282 -0.000000 2221.016949
-21911464.891296 -0.000000 2233.220339
-19637448.420812 -0.000000 2245.423729
-17931940.109247 -0.000000 2257.627119
-16519369.125604 -0.000000 2269.830508
-15472702.772696 -0.000000 2282.033898
-14789112.742986 -0.000000 2294.237288
-14594328.503512 -0.000000 2306.440678
-14857851.134478 -0.000000 2318.644068
-15211201.927643 -0.000000 2330.847458
-15528954.319902 -0.000000 2343.050847
-16345820.343238 -0.000000 2355.254237
-18205993.960362 -0.000000 2367.457627
-21937938.702064 -0.000000 2379.661017
-30003135.708149 -0.000000 2391.864407
-42339368.487422 -0.000000 2404.067797
-15540231.725915 -0.000000 2416.271186
-7449486.787631 -0.000000 2428.474576
-4191722.161258 -0.000000 2440.677966
-387335.217174 -0.000000 2452.881356
2568845.265221 0.000000 2465.084746
4770248.734419 0.000000 2477.288136
6450605.912300 0.000000 2489.491525
7805552.079553 0.000000 2501.694915
8959866.377225 0.000000 2513.898305
9989159.070892 0.000000 2526.101695
10930414.990605 0.000000 2538.305085
11800307.682429 0.000000 2550.508475
12601217.059879 0.000000 2562.711864
13332848.650027 0.000000 2574.915254
13987172.520022 0.000000 2587.118644
14565805.639750 0.000000 2599.322034
15018513.388465 0.000000 2611.525424
15331044.795324 0.000000 2623.728814
15542445.844726 0.000000 2635.932203
15606910.702143 0.000000 2648.135593
15599695.180559 0.000000 2660.338983
15561344.954500 0.000000 2672.542373
15469956.991183 0.000000 2684.745763
15427813.464724 0.000000 2696.949153
15492782.128455 0.000000 2709.152542
15592977.764842 0.000000 2721.355932
15638826.459941 0.000000 2733.559322
15626825.875291 0.000000 2745.762712
15592825.969020 0.000000 2757.966102
15559086.714643 0.000000 2770.169492
15537933.187653 0.000000 2782.372881
15548349.088263 0.000000 2794.576271
15589041.043620 0.000000 2806.779661
15638073.880630 0.000000 2818.983051
15665274.541900 0.000000 2831.186441
15656410.486686 0.000000 2843.389831
15624939.530410 0.000000 2855.593220
15593081.767747 0.000000 2867.796610
15581611.295229 0.000000 2880.000000
15598000.721992 0.000000 2892.203390
15630300.805825 0.000000 2904.406780
15655806.221646 0.000000 2916.610169
15607671.420706 0.000000 2928.813559
15482437.975534 0.000000 2941.016949
15590864.300352 0.000000 2953.220339
16186331.061292 0.000000 2965.423729
17033736.172481 0.000000 2977.627119
17947570.907167 0.000000 2989.830508
15095303.008868 0.000000 3002.033898
8359077.806219 0.000000 3014.237288
1750471.667583 0.000000 3026.440678
-2234789.188776 -0.000000 3038.644068
7132340.026497 0.000000 3050.847458
26484222.556539 0.000000 3063.050847
30754880.318847 0.000000 3075.254237
30151684.423512 0.000000 3087.457627
30634519.530312 0.000000 3099.661017
31539887.107346 0.000000 3111.864407
32110985.094513 0.000000 3124.067797
32048022.931283 0.000000 3136.271186
31716034.054568 0.000000 3148.474576
31148358.396028 0.000000 3160.677966
30918675.425457 0.000000 3172.881356
30803495.447268 0.000000 3185.084746
30453407.317637 0.000000 3197.288136
30174837.400549 0.000000 3209.491525
29935092.183065 0.000000 3221.694915
29739534.889870 0.000000 3233.898305
29593144.489167 0.000000 3246.101695
29469676.268018 0.000000 3258.305085
29352576.427886 0.000000 3270.508475
29233643.010567 0.000000 3282.711864
29111495.900617 0.000000 3294.915254
28996342.455329 0.000000 3307.118644
28898721.881627 0.000000 3319.322034
28859329.478873 0.000000 3331.525424
28910180.789593 0.000000 3343.728814
29204474.616578 0.000000 3355.932203
29490063.561834 0.000000 3368.135593
29181422.900631 0.000000 3380.338983
30380443.403551 0.000000 3392.542373
33738067.921441 0.000000 3404.745763
35373168.875653 0.000000 3416.949153
34578289.263232 0.000000 3429.152542
32791516.136670 0.000000 3441.355932
31404489.731182 0.000000 3453.559322
30968609.422537 0.000000 3465.762712
24246701.397828 0.000000 3477.966102
-78348.915158 -0.000000 3490.169492
64091258.094293 0.000000 3502.372881
254842.747906 0.000000 3514.576271
403414.751998 0.000000 3526.779661
532807.837138 0.000000 3538.983051
641659.051696 0.000000 3551.186441
729565.258216 0.000000 3563.389831
795834.128719 0.000000 3575.593220
840161.767359 0.000000 3587.796610
862353.255877 0.000000 3600.000000
