7528.514078 0.000000 0.000000
7535.913816 0.000000 12.203390
7550.650169 0.000000 24.406780
7572.913000 0.000000 36.610169
7602.668057 0.000000 48.813559
7640.048038 0.000000 61.016949
7685.111841 0.000000 73.220339
7738.049312 0.000000 85.423729
7798.961033 0.000000 97.627119
7868.111591 0.000000 109.830508
7945.647810 0.000000 122.033898
8031.922153 0.000000 134.237288
8127.139041 0.000000 146.440678
8231.752095 0.000000 158.644068
8346.035959 0.000000 170.847458
8470.560626 0.000000 183.050847
8605.685003 0.000000 195.254237
8752.111663 0.000000 207.457627
8910.298597 0.000000 219.661017
9081.097536 0.000000 231.864407
9265.080372 0.000000 244.067797
9463.265195 0.000000 256.271186
9676.352394 0.000000 268.474576
9905.543347 0.000000 280.677966
10151.681921 0.000000 292.881356
10416.169598 0.000000 305.084746
10700.007203 0.000000 317.288136
11004.813830 0.000000 329.491525
11331.761080 0.000000 341.694915
11682.702673 0.000000 353.898305
12058.995569 0.000000 366.101695
12462.746087 0.000000 378.305085
12895.510356 0.000000 390.508475
13359.667273 0.000000 402.711864
13856.988128 0.000000 414.915254
14390.144691 0.000000 427.118644
14961.141555 0.000000 439.322034
15572.967786 0.000000 451.525424
16227.880080 0.000000 463.728814
16929.212330 0.000000 475.932203
17679.496701 0.000000 488.135593
18482.441708 0.000000 500.338983
19340.881896 0.000000 512.542373
20258.936036 0.000000 524.745763
21239.770113 0.000000 536.949153
22287.953121 0.000000 549.152542
23407.017271 0.000000 561.355932
24602.025050 0.000000 573.559322
25876.913328 0.000000 585.762712
27237.288308 0.000000 597.966102
28687.533453 0.000000 610.169492
30233.852012 0.000000 622.372881
31881.121353 0.000000 634.576271
33636.200465 0.000000 646.779661
35504.511099 0.000000 658.983051
37493.631949 0.000000 671.186441
39609.583571 0.000000 683.389831
41860.731466 0.000000 695.593220
44253.754025 0.000000 707.796610
46797.875846 0.000000 720.000000
49500.495196 0.000000 732.203390
52371.771633 0.000000 744.406780
55419.888812 0.000000 756.610169
58656.020517 0.000000 768.813559
62089.205638 0.000000 781.016949
65731.714872 0.000000 793.220339
69593.514531 0.000000 805.423729
73688.058369 0.000000 817.627119
78026.317039 0.000000 829.830508
82623.014546 0.000000 842.033898
87490.206227 0.000000 854.237288
92643.977345 0.000000 866.440678
98097.552395 0.000000 878.644068
103868.470795 0.000000 890.847458
109971.215666 0.000000 903.050847
116424.874177 0.000000 915.254237
123245.283505 0.000000 927.457627
130453.172634 0.000000 939.661017
138065.833973 0.000000 951.864407
146105.732534 0.000000 964.067797
154591.722613 0.000000 976.271186
163548.095108 0.000000 988.474576
172995.375078 0.000000 1000.677966
182959.760686 0.000000 1012.881356
193463.556635 0.000000 1025.084746
204534.930623 0.000000 1037.288136
216198.062419 0.000000 1049.491525
228483.116330 0.000000 1061.694915
241416.209889 0.000000 1073.898305
255029.466482 0.000000 1086.101695
269350.934710 0.000000 1098.305085
284414.542409 0.000000 1110.508475
300250.123611 0.000000 1122.711864
316893.047956 0.000000 1134.915254
334374.532585 0.000000 1147.118644
352730.657190 0.000000 1159.322034
371993.144694 0.000000 1171.525424
392197.401718 0.000000 1183.728814
413373.923291 0.000000 1195.932203
435554.894220 0.000000 1208.135593
458766.301391 0.000000 1220.338983
483032.462767 0.000000 1232.542373
508368.770294 0.000000 1244.745763
534783.232168 0.000000 1256.949153
562269.422500 0.000000 1269.152542
590803.609481 0.000000 1281.355932
620336.829657 0.000000 1293.559322
650785.201441 0.000000 1305.762712
682018.766078 0.000000 1317.966102
713840.731831 0.000000 1330.169492
745968.344267 0.000000 1342.372881
777993.474312 0.000000 1354.576271
809346.627224 0.000000 1366.779661
839226.094224 0.000000 1378.983051
866530.952877 0.000000 1391.186441
889742.322281 0.000000 1403.389831
906814.593775 0.000000 1415.593220
915014.598395 0.000000 1427.796610
910826.922037 0.000000 1440.000000
889915.196862 0.000000 1452.203390
847413.026016 0.000000 1464.406780
778680.159683 0.000000 1476.610169
680913.108767 0.000000 1488.813559
555462.947302 0.000000 1501.016949
410345.390155 0.000000 1513.220339
261231.505635 0.000000 1525.423729
129289.232132 0.000000 1537.627119
31782390.872629 0.000000 1549.830508
-1081480.783656 -0.000000 1562.033898
-6824990.674483 -0.000000 1574.237288
-12659149.251295 -0.000000 1586.440678
-13432881.710633 -0.000000 1598.644068
-13058281.500368 -0.000000 1610.847458
-12936529.639511 -0.000000 1623.050847
-12922326.612247 -0.000000 1635.254237
-12929688.120787 -0.000000 1647.457627
-12871463.664478 -0.000000 1659.661017
-12570058.290635 -0.000000 1671.864407
-12216518.603033 -0.000000 1684.067797
-12133055.718941 -0.000000 1696.271186
-11976626.109620 -0.000000 1708.474576
-11610236.597773 -0.000000 1720.677966
-11064814.534761 -0.000000 1732.881356
-10247763.403683 -0.000000 1745.084746
-9093735.920886 -0.000000 1757.288136
-7501973.608238 -0.000000 1769.491525
-5379149.434080 -0.000000 1781.694915
-2672027.143304 -0.000000 1793.898305
613087.088203 0.000000 1806.101695
4358157.295701 0.000000 1818.305085
8128764.405755 0.000000 1830.508475
11424975.402380 0.000000 1842.711864
13277270.565844 0.000000 1854.915254
12797851.583644 0.000000 1867.118644
6991548.298804 0.000000 1879.322034
-7285913.253234 -0.000000 1891.525424
-16834260.445799 -0.000000 1903.728814
-42856140.318996 -0.000000 1915.932203
-43096368.467333 -0.000000 1928.135593
-20277593.448570 -0.000000 1940.338983
-15069008.551866 -0.000000 1952.542373
-13498864.253471 -0.000000 1964.745763
-13891560.054942 -0.000000 1976.949153
-15833705.764612 -0.000000 1989.152542
-18201115.816101 -0.000000 2001.355932
-20536101.083416 -0.000000 2013.559322
-22829917.575788 -0.000000 2025.762712
-24993229.114749 -0.000000 2037.966102
-27194456.387651 -0.000000 2050.169492
-29404864.982928 -0.000000 2062.372881
-32632752.751913 -0.000000 2074.576271
-31446693.819614 -0.000000 2086.779661
-29961231.686811 -0.000000 2098.983051
-5989887913.965929 -0.000000 2111.186441
-7320779.845586 -0.000000 2123.389831
-10200455.031361 -0.000000 2135.593220
-2363567.978071 -0.000000 2147.796610
311087621.676265 0.000000 2160.000000
12109008.689408 0.000000 2172.203390
5794174.972356 0.000000 2184.406780
20400320.616145 0.000000 2196.610169
74512856.425478 0.000000 2208.813559
33897549.817247 0.000000 2221.016949
10904612.957695 0.000000 2233.220339
12467177.021523 0.000000 2245.423729
10300296.729129 0.000000 2257.627119
7280749.318713 0.000000 2269.830508
4578128.347954 0.000000 2282.033898
2880595.392515 0.000000 2294.237288
2365077.614537 0.000000 2306.440678
2717372.248547 0.000000 2318.644068
3563862.451817 0.000000 2330.847458
4618071.692596 0.000000 2343.050847
5695200.046380 0.000000 2355.254237
6693727.861185 0.000000 2367.457627
7575589.713990 0.000000 2379.661017
8330556.622716 0.000000 2391.864407
8971504.043299 0.000000 2404.067797
9511088.886390 0.000000 2416.271186
9969696.904590 0.000000 2428.474576
10359402.569479 0.000000 2440.677966
10696271.714742 0.000000 2452.881356
10986571.756950 0.000000 2465.084746
11241348.834877 0.000000 2477.288136
11462411.401327 0.000000 2489.491525
11658353.400499 0.000000 2501.694915
11828580.047564 0.000000 2513.898305
11978997.801130 0.000000 2526.101695
12102706.107587 0.000000 2538.305085
12192853.901862 0.000000 2550.508475
12233193.574355 0.000000 2562.711864
12232047.872530 0.000000 2574.915254
12233992.735223 0.000000 2587.118644
12290331.129343 0.000000 2599.322034
12391436.207553 0.000000 2611.525424
12470281.988146 0.000000 2623.728814
12506793.311412 0.000000 2635.932203
12536603.215983 0.000000 2648.135593
12608244.565422 0.000000 2660.338983
12692414.267570 0.000000 2672.542373
12746123.783044 0.000000 2684.745763
12731281.544026 0.000000 2696.949153
12678475.875869 0.000000 2709.152542
12626954.010685 0.000000 2721.355932
12618810.634165 0.000000 2733.559322
12633515.810189 0.000000 2745.762712
12647179.259522 0.000000 2757.966102
12633684.144300 0.000000 2770.169492
12594537.756312 0.000000 2782.372881
12507478.199482 0.000000 2794.576271
12305859.512013 0.000000 2806.779661
11901973.372036 0.000000 2818.983051
11188126.212901 0.000000 2831.186441
10026900.817958 0.000000 2843.389831
8148081.013009 0.000000 2855.593220
5345881.166128 0.000000 2867.796610
1820768.330745 0.000000 2880.000000
-455301.460675 -0.000000 2892.203390
1745575.080326 0.000000 2904.406780
13391952.708852 0.000000 2916.610169
27062883.686033 0.000000 2928.813559
29931376.577261 0.000000 2941.016949
29955926.266903 0.000000 2953.220339
30360451.184180 0.000000 2965.423729
30646645.140115 0.000000 2977.627119
30814561.787310 0.000000 2989.830508
30677332.828675 0.000000 3002.033898
30153441.111468 0.000000 3014.237288
29884988.928158 0.000000 3026.440678
29598684.144965 0.000000 3038.644068
29189199.058528 0.000000 3050.847458
28871409.425066 0.000000 3063.050847
28578276.335509 0.000000 3075.254237
28368380.539194 0.000000 3087.457627
28213825.020684 0.000000 3099.661017
28102601.104948 0.000000 3111.864407
28013381.310419 0.000000 3124.067797
27937775.904646 0.000000 3136.271186
27863302.433156 0.000000 3148.474576
27795003.895815 0.000000 3160.677966
27744045.197930 0.000000 3172.881356
27732631.922719 0.000000 3185.084746
27806203.400838 0.000000 3197.288136
28038633.012133 0.000000 3209.491525
28500329.760593 0.000000 3221.694915
28625347.138010 0.000000 3233.898305
28714622.087193 0.000000 3246.101695
30822764.392971 0.000000 3258.305085
33483957.491932 0.000000 3270.508475
33611962.193127 0.000000 3282.711864
32219838.310562 0.000000 3294.915254
30306708.134442 0.000000 3307.118644
27187319.042115 0.000000 3319.322034
28639416.599523 0.000000 3331.525424
12239460.889837 0.000000 3343.728814
7628324.673647 0.000000 3355.932203
207168.981357 0.000000 3368.135593
17192.968921 0.000000 3380.338983
24463.738933 0.000000 3392.542373
32178.732119 0.000000 3404.745763
38844.258933 0.000000 3416.949153
45125.231384 0.000000 3429.152542
50520.555252 0.000000 3441.355932
55252.345148 0.000000 3453.559322
59194.698436 0.000000 3465.762712
62496.700626 0.000000 3477.966102
65167.727936 0.000000 3490.169492
67331.214061 0.000000 3502.372881
69035.742015 0.000000 3514.576271
70377.004063 0.000000 3526.779661
71403.868643 0.000000 3538.983051
72183.320727 0.000000 3551.186441
72751.715508 0.000000 3563.389831
73150.417703 0.000000 3575.593220
73400.919044 0.000000 3587.796610
73522.632557 0.000000 3600.000000
