24850.129467 0.000000 0.000000
24970.470794 0.000000 12.203390
25211.378192 0.000000 24.406780
25573.740454 0.000000 36.610169
26058.393970 0.000000 48.813559
26666.856296 0.000000 61.016949
27400.642927 0.000000 73.220339
28262.016330 0.000000 85.423729
29253.118335 0.000000 97.627119
30376.970310 0.000000 109.830508
31636.347740 0.000000 122.033898
33035.039788 0.000000 134.237288
34576.472567 0.000000 146.440678
36265.212458 0.000000 158.644068
38105.358267 0.000000 170.847458
40102.266091 0.000000 183.050847
42260.735990 0.000000 195.254237
44586.929047 0.000000 207.457627
47086.382213 0.000000 219.661017
49766.079106 0.000000 231.864407
52632.336900 0.000000 244.067797
55692.982140 0.000000 256.271186
58955.163809 0.000000 268.474576
62427.572878 0.000000 280.677966
66118.251621 0.000000 292.881356
70036.776758 0.000000 305.084746
74192.153381 0.000000 317.288136
78594.863236 0.000000 329.491525
83254.953267 0.000000 341.694915
88183.821233 0.000000 353.898305
93392.642171 0.000000 366.101695
98893.726326 0.000000 378.305085
104699.463173 0.000000 390.508475
110823.044623 0.000000 402.711864
117278.152271 0.000000 414.915254
124078.776842 0.000000 427.118644
131239.939307 0.000000 439.322034
138776.261681 0.000000 451.525424
146704.077282 0.000000 463.728814
155038.320941 0.000000 475.932203
163796.465896 0.000000 488.135593
172993.178430 0.000000 500.338983
182646.613151 0.000000 512.542373
192770.136743 0.000000 524.745763
203381.585585 0.000000 536.949153
214491.199498 0.000000 549.152542
226114.496264 0.000000 561.355932
238255.344797 0.000000 573.559322
250923.086032 0.000000 585.762712
264109.420510 0.000000 597.966102
277810.208014 0.000000 610.169492
291994.491835 0.000000 622.372881
306630.926255 0.000000 634.576271
321646.693930 0.000000 646.779661
336957.495791 0.000000 658.983051
352413.143654 0.000000 671.186441
367828.195994 0.000000 683.389831
382909.342333 0.000000 695.593220
397280.959448 0.000000 707.796610
410387.422153 0.000000 720.000000
421505.861395 0.000000 732.203390
429619.203103 0.000000 744.406780
433419.472732 0.000000 756.610169
431181.365102 0.000000 768.813559
420836.746478 0.000000 781.016949
400033.023721 0.000000 793.220339
366605.434976 0.000000 805.423729
319277.528156 0.000000 817.627119
258893.978377 0.000000 829.830508
189533.129440 0.000000 842.033898
119018.268928 0.000000 854.237288
57629.235734 0.000000 866.440678
115575840.167541 0.000000 878.644068
-4301512.195254 -0.000000 890.847458
-13512754.221081 -0.000000 903.050847
-13626821.513148 -0.000000 915.254237
-12912831.570325 -0.000000 927.457627
-12759102.481967 -0.000000 939.661017
-12791025.363404 -0.000000 951.864407
-12833425.425296 -0.000000 964.067797
-12836513.311023 -0.000000 976.271186
-12747910.606030 -0.000000 988.474576
-12641325.590811 -0.000000 1000.677966
-12597971.317348 -0.000000 1012.881356
-12624627.098618 -0.000000 1025.084746
-12684391.969437 -0.000000 1037.288136
-12743977.382582 -0.000000 1049.491525
-12776387.961618 -0.000000 1061.694915
-12777842.980198 -0.000000 1073.898305
-12769747.975573 -0.000000 1086.101695
-12766132.594081 -0.000000 1098.305085
-12764872.145056 -0.000000 1110.508475
-12760426.310942 -0.000000 1122.711864
-12751550.302530 -0.000000 1134.915254
-12745146.327535 -0.000000 1147.118644
-12745700.421101 -0.000000 1159.322034
-12748437.363691 -0.000000 1171.525424
-12749643.599662 -0.000000 1183.728814
-12749592.908639 -0.000000 1195.932203
-12746872.709364 -0.000000 1208.135593
-12745955.393964 -0.000000 1220.338983
-12748351.661399 -0.000000 1232.542373
-12747430.498175 -0.000000 1244.745763
-12745414.035237 -0.000000 1256.949153
-12747897.329714 -0.000000 1269.152542
-12749613.538945 -0.000000 1281.355932
-12749943.774614 -0.000000 1293.559322
-12749910.385935 -0.000000 1305.762712
-12749526.219950 -0.000000 1317.966102
-12748924.531635 -0.000000 1330.169492
-12748214.743443 -0.000000 1342.372881
-12747543.021933 -0.000000 1354.576271
-12743924.441370 -0.000000 1366.779661
-12740431.492089 -0.000000 1378.983051
-12735456.286392 -0.000000 1391.186441
-12721641.363592 -0.000000 1403.389831
-12703849.603576 -0.000000 1415.593220
-12683290.035127 -0.000000 1427.796610
-12660202.508594 -0.000000 1440.000000
-12636949.103404 -0.000000 1452.203390
-12612561.081863 -0.000000 1464.406780
-12587604.729197 -0.000000 1476.610169
-12561419.269332 -0.000000 1488.813559
-12531456.425201 -0.000000 1501.016949
-12494901.256542 -0.000000 1513.220339
-12449120.887172 -0.000000 1525.423729
-12386347.139534 -0.000000 1537.627119
-12311585.820574 -0.000000 1549.830508
-12233654.634849 -0.000000 1562.033898
-12154120.917393 -0.000000 1574.237288
-12072886.068595 -0.000000 1586.440678
-11990395.680682 -0.000000 1598.644068
-11906332.824088 -0.000000 1610.847458
-11821105.018784 -0.000000 1623.050847
-11734429.522830 -0.000000 1635.254237
-11646410.510751 -0.000000 1647.457627
-11555737.395307 -0.000000 1659.661017
-11459801.997138 -0.000000 1671.864407
-11353392.359568 -0.000000 1684.067797
-11229286.545416 -0.000000 1696.271186
-11079353.368214 -0.000000 1708.474576
-10894193.180248 -0.000000 1720.677966
-10662325.254936 -0.000000 1732.881356
-10361916.147440 -0.000000 1745.084746
-9955473.638705 -0.000000 1757.288136
-9381255.473685 -0.000000 1769.491525
-8557655.106816 -0.000000 1781.694915
-7381528.289862 -0.000000 1793.898305
-5729589.646726 -0.000000 1806.101695
-3465869.966748 -0.000000 1818.305085
-453977.345367 -0.000000 1830.508475
3309857.647736 0.000000 1842.711864
7731207.767349 0.000000 1854.915254
11532939.818388 0.000000 1867.118644
13386747.768914 0.000000 1879.322034
14042609.544187 0.000000 1891.525424
15837552.862474 0.000000 1903.728814
-627800.462048 -0.000000 1915.932203
-20203202.667567 -0.000000 1928.135593
-14875321.878739 -0.000000 1940.338983
-42913697.159407 -0.000000 1952.542373
-27723167.612481 -0.000000 1964.745763
-17221688.027402 -0.000000 1976.949153
-14160400.776631 -0.000000 1989.152542
-12856300.946052 -0.000000 2001.355932
-12775013.380534 -0.000000 2013.559322
-13838068.545171 -0.000000 2025.762712
-14999295.246032 -0.000000 2037.966102
-16266280.880548 -0.000000 2050.169492
-17837407.566623 -0.000000 2062.372881
-20345988.302789 -0.000000 2074.576271
-22742141.264126 -0.000000 2086.779661
-26435873.789236 -0.000000 2098.983051
-2997318440.310921 -0.000000 2111.186441
-7602957.899232 -0.000000 2123.389831
-95465.160580 -0.000000 2135.593220
492533253.409439 0.000000 2147.796610
23507484.788102 0.000000 2160.000000
15166278.708628 0.000000 2172.203390
7593584.019161 0.000000 2184.406780
7878645.240172 0.000000 2196.610169
16418294.252342 0.000000 2208.813559
17899493.756825 0.000000 2221.016949
20985579.263779 0.000000 2233.220339
30124820.630131 0.000000 2245.423729
47826917.944564 0.000000 2257.627119
29640683.054010 0.000000 2269.830508
13250474.739343 0.000000 2282.033898
6485105.008176 0.000000 2294.237288
-440811.757046 -0.000000 2306.440678
-2758893.618767 -0.000000 2318.644068
-2265928.944963 -0.000000 2330.847458
-511715.294989 -0.000000 2343.050847
1568828.819053 0.000000 2355.254237
3539299.269646 0.000000 2367.457627
5222139.798318 0.000000 2379.661017
6596764.711088 0.000000 2391.864407
7691289.917804 0.000000 2404.067797
8566469.504783 0.000000 2416.271186
9271799.103186 0.000000 2428.474576
9852987.797822 0.000000 2440.677966
10340226.148998 0.000000 2452.881356
10755713.368625 0.000000 2465.084746
11114419.856697 0.000000 2477.288136
11425538.605743 0.000000 2489.491525
11697499.632266 0.000000 2501.694915
11934453.727117 0.000000 2513.898305
12142609.636029 0.000000 2526.101695
12324177.047970 0.000000 2538.305085
12484271.519648 0.000000 2550.508475
12624096.943257 0.000000 2562.711864
12748064.911083 0.000000 2574.915254
12856983.942661 0.000000 2587.118644
12954588.933698 0.000000 2599.322034
13041286.775489 0.000000 2611.525424
13118896.309093 0.000000 2623.728814
13185399.789960 0.000000 2635.932203
13235782.776886 0.000000 2648.135593
13262625.331731 0.000000 2660.338983
13264204.477839 0.000000 2672.542373
13263346.724070 0.000000 2684.745763
13291042.255246 0.000000 2696.949153
13359688.400847 0.000000 2709.152542
13437049.345219 0.000000 2721.355932
13493012.331481 0.000000 2733.559322
13498340.955476 0.000000 2745.762712
13446438.370459 0.000000 2757.966102
13341855.201044 0.000000 2770.169492
13235724.192912 0.000000 2782.372881
13161416.332372 0.000000 2794.576271
13080745.284042 0.000000 2806.779661
12847404.005093 0.000000 2818.983051
12277597.883444 0.000000 2831.186441
11191096.434599 0.000000 2843.389831
9358025.875512 0.000000 2855.593220
6534859.310575 0.000000 2867.796610
2822339.008105 0.000000 2880.000000
-192127.290682 -0.000000 2892.203390
913697.394280 0.000000 2904.406780
10532429.790264 0.000000 2916.610169
24823809.227407 0.000000 2928.813559
30274756.251791 0.000000 2941.016949
30206833.715165 0.000000 2953.220339
30467930.929679 0.000000 2965.423729
30843301.883345 0.000000 2977.627119
31023053.703617 0.000000 2989.830508
31019678.768662 0.000000 3002.033898
30509404.653457 0.000000 3014.237288
30177933.516500 0.000000 3026.440678
30031055.349584 0.000000 3038.644068
29623292.177680 0.000000 3050.847458
29278226.857435 0.000000 3063.050847
28949168.865752 0.000000 3075.254237
28670710.250929 0.000000 3087.457627
28483642.653960 0.000000 3099.661017
28358021.201303 0.000000 3111.864407
28274138.374436 0.000000 3124.067797
28206947.557550 0.000000 3136.271186
28141562.027582 0.000000 3148.474576
28068336.978917 0.000000 3160.677966
28005380.290776 0.000000 3172.881356
27973966.657041 0.000000 3185.084746
28024632.852388 0.000000 3197.288136
28194706.549886 0.000000 3209.491525
28619689.691465 0.000000 3221.694915
28983648.947551 0.000000 3233.898305
28860893.668189 0.000000 3246.101695
30226034.479825 0.000000 3258.305085
33143472.641596 0.000000 3270.508475
34179481.560461 0.000000 3282.711864
33016337.306850 0.000000 3294.915254
30849733.654319 0.000000 3307.118644
29005030.104816 0.000000 3319.322034
28296100.922043 0.000000 3331.525424
18713092.434611 0.000000 3343.728814
-422032.559548 -0.000000 3355.932203
1136088.873156 0.000000 3368.135593
19319.095099 0.000000 3380.338983
33736.908952 0.000000 3392.542373
48240.517433 0.000000 3404.745763
62043.843490 0.000000 3416.949153
75002.534546 0.000000 3429.152542
86723.093448 0.000000 3441.355932
97082.455613 0.000000 3453.559322
105996.190448 0.000000 3465.762712
113514.355420 0.000000 3477.966102
119726.720034 0.000000 3490.169492
124777.689767 0.000000 3502.372881
128814.537476 0.000000 3514.576271
131993.374647 0.000000 3526.779661
134451.119991 0.000000 3538.983051
136313.722287 0.000000 3551.186441
137681.583631 0.000000 3563.389831
138638.064400 0.000000 3575.593220
139242.232200 0.000000 3587.796610
139534.644401 0.000000 3600.000000
