15987.814345 0.000000 0.000000
16072.682614 0.000000 12.203390
16242.830008 0.000000 24.406780
16498.660321 0.000000 36.610169
16841.572992 0.000000 48.813559
17272.111524 0.000000 61.016949
17792.743368 0.000000 73.220339
18404.262570 0.000000 85.423729
19110.170536 0.000000 97.627119
19911.516240 0.000000 109.830508
20812.868280 0.000000 122.033898
21815.525115 0.000000 134.237288
22925.171731 0.000000 146.440678
24143.345422 0.000000 158.644068
25476.907525 0.000000 170.847458
26927.619790 0.000000 183.050847
28503.591501 0.000000 195.254237
30206.789454 0.000000 207.457627
32046.654312 0.000000 219.661017
34025.332331 0.000000 231.864407
36153.691168 0.000000 244.067797
38434.024838 0.000000 256.271186
40878.736531 0.000000 268.474576
43490.228787 0.000000 280.677966
46282.563756 0.000000 292.881356
49258.205550 0.000000 305.084746
52433.012690 0.000000 317.288136
55809.456745 0.000000 329.491525
59405.347094 0.000000 341.694915
63223.099917 0.000000 353.898305
67282.648056 0.000000 366.101695
71586.282431 0.000000 378.305085
76156.248912 0.000000 390.508475
80994.637399 0.000000 402.711864
86126.215791 0.000000 414.915254
91552.790059 0.000000 427.118644
97301.877322 0.000000 439.322034
103374.915579 0.000000 451.525424
109802.411324 0.000000 463.728814
116585.349653 0.000000 475.932203
123757.478208 0.000000 488.135593
131319.244524 0.000000 500.338983
139307.889226 0.000000 512.542373
147723.245437 0.000000 524.745763
156606.280582 0.000000 536.949153
165956.142204 0.000000 549.152542
175817.717012 0.000000 561.355932
186189.397279 0.000000 573.559322
197120.094225 0.000000 585.762712
208607.367524 0.000000 597.966102
220704.100532 0.000000 610.169492
233406.896740 0.000000 622.372881
246772.290596 0.000000 634.576271
260795.688439 0.000000 646.779661
275536.497212 0.000000 658.983051
290988.416650 0.000000 671.186441
307212.181524 0.000000 683.389831
324198.710246 0.000000 695.593220
342007.230806 0.000000 707.796610
360623.683075 0.000000 720.000000
380100.746997 0.000000 732.203390
400414.988862 0.000000 744.406780
421603.666427 0.000000 756.610169
443625.374173 0.000000 768.813559
466486.294443 0.000000 781.016949
490110.425585 0.000000 793.220339
514445.005470 0.000000 805.423729
539347.569624 0.000000 817.627119
564656.290785 0.000000 829.830508
590101.605851 0.000000 842.033898
615322.012519 0.000000 854.237288
639807.146552 0.000000 866.440678
662833.941542 0.000000 878.644068
683446.033653 0.000000 890.847458
700285.448843 0.000000 903.050847
711617.842619 0.000000 915.254237
715070.447382 0.000000 927.457627
707764.524909 0.000000 939.661017
686142.725482 0.000000 951.864407
646461.940850 0.000000 964.067797
585305.458834 0.000000 976.271186
500776.633610 0.000000 988.474576
394581.928901 0.000000 1000.677966
272229.689944 0.000000 1012.881356
152818.715059 0.000000 1025.084746
49020.261026 0.000000 1037.288136
432228.822585 0.000000 1049.491525
-6783542.331396 -0.000000 1061.694915
-13314945.726599 -0.000000 1073.898305
-13351639.626932 -0.000000 1086.101695
-13017417.909569 -0.000000 1098.305085
-12909456.193327 -0.000000 1110.508475
-12901285.782048 -0.000000 1122.711864
-12909687.487528 -0.000000 1134.915254
-12865649.144434 -0.000000 1147.118644
-12754326.642063 -0.000000 1159.322034
-12605873.375896 -0.000000 1171.525424
-12561639.020770 -0.000000 1183.728814
-12676024.336908 -0.000000 1195.932203
-12761260.657907 -0.000000 1208.135593
-12779124.278405 -0.000000 1220.338983
-12773771.883775 -0.000000 1232.542373
-12762834.028452 -0.000000 1244.745763
-12735868.584251 -0.000000 1256.949153
-12704089.545552 -0.000000 1269.152542
-12675029.442133 -0.000000 1281.355932
-12651301.894843 -0.000000 1293.559322
-12626241.060232 -0.000000 1305.762712
-12584831.874403 -0.000000 1317.966102
-12506131.032805 -0.000000 1330.169492
-12397821.755320 -0.000000 1342.372881
-12271496.511243 -0.000000 1354.576271
-12131253.198660 -0.000000 1366.779661
-11981296.797530 -0.000000 1378.983051
-11819157.046204 -0.000000 1391.186441
-11650951.522666 -0.000000 1403.389831
-11492201.334039 -0.000000 1415.593220
-11352946.937122 -0.000000 1427.796610
-11225949.312206 -0.000000 1440.000000
-11097343.336840 -0.000000 1452.203390
-10954295.003230 -0.000000 1464.406780
-10798263.609453 -0.000000 1476.610169
-10634908.642884 -0.000000 1488.813559
-10476407.540495 -0.000000 1501.016949
-10326335.932516 -0.000000 1513.220339
-10185021.174050 -0.000000 1525.423729
-10040198.444480 -0.000000 1537.627119
-9890430.245233 -0.000000 1549.830508
-9742264.244690 -0.000000 1562.033898
-9605476.035111 -0.000000 1574.237288
-9468808.803248 -0.000000 1586.440678
-9317735.671575 -0.000000 1598.644068
-9149940.811821 -0.000000 1610.847458
-8977436.955166 -0.000000 1623.050847
-8806599.667819 -0.000000 1635.254237
-8633989.865365 -0.000000 1647.457627
-8451550.585990 -0.000000 1659.661017
-8249090.166485 -0.000000 1671.864407
-8015091.176072 -0.000000 1684.067797
-7732106.075256 -0.000000 1696.271186
-7375060.136541 -0.000000 1708.474576
-6907113.835889 -0.000000 1720.677966
-6276877.780467 -0.000000 1732.881356
-5421882.171048 -0.000000 1745.084746
-4263646.208328 -0.000000 1757.288136
-2705405.766952 -0.000000 1769.491525
-603283.345183 -0.000000 1781.694915
2189354.579560 0.000000 1793.898305
5667952.019409 0.000000 1806.101695
9908720.612480 0.000000 1818.305085
13056820.511059 0.000000 1830.508475
13587176.404699 0.000000 1842.711864
13940814.536325 0.000000 1854.915254
8732910.318760 0.000000 1867.118644
-7171935.273984 -0.000000 1879.322034
-17343678.688141 -0.000000 1891.525424
-27777324.314569 -0.000000 1903.728814
-47711286.057677 -0.000000 1915.932203
-21594253.381747 -0.000000 1928.135593
-15492588.350588 -0.000000 1940.338983
-13493956.270406 -0.000000 1952.542373
-13064510.440422 -0.000000 1964.745763
-14107797.706717 -0.000000 1976.949153
-15811426.288903 -0.000000 1989.152542
-17571715.114295 -0.000000 2001.355932
-19636992.562171 -0.000000 2013.559322
-22135324.312015 -0.000000 2025.762712
-25577701.983059 -0.000000 2037.966102
-29613293.514753 -0.000000 2050.169492
-24990217.085110 -0.000000 2062.372881
-461153532.944988 -0.000000 2074.576271
-61650052.465240 -0.000000 2086.779661
3213866.118866 0.000000 2098.983051
6399091.612696 0.000000 2111.186441
6797960.397420 0.000000 2123.389831
4611755.391102 0.000000 2135.593220
3481150551.494533 0.000000 2147.796610
15642202.657187 0.000000 2160.000000
22015325.021220 0.000000 2172.203390
29776197.378380 0.000000 2184.406780
31254546.610062 0.000000 2196.610169
14765865.598764 0.000000 2208.813559
10190213.463640 0.000000 2221.016949
5741462.559884 0.000000 2233.220339
881837.981609 0.000000 2245.423729
-2383994.819033 -0.000000 2257.627119
-3935996.837613 -0.000000 2269.830508
-4128828.643479 -0.000000 2282.033898
-3495860.696440 -0.000000 2294.237288
-2431710.064685 -0.000000 2306.440678
-1253623.508808 -0.000000 2318.644068
-107023.221711 -0.000000 2330.847458
915955.975288 0.000000 2343.050847
1802297.326199 0.000000 2355.254237
2548608.291271 0.000000 2367.457627
3199292.247186 0.000000 2379.661017
3799692.168432 0.000000 2391.864407
4386410.929529 0.000000 2404.067797
4947024.153477 0.000000 2416.271186
5461930.924587 0.000000 2428.474576
5920734.088441 0.000000 2440.677966
6331975.260184 0.000000 2452.881356
6705800.146525 0.000000 2465.084746
7050457.689182 0.000000 2477.288136
7371031.512163 0.000000 2489.491525
7670253.167195 0.000000 2501.694915
7950869.264237 0.000000 2513.898305
8214580.800381 0.000000 2526.101695
8462392.129171 0.000000 2538.305085
8694347.785320 0.000000 2550.508475
8904245.966656 0.000000 2562.711864
9085264.001207 0.000000 2574.915254
9227361.507551 0.000000 2587.118644
9341135.070225 0.000000 2599.322034
9445067.831922 0.000000 2611.525424
9567979.078523 0.000000 2623.728814
9722303.234504 0.000000 2635.932203
9904688.739048 0.000000 2648.135593
10070643.626639 0.000000 2660.338983
10174692.080165 0.000000 2672.542373
10213718.987204 0.000000 2684.745763
10230352.351940 0.000000 2696.949153
10279544.739700 0.000000 2709.152542
10371839.789592 0.000000 2721.355932
10483055.400908 0.000000 2733.559322
10546065.758138 0.000000 2745.762712
10521106.663669 0.000000 2757.966102
10368277.447616 0.000000 2770.169492
10032440.924409 0.000000 2782.372881
9374621.059359 0.000000 2794.576271
8228804.765302 0.000000 2806.779661
6418901.052639 0.000000 2818.983051
3870347.856252 0.000000 2831.186441
877116.050945 0.000000 2843.389831
-1385953.145585 -0.000000 2855.593220
-534245.890629 -0.000000 2867.796610
7604156.903231 0.000000 2880.000000
21852346.557441 0.000000 2892.203390
29680987.109403 0.000000 2904.406780
29821037.055580 0.000000 2916.610169
29822731.493557 0.000000 2928.813559
30257698.236363 0.000000 2941.016949
30536007.428907 0.000000 2953.220339
30423373.029330 0.000000 2965.423729
29946517.986410 0.000000 2977.627119
29671814.314532 0.000000 2989.830508
29441377.258300 0.000000 3002.033898
29067105.831148 0.000000 3014.237288
28767270.873293 0.000000 3026.440678
28473018.026377 0.000000 3038.644068
28237086.291734 0.000000 3050.847458
28063955.719420 0.000000 3063.050847
27937023.373004 0.000000 3075.254237
27840230.243232 0.000000 3087.457627
27753010.874322 0.000000 3099.661017
27664209.410525 0.000000 3111.864407
27569137.556016 0.000000 3124.067797
27489235.914787 0.000000 3136.271186
27449601.245568 0.000000 3148.474576
27501614.031335 0.000000 3160.677966
27679393.927735 0.000000 3172.881356
28118699.015388 0.000000 3185.084746
28522699.663653 0.000000 3197.288136
28319058.987318 0.000000 3209.491525
29602708.172601 0.000000 3221.694915
32718592.135679 0.000000 3233.898305
33853527.917066 0.000000 3246.101695
32595823.158437 0.000000 3258.305085
30429734.478454 0.000000 3270.508475
28791597.881765 0.000000 3282.711864
27848249.073905 0.000000 3294.915254
23008370.120277 0.000000 3307.118644
936966.273966 0.000000 3319.322034
-1598774.030386 -0.000000 3331.525424
-1266.292603 -0.000000 3343.728814
-1063.215880 -0.000000 3355.932203
-1074.105332 -0.000000 3368.135593
-1580.459471 -0.000000 3380.338983
-2088.437929 -0.000000 3392.542373
-2688.013571 -0.000000 3404.745763
-3231.091586 -0.000000 3416.949153
-3718.789286 -0.000000 3429.152542
-4107.831462 -0.000000 3441.355932
-4401.472686 -0.000000 3453.559322
-4597.724075 -0.000000 3465.762712
-4709.305102 -0.000000 3477.966102
-4749.446024 -0.000000 3490.169492
-4733.904305 -0.000000 3502.372881
-4678.677507 -0.000000 3514.576271
-4597.828278 -0.000000 3526.779661
-4504.998636 -0.000000 3538.983051
-4410.736486 -0.000000 3551.186441
-4324.783970 -0.000000 3563.389831
-4253.936408 -0.000000 3575.593220
-4203.830783 -0.000000 3587.796610
-4177.882592 -0.000000 3600.000000
