12272.780235 0.000000 0.000000
12282.511722 0.000000 12.203390
12301.868595 0.000000 24.406780
12331.047087 0.000000 36.610169
12369.943561 0.000000 48.813559
12418.603536 0.000000 61.016949
12477.011484 0.000000 73.220339
12545.215458 0.000000 85.423729
12623.209662 0.000000 97.627119
12711.060325 0.000000 109.830508
12808.769135 0.000000 122.033898
12916.426804 0.000000 134.237288
13034.046850 0.000000 146.440678
13161.748713 0.000000 158.644068
13299.562116 0.000000 170.847458
13447.639582 0.000000 183.050847
13606.031586 0.000000 195.254237
13774.927523 0.000000 207.457627
13954.402929 0.000000 219.661017
14144.686899 0.000000 231.864407
14345.883674 0.000000 244.067797
14558.264587 0.000000 256.271186
14781.965661 0.000000 268.474576
15017.302084 0.000000 280.677966
15264.445204 0.000000 292.881356
15523.755236 0.000000 305.084746
15795.441158 0.000000 317.288136
16079.909951 0.000000 329.491525
16377.411422 0.000000 341.694915
16688.400400 0.000000 353.898305
17013.171939 0.000000 366.101695
17352.230573 0.000000 378.305085
17705.920623 0.000000 390.508475
18074.799631 0.000000 402.711864
18459.267387 0.000000 414.915254
18859.937053 0.000000 427.118644
19277.271925 0.000000 439.322034
19711.946021 0.000000 451.525424
20164.493861 0.000000 463.728814
20635.656519 0.000000 475.932203
21126.050632 0.000000 488.135593
21636.489920 0.000000 500.338983
22167.685657 0.000000 512.542373
22720.532366 0.000000 524.745763
23295.848146 0.000000 536.949153
23894.616899 0.000000 549.152542
24517.778811 0.000000 561.355932
25166.414759 0.000000 573.559322
25841.602996 0.000000 585.762712
26544.531458 0.000000 597.966102
27276.433022 0.000000 610.169492
28038.611329 0.000000 622.372881
28832.473065 0.000000 634.576271
29659.447133 0.000000 646.779661
30521.133895 0.000000 658.983051
31419.098169 0.000000 671.186441
32355.155735 0.000000 683.389831
33331.017239 0.000000 695.593220
34348.738816 0.000000 707.796610
35410.188704 0.000000 720.000000
36517.690401 0.000000 732.203390
37673.282157 0.000000 744.406780
38879.585042 0.000000 756.610169
40138.820863 0.000000 768.813559
41453.943015 0.000000 781.016949
42827.371922 0.000000 793.220339
44262.431077 0.000000 805.423729
45761.756595 0.000000 817.627119
47329.085560 0.000000 829.830508
48967.286792 0.000000 842.033898
50680.558811 0.000000 854.237288
52472.022869 0.000000 866.440678
54346.391536 0.000000 878.644068
56307.058961 0.000000 890.847458
58359.309596 0.000000 903.050847
60506.830420 0.000000 915.254237
62755.540648 0.000000 927.457627
65109.439151 0.000000 939.661017
67575.147332 0.000000 951.864407
70156.993875 0.000000 964.067797
72862.373009 0.000000 976.271186
75695.956905 0.000000 988.474576
78665.984623 0.000000 1000.677966
81777.480362 0.000000 1012.881356
85039.602559 0.000000 1025.084746
88457.727423 0.000000 1037.288136
92042.004958 0.000000 1049.491525
95798.153232 0.000000 1061.694915
99737.383087 0.000000 1073.898305
103865.731280 0.000000 1086.101695
108195.533718 0.000000 1098.305085
112733.106920 0.000000 1110.508475
117491.967108 0.000000 1122.711864
122478.653263 0.000000 1134.915254
127707.907423 0.000000 1147.118644
133186.412936 0.000000 1159.322034
138930.167713 0.000000 1171.525424
144945.900548 0.000000 1183.728814
151250.877711 0.000000 1195.932203
157851.750988 0.000000 1208.135593
164767.046256 0.000000 1220.338983
172003.191419 0.000000 1232.542373
179579.936607 0.000000 1244.745763
187503.318996 0.000000 1256.949153
195794.243775 0.000000 1269.152542
204458.169111 0.000000 1281.355932
213517.043379 0.000000 1293.559322
222975.541816 0.000000 1305.762712
232856.490717 0.000000 1317.966102
243163.561861 0.000000 1330.169492
253920.218778 0.000000 1342.372881
265128.897613 0.000000 1354.576271
276813.351944 0.000000 1366.779661
288974.523467 0.000000 1378.983051
301635.951091 0.000000 1391.186441
314796.777490 0.000000 1403.389831
328479.572540 0.000000 1415.593220
342681.253295 0.000000 1427.796610
357422.260227 0.000000 1440.000000
372696.595239 0.000000 1452.203390
388520.720083 0.000000 1464.406780
404884.469976 0.000000 1476.610169
421797.293374 0.000000 1488.813559
439242.448018 0.000000 1501.016949
457217.232761 0.000000 1513.220339
475693.628699 0.000000 1525.423729
494647.885636 0.000000 1537.627119
514031.539099 0.000000 1549.830508
533784.064612 0.000000 1562.033898
553818.807832 0.000000 1574.237288
574010.318222 0.000000 1586.440678
594199.845346 0.000000 1598.644068
614146.482117 0.000000 1610.847458
633556.034380 0.000000 1623.050847
651983.259154 0.000000 1635.254237
668886.223154 0.000000 1647.457627
683470.553885 0.000000 1659.661017
694774.074801 0.000000 1671.864407
701473.200750 0.000000 1684.067797
702036.219224 0.000000 1696.271186
694630.982008 0.000000 1708.474576
677512.497772 0.000000 1720.677966
649428.927896 0.000000 1732.881356
610476.711846 0.000000 1745.084746
563266.317041 0.000000 1757.288136
514566.382127 0.000000 1769.491525
474681.226976 0.000000 1781.694915
511471.226326 0.000000 1793.898305
3280628.502118 0.000000 1806.101695
20506324.444001 0.000000 1818.305085
1543672001.524906 0.000000 1830.508475
435900.374208 0.000000 1842.711864
-5129266.528129 -0.000000 1854.915254
1291523.137676 0.000000 1867.118644
-735210578.332958 -0.000000 1879.322034
-41714966.957978 -0.000000 1891.525424
-16242418.074686 -0.000000 1903.728814
-14084051.795077 -0.000000 1915.932203
-12314789.796888 -0.000000 1928.135593
-12265574.700294 -0.000000 1940.338983
-13258065.311930 -0.000000 1952.542373
-14710498.882624 -0.000000 1964.745763
-16384144.806839 -0.000000 1976.949153
-18195760.237066 -0.000000 1989.152542
-19987995.009463 -0.000000 2001.355932
-21732470.635226 -0.000000 2013.559322
-23443293.923291 -0.000000 2025.762712
-25237913.965740 -0.000000 2037.966102
-27065494.911136 -0.000000 2050.169492
-29663516.435437 -0.000000 2062.372881
-26702013.582951 -0.000000 2074.576271
-88281840.658537 -0.000000 2086.779661
-761666063.141399 -0.000000 2098.983051
-3414827.506332 -0.000000 2111.186441
-6207764.903027 -0.000000 2123.389831
2615110428.964207 0.000000 2135.593220
5780470.910433 0.000000 2147.796610
5274803.160499 0.000000 2160.000000
5517567.615920 0.000000 2172.203390
6590033.755254 0.000000 2184.406780
94250397.321756 0.000000 2196.610169
83726123.557286 0.000000 2208.813559
6990565.515500 0.000000 2221.016949
11497021.027938 0.000000 2233.220339
11624254.457796 0.000000 2245.423729
10242480.482351 0.000000 2257.627119
7796947.711092 0.000000 2269.830508
5519936.190544 0.000000 2282.033898
4223983.853498 0.000000 2294.237288
3951578.418641 0.000000 2306.440678
4376202.231399 0.000000 2318.644068
5181053.764739 0.000000 2330.847458
6104962.756200 0.000000 2343.050847
7006426.077660 0.000000 2355.254237
7828116.575991 0.000000 2367.457627
8569600.019008 0.000000 2379.661017
9241074.659525 0.000000 2391.864407
9820433.639226 0.000000 2404.067797
10308042.967000 0.000000 2416.271186
10703989.773898 0.000000 2428.474576
11037550.917364 0.000000 2440.677966
11316646.662534 0.000000 2452.881356
11561498.807174 0.000000 2465.084746
11772567.764535 0.000000 2477.288136
11961132.443100 0.000000 2489.491525
12125972.740532 0.000000 2501.694915
12273320.550473 0.000000 2513.898305
12402700.442281 0.000000 2526.101695
12517341.200762 0.000000 2538.305085
12618341.771035 0.000000 2550.508475
12707240.084761 0.000000 2562.711864
12786569.813660 0.000000 2574.915254
12856868.058537 0.000000 2587.118644
12920150.337435 0.000000 2599.322034
12973187.783683 0.000000 2611.525424
13010066.147249 0.000000 2623.728814
13022127.618878 0.000000 2635.932203
13009566.205110 0.000000 2648.135593
12992883.306753 0.000000 2660.338983
12991087.004183 0.000000 2672.542373
13011738.734163 0.000000 2684.745763
13036243.328420 0.000000 2696.949153
13051265.059885 0.000000 2709.152542
13035453.638994 0.000000 2721.355932
13008071.996565 0.000000 2733.559322
12999938.333044 0.000000 2745.762712
13051663.581809 0.000000 2757.966102
13136309.103905 0.000000 2770.169492
13187193.531010 0.000000 2782.372881
13127575.849375 0.000000 2794.576271
12903078.805833 0.000000 2806.779661
12438606.010862 0.000000 2818.983051
11623263.879000 0.000000 2831.186441
10314335.502352 0.000000 2843.389831
8300576.547064 0.000000 2855.593220
5401209.472858 0.000000 2867.796610
1910324.114479 0.000000 2880.000000
-12880.631621 -0.000000 2892.203390
3811999.681493 0.000000 2904.406780
16605372.683499 0.000000 2916.610169
28534685.483214 0.000000 2928.813559
29736451.090953 0.000000 2941.016949
29759808.987336 0.000000 2953.220339
30276463.307517 0.000000 2965.423729
30510609.597741 0.000000 2977.627119
30649014.954007 0.000000 2989.830508
30407395.355266 0.000000 3002.033898
29872583.075488 0.000000 3014.237288
29687487.012274 0.000000 3026.440678
29416543.465136 0.000000 3038.644068
29081578.186901 0.000000 3050.847458
28816436.935859 0.000000 3063.050847
28552050.734699 0.000000 3075.254237
28357716.584671 0.000000 3087.457627
28195261.335138 0.000000 3099.661017
28057402.732628 0.000000 3111.864407
27922063.976310 0.000000 3124.067797
27791810.458318 0.000000 3136.271186
27654044.737588 0.000000 3148.474576
27524233.268465 0.000000 3160.677966
27430826.195343 0.000000 3172.881356
27414060.696231 0.000000 3185.084746
27523413.711065 0.000000 3197.288136
27848478.001272 0.000000 3209.491525
28354020.095508 0.000000 3221.694915
28221184.631569 0.000000 3233.898305
28757471.240104 0.000000 3246.101695
31722175.707167 0.000000 3258.305085
33871455.516769 0.000000 3270.508475
33311000.187965 0.000000 3282.711864
31700537.377986 0.000000 3294.915254
29818732.584232 0.000000 3307.118644
26787070.790194 0.000000 3319.322034
28114332.181444 0.000000 3331.525424
7881712.057271 0.000000 3343.728814
13303278.269995 0.000000 3355.932203
15955.109971 0.000000 3368.135593
28484.478599 0.000000 3380.338983
41107.383727 0.000000 3392.542373
53058.977568 0.000000 3404.745763
64343.858060 0.000000 3416.949153
74537.863804 0.000000 3429.152542
83571.074490 0.000000 3441.355932
91339.285024 0.000000 3453.559322
97897.898197 0.000000 3465.762712
103313.911496 0.000000 3477.966102
107719.282065 0.000000 3490.169492
111239.382127 0.000000 3502.372881
114015.596517 0.000000 3514.576271
116168.523936 0.000000 3526.779661
117814.034605 0.000000 3538.983051
119043.931023 0.000000 3551.186441
119938.742057 0.000000 3563.389831
120557.323034 0.000000 3575.593220
120945.966283 0.000000 3587.796610
121132.761996 0.000000 3600.000000
