8454.664359 0.000000 0.000000
8460.426688 0.000000 12.203390
8471.905416 0.000000 24.406780
8489.272553 0.000000 36.610169
8512.555218 0.000000 48.813559
8541.831328 0.000000 61.016949
8577.267347 0.000000 73.220339
8618.964929 0.000000 85.423729
8667.171021 0.000000 97.627119
8722.023557 0.000000 109.830508
8783.849797 0.000000 122.033898
8852.829915 0.000000 134.237288
8929.377509 0.000000 146.440678
9013.719701 0.000000 158.644068
9106.363162 0.000000 170.847458
9207.587512 0.000000 183.050847
9318.000423 0.000000 195.254237
9437.939736 0.000000 207.457627
9568.122886 0.000000 219.661017
9708.951502 0.000000 231.864407
9861.261925 0.000000 244.067797
10025.525471 0.000000 256.271186
10202.706957 0.000000 268.474576
10393.352904 0.000000 280.677966
10598.567446 0.000000 292.881356
10818.977731 0.000000 305.084746
11055.837583 0.000000 317.288136
11309.860949 0.000000 329.491525
11582.463219 0.000000 341.694915
11874.450825 0.000000 353.898305
12187.414518 0.000000 366.101695
12522.259814 0.000000 378.305085
12880.767018 0.000000 390.508475
13263.949048 0.000000 402.711864
13673.793230 0.000000 414.915254
14111.428091 0.000000 427.118644
14579.068624 0.000000 439.322034
15077.970583 0.000000 451.525424
15610.598860 0.000000 463.728814
16178.350250 0.000000 475.932203
16783.967224 0.000000 488.135593
17429.002511 0.000000 500.338983
18116.508263 0.000000 512.542373
18848.212505 0.000000 524.745763
19627.512174 0.000000 536.949153
20456.332738 0.000000 549.152542
21338.457689 0.000000 561.355932
22276.033656 0.000000 573.559322
23273.277121 0.000000 585.762712
24332.584650 0.000000 597.966102
25458.656742 0.000000 610.169492
26654.169737 0.000000 622.372881
27924.365676 0.000000 634.576271
29272.233552 0.000000 646.779661
30703.618818 0.000000 658.983051
32221.858664 0.000000 671.186441
33833.468816 0.000000 683.389831
35542.170443 0.000000 695.593220
37355.221957 0.000000 707.796610
39276.766111 0.000000 720.000000
41314.880152 0.000000 732.203390
43474.166067 0.000000 744.406780
45763.600097 0.000000 756.610169
48188.280515 0.000000 768.813559
50758.167318 0.000000 781.016949
53478.891579 0.000000 793.220339
56361.484201 0.000000 805.423729
59412.145028 0.000000 817.627119
62643.067542 0.000000 829.830508
66061.053761 0.000000 842.033898
69679.554214 0.000000 854.237288
73506.007130 0.000000 866.440678
77555.217551 0.000000 878.644068
81835.293540 0.000000 890.847458
86362.495258 0.000000 903.050847
91145.633898 0.000000 915.254237
96202.528268 0.000000 927.457627
101542.727275 0.000000 939.661017
107185.713605 0.000000 951.864407
113141.812118 0.000000 964.067797
119432.274484 0.000000 976.271186
126068.243303 0.000000 988.474576
133072.840473 0.000000 1000.677966
140458.074242 0.000000 1012.881356
148249.032392 0.000000 1025.084746
156458.643015 0.000000 1037.288136
165114.040109 0.000000 1049.491525
174229.133322 0.000000 1061.694915
183833.158714 0.000000 1073.898305
193941.075106 0.000000 1086.101695
204584.236454 0.000000 1098.305085
215778.717982 0.000000 1110.508475
227557.940965 0.000000 1122.711864
239939.149491 0.000000 1134.915254
252957.678519 0.000000 1147.118644
266631.948079 0.000000 1159.322034
280998.884587 0.000000 1171.525424
296077.988487 0.000000 1183.728814
311907.186619 0.000000 1195.932203
328506.747254 0.000000 1208.135593
345914.567929 0.000000 1220.338983
364150.945670 0.000000 1232.542373
383251.988149 0.000000 1244.745763
403236.479813 0.000000 1256.949153
424135.733649 0.000000 1269.152542
445963.975912 0.000000 1281.355932
468742.555912 0.000000 1293.559322
492475.317580 0.000000 1305.762712
517164.632119 0.000000 1317.966102
542792.988275 0.000000 1330.169492
569327.772692 0.000000 1342.372881
596709.592976 0.000000 1354.576271
624841.925139 0.000000 1366.779661
653585.118703 0.000000 1378.983051
682725.682655 0.000000 1391.186441
711972.005996 0.000000 1403.389831
740895.595009 0.000000 1415.593220
768919.852353 0.000000 1427.796610
795222.032250 0.000000 1440.000000
818701.370205 0.000000 1452.203390
837830.420722 0.000000 1464.406780
850595.959638 0.000000 1476.610169
854320.034460 0.000000 1488.813559
845646.480149 0.000000 1501.016949
820527.164606 0.000000 1513.220339
774646.155561 0.000000 1525.423729
704225.358175 0.000000 1537.627119
607673.546040 0.000000 1549.830508
487638.916752 0.000000 1562.033898
352984.290291 0.000000 1574.237288
218972.820855 0.000000 1586.440678
104671.640112 0.000000 1598.644068
257300055.412990 0.000000 1610.847458
-3712602.809973 -0.000000 1623.050847
-10650321.012057 -0.000000 1635.254237
-13540843.746525 -0.000000 1647.457627
-13249598.180574 -0.000000 1659.661017
-12962063.468380 -0.000000 1671.864407
-12916701.704082 -0.000000 1684.067797
-13016893.459681 -0.000000 1696.271186
-12963973.654701 -0.000000 1708.474576
-12268476.027881 -0.000000 1720.677966
-11325230.635967 -0.000000 1732.881356
-10369117.290453 -0.000000 1745.084746
-8964300.774490 -0.000000 1757.288136
-7064498.998003 -0.000000 1769.491525
-4627460.630171 -0.000000 1781.694915
-1604776.671918 -0.000000 1793.898305
1925183.860153 0.000000 1806.101695
5687227.387473 0.000000 1818.305085
9364596.196853 0.000000 1830.508475
12078128.828759 0.000000 1842.711864
13448451.793012 0.000000 1854.915254
11840183.797840 0.000000 1867.118644
-610593.993981 -0.000000 1879.322034
-14153122.776542 -0.000000 1891.525424
-16999643.125312 -0.000000 1903.728814
-80970654.699694 -0.000000 1915.932203
-25839690.808642 -0.000000 1928.135593
-16507190.737734 -0.000000 1940.338983
-13910017.730817 -0.000000 1952.542373
-13355969.117618 -0.000000 1964.745763
-14518645.341519 -0.000000 1976.949153
-16719881.780064 -0.000000 1989.152542
-19000994.717527 -0.000000 2001.355932
-21163318.468248 -0.000000 2013.559322
-23206182.957619 -0.000000 2025.762712
-25177183.582559 -0.000000 2037.966102
-27282369.419386 -0.000000 2050.169492
-29231760.944811 -0.000000 2062.372881
-32920980.649547 -0.000000 2074.576271
-27203377.943240 -0.000000 2086.779661
-734720609.337461 -0.000000 2098.983051
-65836407.214059 -0.000000 2111.186441
4267275.565373 0.000000 2123.389831
-3827104.579831 -0.000000 2135.593220
35404079.317607 0.000000 2147.796610
119232973.045872 0.000000 2160.000000
5943473.440634 0.000000 2172.203390
6266184.774100 0.000000 2184.406780
14392088.895181 0.000000 2196.610169
169966881.218950 0.000000 2208.813559
31022199.521515 0.000000 2221.016949
8485836.939264 0.000000 2233.220339
11763359.241094 0.000000 2245.423729
10348321.917089 0.000000 2257.627119
7586352.065658 0.000000 2269.830508
4859329.505501 0.000000 2282.033898
2893373.217891 0.000000 2294.237288
2015765.373313 0.000000 2306.440678
2069853.040436 0.000000 2318.644068
2728339.968769 0.000000 2330.847458
3671535.920443 0.000000 2343.050847
4683224.894325 0.000000 2355.254237
5651319.125576 0.000000 2367.457627
6545668.775658 0.000000 2379.661017
7352399.497660 0.000000 2391.864407
8052319.533517 0.000000 2404.067797
8638750.577073 0.000000 2416.271186
9122581.436747 0.000000 2428.474576
9527607.656362 0.000000 2440.677966
9871122.921692 0.000000 2452.881356
10169183.238028 0.000000 2465.084746
10429174.565447 0.000000 2477.288136
10659615.079006 0.000000 2489.491525
10863336.286524 0.000000 2501.694915
11045596.099832 0.000000 2513.898305
11206415.444498 0.000000 2526.101695
11347469.271741 0.000000 2538.305085
11460607.859322 0.000000 2550.508475
11538153.821359 0.000000 2562.711864
11571832.208071 0.000000 2574.915254
11586946.622620 0.000000 2587.118644
11626327.422612 0.000000 2599.322034
11721563.260442 0.000000 2611.525424
11843431.990791 0.000000 2623.728814
11952217.870714 0.000000 2635.932203
12025510.101840 0.000000 2648.135593
12073966.944690 0.000000 2660.338983
12107910.339050 0.000000 2672.542373
12137300.548834 0.000000 2684.745763
12165066.552661 0.000000 2696.949153
12192016.416788 0.000000 2709.152542
12217539.124285 0.000000 2721.355932
12230418.529059 0.000000 2733.559322
12218167.172523 0.000000 2745.762712
12164535.712745 0.000000 2757.966102
12092192.894221 0.000000 2770.169492
12035795.832403 0.000000 2782.372881
12004059.054366 0.000000 2794.576271
11901688.931201 0.000000 2806.779661
11593090.040361 0.000000 2818.983051
10934227.980709 0.000000 2831.186441
9809638.021906 0.000000 2843.389831
8064006.220350 0.000000 2855.593220
5520103.504334 0.000000 2867.796610
2281289.234562 0.000000 2880.000000
-501479.976956 -0.000000 2892.203390
-188956.953160 -0.000000 2904.406780
7715680.386244 0.000000 2916.610169
22244084.545006 0.000000 2928.813559
29889819.146493 0.000000 2941.016949
29891933.778193 0.000000 2953.220339
29975255.700585 0.000000 2965.423729
30411843.118912 0.000000 2977.627119
30653937.510715 0.000000 2989.830508
30651764.133454 0.000000 3002.033898
30147168.492026 0.000000 3014.237288
29828593.402948 0.000000 3026.440678
29692774.089792 0.000000 3038.644068
29323961.936106 0.000000 3050.847458
29025909.266825 0.000000 3063.050847
28739699.781100 0.000000 3075.254237
28491714.033168 0.000000 3087.457627
28304253.992128 0.000000 3099.661017
28156594.198992 0.000000 3111.864407
28042783.427572 0.000000 3124.067797
27949294.672107 0.000000 3136.271186
27871598.949319 0.000000 3148.474576
27799680.100494 0.000000 3160.677966
27751867.314227 0.000000 3172.881356
27740758.511558 0.000000 3185.084746
27807648.745219 0.000000 3197.288136
27985109.609508 0.000000 3209.491525
28399368.206310 0.000000 3221.694915
28718115.238228 0.000000 3233.898305
28568372.331589 0.000000 3246.101695
29943922.278410 0.000000 3258.305085
32815134.293968 0.000000 3270.508475
33775091.085421 0.000000 3282.711864
32533621.765287 0.000000 3294.915254
30351272.711323 0.000000 3307.118644
28529961.673431 0.000000 3319.322034
27651435.593105 0.000000 3331.525424
20610770.873387 0.000000 3343.728814
-690353.280745 -0.000000 3355.932203
589237.439529 0.000000 3368.135593
6087.598763 0.000000 3380.338983
11235.743208 0.000000 3392.542373
16341.867232 0.000000 3404.745763
20995.900298 0.000000 3416.949153
25338.278692 0.000000 3429.152542
29209.152815 0.000000 3441.355932
32619.635274 0.000000 3453.559322
35545.065332 0.000000 3465.762712
38018.667913 0.000000 3477.966102
40072.162093 0.000000 3490.169492
41755.817127 0.000000 3502.372881
43116.196644 0.000000 3514.576271
44201.781777 0.000000 3526.779661
45053.986186 0.000000 3538.983051
45710.093328 0.000000 3551.186441
46199.719553 0.000000 3563.389831
46546.898445 0.000000 3575.593220
46768.848832 0.000000 3587.796610
46877.004398 0.000000 3600.000000
