20424.427239 0.000000 0.000000
20520.112273 0.000000 12.203390
20711.915085 0.000000 24.406780
21000.251393 0.000000 36.610169
21386.592423 0.000000 48.813559
21871.489918 0.000000 61.016949
22457.532186 0.000000 73.220339
23145.516207 0.000000 85.423729
23939.104647 0.000000 97.627119
24839.334863 0.000000 109.830508
25850.969511 0.000000 122.033898
26975.269130 0.000000 134.237288
28218.137218 0.000000 146.440678
29581.033690 0.000000 158.644068
31071.054375 0.000000 170.847458
32689.830601 0.000000 183.050847
34445.714165 0.000000 195.254237
36340.475316 0.000000 207.457627
38383.798396 0.000000 219.661017
40577.555298 0.000000 231.864407
42932.853080 0.000000 244.067797
45451.624188 0.000000 256.271186
48146.502834 0.000000 268.474576
51019.436402 0.000000 280.677966
54084.706378 0.000000 292.881356
57344.225474 0.000000 305.084746
60814.056175 0.000000 317.288136
64496.024055 0.000000 329.491525
68408.121038 0.000000 341.694915
72552.029216 0.000000 353.898305
76947.830907 0.000000 366.101695
81597.006689 0.000000 378.305085
86521.896867 0.000000 390.508475
91723.721943 0.000000 402.711864
97227.249778 0.000000 414.915254
103033.379634 0.000000 427.118644
109169.466644 0.000000 439.322034
115636.028713 0.000000 451.525424
122463.136545 0.000000 463.728814
129650.861439 0.000000 475.932203
137232.060461 0.000000 488.135593
145206.275237 0.000000 500.338983
153609.111727 0.000000 512.542373
162439.461004 0.000000 524.745763
171735.451388 0.000000 536.949153
181495.107903 0.000000 549.152542
191758.539831 0.000000 561.355932
202522.488137 0.000000 573.559322
213827.968593 0.000000 585.762712
225669.613337 0.000000 597.966102
238087.370698 0.000000 610.169492
251072.128214 0.000000 622.372881
264659.260541 0.000000 634.576271
278832.708740 0.000000 646.779661
293617.104426 0.000000 658.983051
308983.238909 0.000000 671.186441
324934.125365 0.000000 683.389831
341415.483784 0.000000 695.593220
358389.364739 0.000000 707.796610
375753.661603 0.000000 720.000000
393394.670403 0.000000 732.203390
411119.322090 0.000000 744.406780
428675.208178 0.000000 756.610169
445697.798318 0.000000 768.813559
461683.356569 0.000000 781.016949
475951.642935 0.000000 793.220339
487557.358545 0.000000 805.423729
495274.540670 0.000000 817.627119
497454.121462 0.000000 829.830508
492086.226766 0.000000 842.033898
476722.669669 0.000000 854.237288
448864.795176 0.000000 866.440678
406343.258907 0.000000 878.644068
348487.453762 0.000000 890.847458
277162.729196 0.000000 903.050847
198072.913786 0.000000 915.254237
120488.156155 0.000000 927.457627
55794.105867 0.000000 939.661017
186060581.726915 0.000000 951.864407
-6055331.074216 -0.000000 964.067797
-14086420.028658 -0.000000 976.271186
-13365701.243413 -0.000000 988.474576
-12867776.441718 -0.000000 1000.677966
-12797533.726563 -0.000000 1012.881356
-12824266.539132 -0.000000 1025.084746
-12850047.901989 -0.000000 1037.288136
-12824859.419426 -0.000000 1049.491525
-12725417.733302 -0.000000 1061.694915
-12625704.157055 -0.000000 1073.898305
-12580351.211887 -0.000000 1086.101695
-12636461.490719 -0.000000 1098.305085
-12719026.330478 -0.000000 1110.508475
-12763435.681838 -0.000000 1122.711864
-12777347.989972 -0.000000 1134.915254
-12786480.811911 -0.000000 1147.118644
-12776399.095683 -0.000000 1159.322034
-12752003.372500 -0.000000 1171.525424
-12733296.161720 -0.000000 1183.728814
-12738582.885702 -0.000000 1195.932203
-12753443.795987 -0.000000 1208.135593
-12756176.784523 -0.000000 1220.338983
-12756535.059744 -0.000000 1232.542373
-12756215.489972 -0.000000 1244.745763
-12746982.928476 -0.000000 1256.949153
-12744241.412234 -0.000000 1269.152542
-12747051.158319 -0.000000 1281.355932
-12746121.682291 -0.000000 1293.559322
-12745226.281959 -0.000000 1305.762712
-12744860.387734 -0.000000 1317.966102
-12745503.551323 -0.000000 1330.169492
-12742455.354583 -0.000000 1342.372881
-12736126.364048 -0.000000 1354.576271
-12720740.250755 -0.000000 1366.779661
-12697121.810384 -0.000000 1378.983051
-12674734.587326 -0.000000 1391.186441
-12652024.181521 -0.000000 1403.389831
-12628480.828309 -0.000000 1415.593220
-12603172.595131 -0.000000 1427.796610
-12576225.078347 -0.000000 1440.000000
-12546421.657024 -0.000000 1452.203390
-12500732.312778 -0.000000 1464.406780
-12438794.020264 -0.000000 1476.610169
-12363863.942414 -0.000000 1488.813559
-12273528.225483 -0.000000 1501.016949
-12175624.376289 -0.000000 1513.220339
-12077290.403660 -0.000000 1525.423729
-11978073.378332 -0.000000 1537.627119
-11879822.807658 -0.000000 1549.830508
-11780896.428601 -0.000000 1562.033898
-11682579.770626 -0.000000 1574.237288
-11582262.236725 -0.000000 1586.440678
-11480916.786375 -0.000000 1598.644068
-11374792.093272 -0.000000 1610.847458
-11264207.846202 -0.000000 1623.050847
-11145235.456890 -0.000000 1635.254237
-11019874.386570 -0.000000 1647.457627
-10889117.115008 -0.000000 1659.661017
-10757638.417967 -0.000000 1671.864407
-10619000.995990 -0.000000 1684.067797
-10448982.443815 -0.000000 1696.271186
-10210708.863091 -0.000000 1708.474576
-9869511.180473 -0.000000 1720.677966
-9399737.836264 -0.000000 1732.881356
-8755583.591567 -0.000000 1745.084746
-7869521.313817 -0.000000 1757.288136
-6630781.424850 -0.000000 1769.491525
-4906662.065993 -0.000000 1781.694915
-2570094.888696 -0.000000 1793.898305
471473.398323 0.000000 1806.101695
4173822.383691 0.000000 1818.305085
8553937.230493 0.000000 1830.508475
11952078.857533 0.000000 1842.711864
13342436.038603 0.000000 1854.915254
14116256.055286 0.000000 1867.118644
14639186.391677 0.000000 1879.322034
-2644059.392683 -0.000000 1891.525424
-19456539.273249 -0.000000 1903.728814
-15405601.434951 -0.000000 1915.932203
-55434698.596840 -0.000000 1928.135593
-26315596.753817 -0.000000 1940.338983
-16594669.406687 -0.000000 1952.542373
-13885682.015888 -0.000000 1964.745763
-12925816.632087 -0.000000 1976.949153
-13336677.796264 -0.000000 1989.152542
-14748959.475087 -0.000000 2001.355932
-16261004.446941 -0.000000 2013.559322
-17964869.780357 -0.000000 2025.762712
-20043146.006343 -0.000000 2037.966102
-22681714.551832 -0.000000 2050.169492
-26970848.307865 -0.000000 2062.372881
-23281428.318689 -0.000000 2074.576271
-228800854.495489 -0.000000 2086.779661
-158885926.627171 -0.000000 2098.983051
2288616.238237 0.000000 2111.186441
7680753.905399 0.000000 2123.389831
13651442.140997 0.000000 2135.593220
11080894.366195 0.000000 2147.796610
9152188.366366 0.000000 2160.000000
1120179155.433201 0.000000 2172.203390
15501050.802864 0.000000 2184.406780
17984144.634404 0.000000 2196.610169
21076072.595206 0.000000 2208.813559
27687718.147040 0.000000 2221.016949
37157932.522672 0.000000 2233.220339
24282042.518543 0.000000 2245.423729
11627845.639810 0.000000 2257.627119
5189144.767517 0.000000 2269.830508
-41368.301776 -0.000000 2282.033898
-1651478.606857 -0.000000 2294.237288
-1058301.885215 -0.000000 2306.440678
546393.639113 0.000000 2318.644068
2397613.621041 0.000000 2330.847458
4165292.848953 0.000000 2343.050847
5715249.588996 0.000000 2355.254237
7053178.812065 0.000000 2367.457627
8196483.038750 0.000000 2379.661017
9164414.071528 0.000000 2391.864407
9971636.933092 0.000000 2404.067797
10650554.374638 0.000000 2416.271186
11231984.023501 0.000000 2428.474576
11741039.297996 0.000000 2440.677966
12192052.115610 0.000000 2452.881356
12594938.605148 0.000000 2465.084746
12954620.361977 0.000000 2477.288136
13276592.271701 0.000000 2489.491525
13562849.921828 0.000000 2501.694915
13818278.191289 0.000000 2513.898305
14043813.757556 0.000000 2526.101695
14244379.083295 0.000000 2538.305085
14420202.520323 0.000000 2550.508475
14575787.645256 0.000000 2562.711864
14711014.535944 0.000000 2574.915254
14829750.609853 0.000000 2587.118644
14932422.319885 0.000000 2599.322034
15021636.514714 0.000000 2611.525424
15097034.609899 0.000000 2623.728814
15154027.502340 0.000000 2635.932203
15185757.219359 0.000000 2648.135593
15185426.414304 0.000000 2660.338983
15169946.927347 0.000000 2672.542373
15160854.217131 0.000000 2684.745763
15176619.557794 0.000000 2696.949153
15205613.855517 0.000000 2709.152542
15245988.547141 0.000000 2721.355932
15272672.688120 0.000000 2733.559322
15286781.851036 0.000000 2745.762712
15292892.781227 0.000000 2757.966102
15295979.700063 0.000000 2770.169492
15230585.693523 0.000000 2782.372881
15018488.652623 0.000000 2794.576271
14568870.143170 0.000000 2806.779661
13835709.751809 0.000000 2818.983051
12768237.770819 0.000000 2831.186441
11105199.602288 0.000000 2843.389831
8240832.333246 0.000000 2855.593220
3998709.287978 0.000000 2867.796610
878789.190143 0.000000 2880.000000
4033601.947132 0.000000 2892.203390
18077392.210591 0.000000 2904.406780
30049189.314132 0.000000 2916.610169
30148187.323791 0.000000 2928.813559
30112216.614920 0.000000 2941.016949
30811307.236862 0.000000 2953.220339
31093506.943239 0.000000 2965.423729
31150221.628648 0.000000 2977.627119
31008625.204683 0.000000 2989.830508
30420595.023085 0.000000 3002.033898
30131391.295468 0.000000 3014.237288
29936664.780287 0.000000 3026.440678
29568528.745116 0.000000 3038.644068
29284046.246613 0.000000 3050.847458
29032429.525996 0.000000 3063.050847
28836441.064153 0.000000 3075.254237
28693536.028327 0.000000 3087.457627
28574396.599549 0.000000 3099.661017
28466487.764613 0.000000 3111.864407
28360792.719446 0.000000 3124.067797
28251559.676728 0.000000 3136.271186
28139274.941639 0.000000 3148.474576
28038701.003478 0.000000 3160.677966
27977675.897564 0.000000 3172.881356
28013958.507218 0.000000 3185.084746
28258499.302140 0.000000 3197.288136
28714886.872235 0.000000 3209.491525
28621894.019070 0.000000 3221.694915
28987015.896530 0.000000 3233.898305
31882076.242052 0.000000 3246.101695
34240049.232078 0.000000 3258.305085
33863563.574363 0.000000 3270.508475
32134066.710099 0.000000 3282.711864
30480302.834817 0.000000 3294.915254
27116682.921075 0.000000 3307.118644
27591812.075482 0.000000 3319.322034
6096300.690361 0.000000 3331.525424
16119046.429196 0.000000 3343.728814
32742.263469 0.000000 3355.932203
57631.636525 0.000000 3368.135593
83008.231638 0.000000 3380.338983
107673.019258 0.000000 3392.542373
131054.400739 0.000000 3404.745763
152378.230297 0.000000 3416.949153
171307.863940 0.000000 3429.152542
187629.053777 0.000000 3441.355932
201387.696021 0.000000 3453.559322
212725.110659 0.000000 3465.762712
221898.056412 0.000000 3477.966102
229180.644116 0.000000 3490.169492
234872.049624 0.000000 3502.372881
239242.448186 0.000000 3514.576271
242546.918506 0.000000 3526.779661
244997.264585 0.000000 3538.983051
246778.556588 0.000000 3551.186441
248034.387237 0.000000 3563.389831
248881.051776 0.000000 3575.593220
249399.899249 0.000000 3587.796610
249646.211579 0.000000 3600.000000
