578395.032808 0.000000 0.000000
579905.097661 0.000000 12.203390
582924.870518 0.000000 24.406780
587442.591565 0.000000 36.610169
593455.389255 0.000000 48.813559
600935.271564 0.000000 61.016949
609870.268151 0.000000 73.220339
620206.350586 0.000000 85.423729
631908.523757 0.000000 97.627119
644877.408532 0.000000 109.830508
659028.563497 0.000000 122.033898
674181.196586 0.000000 134.237288
690152.230663 0.000000 146.440678
706612.863645 0.000000 158.644068
723190.789753 0.000000 170.847458
739287.689563 0.000000 183.050847
754179.007779 0.000000 195.254237
766783.594226 0.000000 207.457627
775750.619911 0.000000 219.661017
779183.283025 0.000000 231.864407
774732.549987 0.000000 244.067797
759349.687382 0.000000 256.271186
729551.756867 0.000000 268.474576
681528.940409 0.000000 280.677966
612096.445522 0.000000 292.881356
519791.473733 0.000000 305.084746
406905.797087 0.000000 317.288136
280984.793523 0.000000 329.491525
155497.904000 0.000000 341.694915
23363337.095814 0.000000 353.898305
-1291850.502411 -0.000000 366.101695
-7579398.887934 -0.000000 378.305085
-13316983.331305 -0.000000 390.508475
-13425899.166096 -0.000000 402.711864
-13043412.004866 -0.000000 414.915254
-12946386.513152 -0.000000 427.118644
-12931712.604564 -0.000000 439.322034
-12927852.897348 -0.000000 451.525424
-12882885.544152 -0.000000 463.728814
-12777699.170758 -0.000000 475.932203
-12646676.107241 -0.000000 488.135593
-12596277.153779 -0.000000 500.338983
-12698327.255311 -0.000000 512.542373
-12778914.770113 -0.000000 524.745763
-12801606.957884 -0.000000 536.949153
-12804543.227257 -0.000000 549.152542
-12806439.298238 -0.000000 561.355932
-12793861.547213 -0.000000 573.559322
-12785126.345133 -0.000000 585.762712
-12753893.861282 -0.000000 597.966102
-12723619.219317 -0.000000 610.169492
-12685505.222901 -0.000000 622.372881
-12646744.894875 -0.000000 634.576271
-12598085.200619 -0.000000 646.779661
-12532110.472005 -0.000000 658.983051
-12449030.853141 -0.000000 671.186441
-12345102.618113 -0.000000 683.389831
-12221756.441825 -0.000000 695.593220
-12093404.364305 -0.000000 707.796610
-11961924.503276 -0.000000 720.000000
-11828589.720927 -0.000000 732.203390
-11693494.476249 -0.000000 744.406780
-11557186.700267 -0.000000 756.610169
-11419981.778750 -0.000000 768.813559
-11282017.400955 -0.000000 781.016949
-11143737.769465 -0.000000 793.220339
-11004965.426137 -0.000000 805.423729
-10866199.419118 -0.000000 817.627119
-10727062.048977 -0.000000 829.830508
-10588091.346666 -0.000000 842.033898
-10448795.964001 -0.000000 854.237288
-10309741.788280 -0.000000 866.440678
-10170370.911930 -0.000000 878.644068
-10031259.191488 -0.000000 890.847458
-9891798.892325 -0.000000 903.050847
-9752552.443248 -0.000000 915.254237
-9612860.495144 -0.000000 927.457627
-9473251.294900 -0.000000 939.661017
-9333010.859520 -0.000000 951.864407
-9192632.788721 -0.000000 964.067797
-9051376.051278 -0.000000 976.271186
-8909787.677465 -0.000000 988.474576
-8767319.790210 -0.000000 1000.677966
-8625013.413229 -0.000000 1012.881356
-8483087.445232 -0.000000 1025.084746
-8343329.219828 -0.000000 1037.288136
-8205757.011127 -0.000000 1049.491525
-8070225.677371 -0.000000 1061.694915
-7933371.150145 -0.000000 1073.898305
-7792754.109480 -0.000000 1086.101695
-7646901.506011 -0.000000 1098.305085
-7500235.119755 -0.000000 1110.508475
-7358651.092961 -0.000000 1122.711864
-7227066.868844 -0.000000 1134.915254
-7101324.058206 -0.000000 1147.118644
-6972821.368821 -0.000000 1159.322034
-6833209.931664 -0.000000 1171.525424
-6683222.442096 -0.000000 1183.728814
-6527502.981759 -0.000000 1195.932203
-6372513.555751 -0.000000 1208.135593
-6220435.153339 -0.000000 1220.338983
-6072995.928206 -0.000000 1232.542373
-5929735.220457 -0.000000 1244.745763
-5791923.809920 -0.000000 1256.949153
-5658645.146120 -0.000000 1269.152542
-5529103.752691 -0.000000 1281.355932
-5399429.907073 -0.000000 1293.559322
-5267313.779507 -0.000000 1305.762712
-5130413.542189 -0.000000 1317.966102
-4989932.013236 -0.000000 1330.169492
-4846583.608937 -0.000000 1342.372881
-4702463.971952 -0.000000 1354.576271
-4557258.898565 -0.000000 1366.779661
-4411188.750183 -0.000000 1378.983051
-4262444.094698 -0.000000 1391.186441
-4111125.978856 -0.000000 1403.389831
-3957921.758556 -0.000000 1415.593220
-3808415.192978 -0.000000 1427.796610
-3669201.478267 -0.000000 1440.000000
-3545571.297287 -0.000000 1452.203390
-3432432.275033 -0.000000 1464.406780
-3317737.821694 -0.000000 1476.610169
-3189015.571057 -0.000000 1488.813559
-3044930.295766 -0.000000 1501.016949
-2891331.263050 -0.000000 1513.220339
-2737277.252727 -0.000000 1525.423729
-2586893.679401 -0.000000 1537.627119
-2442136.466312 -0.000000 1549.830508
-2301214.680044 -0.000000 1562.033898
-2163657.138509 -0.000000 1574.237288
-2027513.505377 -0.000000 1586.440678
-1893252.856145 -0.000000 1598.644068
-1759946.172050 -0.000000 1610.847458
-1629286.756478 -0.000000 1623.050847
-1501661.607730 -0.000000 1635.254237
-1380740.335829 -0.000000 1647.457627
-1269625.959814 -0.000000 1659.661017
-1176157.458166 -0.000000 1671.864407
-1109189.752860 -0.000000 1684.067797
-1084446.538908 -0.000000 1696.271186
-1120276.966323 -0.000000 1708.474576
-1242222.560889 -0.000000 1720.677966
-1475317.133687 -0.000000 1732.881356
-1842328.352104 -0.000000 1745.084746
-2352967.682642 -0.000000 1757.288136
-3004142.685300 -0.000000 1769.491525
-3803518.325472 -0.000000 1781.694915
-4709999.568457 -0.000000 1793.898305
-3435884.119457 -0.000000 1806.101695
4472393.068346 0.000000 1818.305085
10102542.205620 0.000000 1830.508475
8782953.311490 0.000000 1842.711864
7055265.089771 0.000000 1854.915254
5160334.176365 0.000000 1867.118644
3394601.687717 0.000000 1879.322034
2189946.898702 0.000000 1891.525424
2543916.172316 0.000000 1903.728814
7715031.078707 0.000000 1915.932203
14554823.890788 0.000000 1928.135593
14747308.478826 0.000000 1940.338983
13786472.121439 0.000000 1952.542373
13516821.942479 0.000000 1964.745763
13476361.663309 0.000000 1976.949153
13499987.352836 0.000000 1989.152542
14099707.126460 0.000000 2001.355932
14767773.762946 0.000000 2013.559322
22895531.072900 0.000000 2025.762712
-806596.317476 -0.000000 2037.966102
-32896287.961617 -0.000000 2050.169492
-13822385.962608 -0.000000 2062.372881
-15910635.648980 -0.000000 2074.576271
-25889913.191840 -0.000000 2086.779661
-18564651.630095 -0.000000 2098.983051
-14838288.515857 -0.000000 2111.186441
-13948499.444827 -0.000000 2123.389831
-15380853.154030 -0.000000 2135.593220
-17968907.557533 -0.000000 2147.796610
-20370668.292760 -0.000000 2160.000000
-22321805.671374 -0.000000 2172.203390
-23779610.420982 -0.000000 2184.406780
-24754123.603231 -0.000000 2196.610169
-25038074.982244 -0.000000 2208.813559
-24574206.264798 -0.000000 2221.016949
-18382125.638990 -0.000000 2233.220339
-60532405.654119 -0.000000 2245.423729
-460753892.866612 -0.000000 2257.627119
685699.610149 0.000000 2269.830508
7506088.217925 0.000000 2282.033898
12768370.360427 0.000000 2294.237288
15011396.324014 0.000000 2306.440678
14881781.124932 0.000000 2318.644068
12532181.827087 0.000000 2330.847458
8843631.539838 0.000000 2343.050847
5263832.387630 0.000000 2355.254237
2831937.397084 0.000000 2367.457627
1832186.978726 0.000000 2379.661017
1990050.422436 0.000000 2391.864407
2831108.287131 0.000000 2404.067797
3979083.521732 0.000000 2416.271186
5176867.214480 0.000000 2428.474576
6312672.227609 0.000000 2440.677966
7329638.249880 0.000000 2452.881356
8232038.735112 0.000000 2465.084746
9024820.439225 0.000000 2477.288136
9730989.598725 0.000000 2489.491525
10361040.517626 0.000000 2501.694915
10930443.295411 0.000000 2513.898305
11445686.869245 0.000000 2526.101695
11915274.059671 0.000000 2538.305085
12343520.266159 0.000000 2550.508475
12735158.194511 0.000000 2562.711864
13093514.280236 0.000000 2574.915254
13421225.064927 0.000000 2587.118644
13721037.015555 0.000000 2599.322034
13994335.626247 0.000000 2611.525424
14243299.649023 0.000000 2623.728814
14468587.772696 0.000000 2635.932203
14671901.951504 0.000000 2648.135593
14854013.762852 0.000000 2660.338983
15015882.623005 0.000000 2672.542373
15159632.472691 0.000000 2684.745763
15278046.343162 0.000000 2696.949153
15364304.757146 0.000000 2709.152542
15422292.668721 0.000000 2721.355932
15461022.747522 0.000000 2733.559322
15489985.362256 0.000000 2745.762712
15519988.606859 0.000000 2757.966102
15540830.181206 0.000000 2770.169492
15552851.255715 0.000000 2782.372881
15552780.862386 0.000000 2794.576271
15545266.656242 0.000000 2806.779661
15532503.942593 0.000000 2818.983051
15530833.818662 0.000000 2831.186441
15535330.769635 0.000000 2843.389831
15546223.578609 0.000000 2855.593220
15577422.715592 0.000000 2867.796610
15545570.661528 0.000000 2880.000000
15347722.191970 0.000000 2892.203390
14958129.712842 0.000000 2904.406780
14261734.224524 0.000000 2916.610169
12902999.114642 0.000000 2928.813559
10150238.837679 0.000000 2941.016949
5510807.907736 0.000000 2953.220339
1318870.127800 0.000000 2965.423729
1628639.312256 0.000000 2977.627119
14131780.184859 0.000000 2989.830508
29190357.257451 0.000000 3002.033898
30628233.206137 0.000000 3014.237288
30419957.479364 0.000000 3026.440678
31077883.464806 0.000000 3038.644068
31508404.958094 0.000000 3050.847458
31599300.798087 0.000000 3063.050847
31501397.414544 0.000000 3075.254237
30952245.875563 0.000000 3087.457627
30586942.128842 0.000000 3099.661017
30465572.593223 0.000000 3111.864407
30106618.705641 0.000000 3124.067797
29794844.297430 0.000000 3136.271186
29529198.891572 0.000000 3148.474576
29294770.024229 0.000000 3160.677966
29126911.525389 0.000000 3172.881356
28986985.014919 0.000000 3185.084746
28858145.097092 0.000000 3197.288136
28730991.970358 0.000000 3209.491525
28596099.329742 0.000000 3221.694915
28464286.229787 0.000000 3233.898305
28356941.677973 0.000000 3246.101695
28302803.459207 0.000000 3258.305085
28351552.024987 0.000000 3270.508475
28584812.541844 0.000000 3282.711864
29075851.932358 0.000000 3294.915254
29123489.135904 0.000000 3307.118644
29376155.761079 0.000000 3319.322034
31917291.783660 0.000000 3331.525424
34574395.372994 0.000000 3343.728814
34507911.853148 0.000000 3355.932203
33043085.770535 0.000000 3368.135593
30911391.058343 0.000000 3380.338983
27976098.945057 0.000000 3392.542373
29392333.483305 0.000000 3404.745763
9080023.079746 0.000000 3416.949153
69691224.969564 0.000000 3429.152542
75220.535828 0.000000 3441.355932
125667.186791 0.000000 3453.559322
174005.207130 0.000000 3465.762712
219036.896219 0.000000 3477.966102
260215.167238 0.000000 3490.169492
296764.596065 0.000000 3502.372881
328461.147650 0.000000 3514.576271
355211.312118 0.000000 3526.779661
377221.896976 0.000000 3538.983051
394777.845287 0.000000 3551.186441
408255.505445 0.000000 3563.389831
417999.681167 0.000000 3575.593220
424317.133212 0.000000 3587.796610
427418.997781 0.000000 3600.000000
