9881.295230 0.000000 0.000000
9891.126469 0.000000 12.203390
9910.893541 0.000000 24.406780
9940.463953 0.000000 36.610169
9979.965148 0.000000 48.813559
10029.438185 0.000000 61.016949
10088.961441 0.000000 73.220339
10158.619606 0.000000 85.423729
10238.517425 0.000000 97.627119
10328.775745 0.000000 109.830508
10429.533329 0.000000 122.033898
10540.950776 0.000000 134.237288
10663.206757 0.000000 146.440678
10796.506451 0.000000 158.644068
10941.073732 0.000000 170.847458
11097.164849 0.000000 183.050847
11265.055153 0.000000 195.254237
11445.059370 0.000000 207.457627
11637.511332 0.000000 219.661017
11842.792246 0.000000 231.864407
12061.301949 0.000000 244.067797
12293.497119 0.000000 256.271186
12539.851661 0.000000 268.474576
12800.907161 0.000000 280.677966
13077.220844 0.000000 292.881356
13369.429233 0.000000 305.084746
13678.181763 0.000000 317.288136
14004.221055 0.000000 329.491525
14348.298688 0.000000 341.694915
14711.274860 0.000000 353.898305
15094.014821 0.000000 366.101695
15497.508621 0.000000 378.305085
15922.746494 0.000000 390.508475
16370.862699 0.000000 402.711864
16842.985939 0.000000 414.915254
17340.409060 0.000000 427.118644
17864.414924 0.000000 439.322034
18416.472074 0.000000 451.525424
18998.033666 0.000000 463.728814
19610.763310 0.000000 475.932203
20256.303847 0.000000 488.135593
20936.533858 0.000000 500.338983
21653.308109 0.000000 512.542373
22408.743242 0.000000 524.745763
23204.929171 0.000000 536.949153
24044.245996 0.000000 549.152542
24929.045666 0.000000 561.355932
25861.997207 0.000000 573.559322
26845.743761 0.000000 585.762712
27883.272901 0.000000 597.966102
28977.549715 0.000000 610.169492
30131.909408 0.000000 622.372881
31349.673657 0.000000 634.576271
32634.556525 0.000000 646.779661
33990.272320 0.000000 658.983051
35420.946931 0.000000 671.186441
36930.726527 0.000000 683.389831
38524.181887 0.000000 695.593220
40205.933598 0.000000 707.796610
41981.032140 0.000000 720.000000
43854.617932 0.000000 732.203390
45832.257167 0.000000 744.406780
47919.659140 0.000000 756.610169
50122.941583 0.000000 768.813559
52448.436683 0.000000 781.016949
54902.850768 0.000000 793.220339
57493.195988 0.000000 805.423729
60226.805682 0.000000 817.627119
63111.434884 0.000000 829.830508
66155.079686 0.000000 842.033898
69366.306006 0.000000 854.237288
72753.810201 0.000000 866.440678
76327.042179 0.000000 878.644068
80095.433684 0.000000 890.847458
84069.397286 0.000000 903.050847
88259.134046 0.000000 915.254237
92676.104528 0.000000 927.457627
97331.308104 0.000000 939.661017
102237.345213 0.000000 951.864407
107406.039991 0.000000 964.067797
112851.230548 0.000000 976.271186
118585.586990 0.000000 988.474576
124624.287873 0.000000 1000.677966
130980.863345 0.000000 1012.881356
137671.943555 0.000000 1025.084746
144711.924918 0.000000 1037.288136
152119.001357 0.000000 1049.491525
159908.430690 0.000000 1061.694915
168100.086826 0.000000 1073.898305
176710.072413 0.000000 1086.101695
185760.051802 0.000000 1098.305085
195266.937176 0.000000 1110.508475
205254.284100 0.000000 1122.711864
215739.755735 0.000000 1134.915254
226748.871346 0.000000 1147.118644
238299.948373 0.000000 1159.322034
250420.492319 0.000000 1171.525424
263129.322009 0.000000 1183.728814
276455.858787 0.000000 1195.932203
290419.173921 0.000000 1208.135593
305050.374474 0.000000 1220.338983
320368.366410 0.000000 1232.542373
336405.434483 0.000000 1244.745763
353179.611917 0.000000 1256.949153
370723.375534 0.000000 1269.152542
389052.643868 0.000000 1281.355932
408198.276006 0.000000 1293.559322
428171.871962 0.000000 1305.762712
448999.417107 0.000000 1317.966102
470684.215492 0.000000 1330.169492
493241.558768 0.000000 1342.372881
516659.191323 0.000000 1354.576271
540931.256675 0.000000 1366.779661
566016.536285 0.000000 1378.983051
591869.036737 0.000000 1391.186441
618393.621026 0.000000 1403.389831
645469.200637 0.000000 1415.593220
672899.829669 0.000000 1427.796610
700424.226608 0.000000 1440.000000
727657.214958 0.000000 1452.203390
754075.588060 0.000000 1464.406780
778939.627374 0.000000 1476.610169
801240.691775 0.000000 1488.813559
819588.458542 0.000000 1501.016949
832109.421117 0.000000 1513.220339
836306.132414 0.000000 1525.423729
828961.079221 0.000000 1537.627119
806128.799519 0.000000 1549.830508
763413.600375 0.000000 1562.033898
696760.188244 0.000000 1574.237288
604013.874762 0.000000 1586.440678
487170.960585 0.000000 1598.644068
354553.096128 0.000000 1610.847458
221305.503501 0.000000 1623.050847
106683.057798 0.000000 1635.254237
68019866.959182 0.000000 1647.457627
-2253294.657560 -0.000000 1659.661017
-8827551.227683 -0.000000 1671.864407
-13333439.250907 -0.000000 1684.067797
-13347053.782254 -0.000000 1696.271186
-13032227.795118 -0.000000 1708.474576
-12977468.805440 -0.000000 1720.677966
-13064408.421918 -0.000000 1732.881356
-13013477.011498 -0.000000 1745.084746
-12239534.201866 -0.000000 1757.288136
-11141777.279633 -0.000000 1769.491525
-9985864.841408 -0.000000 1781.694915
-8304757.253166 -0.000000 1793.898305
-6069753.434322 -0.000000 1806.101695
-3261798.374114 -0.000000 1818.305085
85875.658516 0.000000 1830.508475
3799155.314843 0.000000 1842.711864
7445853.435389 0.000000 1854.915254
10630684.477364 0.000000 1867.118644
12700077.233118 0.000000 1879.322034
12595664.185483 0.000000 1891.525424
6894063.320324 0.000000 1903.728814
-7842794.742978 -0.000000 1915.932203
-17921280.752831 -0.000000 1928.135593
-46087291.827883 -0.000000 1940.338983
-39894058.241009 -0.000000 1952.542373
-19747537.742947 -0.000000 1964.745763
-14920572.904199 -0.000000 1976.949153
-13445358.930068 -0.000000 1989.152542
-13833358.565860 -0.000000 2001.355932
-15742497.730973 -0.000000 2013.559322
-18001158.034360 -0.000000 2025.762712
-20090376.591584 -0.000000 2037.966102
-21982972.860819 -0.000000 2050.169492
-23605264.008013 -0.000000 2062.372881
-24977952.208520 -0.000000 2074.576271
-26192987.101881 -0.000000 2086.779661
-27161132.673186 -0.000000 2098.983051
-27959847.340452 -0.000000 2111.186441
-26435540.490794 -0.000000 2123.389831
-28849997.152354 -0.000000 2135.593220
-135320213.210456 -0.000000 2147.796610
-128824541.649764 -0.000000 2160.000000
-5896176.625259 -0.000000 2172.203390
-4542359.553305 -0.000000 2184.406780
-4470038.846605 -0.000000 2196.610169
-5566344.239508 -0.000000 2208.813559
-5976415.021460 -0.000000 2221.016949
-5667922.073796 -0.000000 2233.220339
-4770704.240270 -0.000000 2245.423729
-3365539.363887 -0.000000 2257.627119
-1689125.769924 -0.000000 2269.830508
56741.513661 0.000000 2282.033898
1702447.459419 0.000000 2294.237288
3166618.934209 0.000000 2306.440678
4425797.074087 0.000000 2318.644068
5506205.107846 0.000000 2330.847458
6441217.275305 0.000000 2343.050847
7266103.615433 0.000000 2355.254237
8004004.759899 0.000000 2367.457627
8669783.549341 0.000000 2379.661017
9273235.869238 0.000000 2391.864407
9818408.180572 0.000000 2404.067797
10311065.080870 0.000000 2416.271186
10752831.104988 0.000000 2428.474576
11149035.918270 0.000000 2440.677966
11501672.460524 0.000000 2452.881356
11815632.701706 0.000000 2465.084746
12093417.599142 0.000000 2477.288136
12338871.167269 0.000000 2489.491525
12554980.725892 0.000000 2501.694915
12744595.646405 0.000000 2513.898305
12911209.849375 0.000000 2526.101695
13056908.929724 0.000000 2538.305085
13185664.637883 0.000000 2550.508475
13299290.135977 0.000000 2562.711864
13402088.305563 0.000000 2574.915254
13495348.777052 0.000000 2587.118644
13581082.607409 0.000000 2599.322034
13653496.259668 0.000000 2611.525424
13699007.287520 0.000000 2623.728814
13695520.867646 0.000000 2635.932203
13640314.147915 0.000000 2648.135593
13576214.484494 0.000000 2660.338983
13569849.720417 0.000000 2672.542373
13621066.513720 0.000000 2684.745763
13637392.764808 0.000000 2696.949153
13490199.363885 0.000000 2709.152542
13076704.840764 0.000000 2721.355932
12291743.190959 0.000000 2733.559322
11024698.938493 0.000000 2745.762712
9058961.833033 0.000000 2757.966102
6139061.294301 0.000000 2770.169492
2463846.796018 0.000000 2782.372881
322337.641598 0.000000 2794.576271
4094159.233208 0.000000 2806.779661
17724274.586457 0.000000 2818.983051
29230359.389581 0.000000 2831.186441
29646707.065104 0.000000 2843.389831
29778998.116367 0.000000 2855.593220
30491356.053514 0.000000 2867.796610
30790982.716201 0.000000 2880.000000
30969313.254893 0.000000 2892.203390
30816321.043060 0.000000 2904.406780
30290021.604090 0.000000 2916.610169
30065069.032720 0.000000 2928.813559
29774304.570507 0.000000 2941.016949
29428227.905798 0.000000 2953.220339
29157114.274496 0.000000 2965.423729
28900989.186452 0.000000 2977.627119
28719075.270747 0.000000 2989.830508
28577867.678957 0.000000 3002.033898
28467109.562458 0.000000 3014.237288
28371161.198232 0.000000 3026.440678
28282663.877609 0.000000 3038.644068
28196568.284602 0.000000 3050.847458
28115464.076327 0.000000 3063.050847
28052648.198471 0.000000 3075.254237
28042113.196565 0.000000 3087.457627
28126449.096471 0.000000 3099.661017
28417760.535813 0.000000 3111.864407
28810809.809150 0.000000 3124.067797
28742711.588952 0.000000 3136.271186
29289846.135977 0.000000 3148.474576
31739715.661727 0.000000 3160.677966
33641261.453871 0.000000 3172.881356
33507267.581551 0.000000 3185.084746
32233306.397973 0.000000 3197.288136
30870026.692250 0.000000 3209.491525
27992630.169311 0.000000 3221.694915
30584974.330047 0.000000 3233.898305
7320749.418716 0.000000 3246.101695
12587461.500691 0.000000 3258.305085
14847.837679 0.000000 3270.508475
27342.526853 0.000000 3282.711864
40600.745139 0.000000 3294.915254
53755.074732 0.000000 3307.118644
66424.284804 0.000000 3319.322034
78074.856231 0.000000 3331.525424
88446.448023 0.000000 3343.728814
97368.237350 0.000000 3355.932203
104823.476490 0.000000 3368.135593
110874.148193 0.000000 3380.338983
115646.366775 0.000000 3392.542373
119296.203271 0.000000 3404.745763
121988.223201 0.000000 3416.949153
123886.160091 0.000000 3429.152542
125137.984304 0.000000 3441.355932
125879.710599 0.000000 3453.559322
126225.645501 0.000000 3465.762712
126277.334295 0.000000 3477.966102
126116.386417 0.000000 3490.169492
125814.319209 0.000000 3502.372881
125426.651526 0.000000 3514.576271
125001.767465 0.000000 3526.779661
124575.936541 0.000000 3538.983051
124180.467853 0.000000 3551.186441
123837.725677 0.000000 3563.389831
123566.339010 0.000000 3575.593220
123378.297105 0.000000 3587.796610
123282.417576 0.000000 3600.000000
