20458.540726 0.000000 0.000000
20473.678657 0.000000 12.203390
20503.885732 0.000000 24.406780
20549.316858 0.000000 36.610169
20609.919874 0.000000 48.813559
20685.752927 0.000000 61.016949
20776.840202 0.000000 73.220339
20883.251175 0.000000 85.423729
21005.026642 0.000000 97.627119
21142.255176 0.000000 109.830508
21294.987992 0.000000 122.033898
21463.333129 0.000000 134.237288
21647.350384 0.000000 146.440678
21847.165530 0.000000 158.644068
22062.844395 0.000000 170.847458
22294.528796 0.000000 183.050847
22542.288344 0.000000 195.254237
22806.279120 0.000000 207.457627
23086.572334 0.000000 219.661017
23383.336515 0.000000 231.864407
23696.642513 0.000000 244.067797
24026.670244 0.000000 256.271186
24373.488796 0.000000 268.474576
24737.288992 0.000000 280.677966
25118.138051 0.000000 292.881356
25516.238158 0.000000 305.084746
25931.654741 0.000000 317.288136
26364.603085 0.000000 329.491525
26815.148069 0.000000 341.694915
27283.520612 0.000000 353.898305
27769.787987 0.000000 366.101695
28274.199669 0.000000 378.305085
28796.827706 0.000000 390.508475
29337.944795 0.000000 402.711864
29897.631244 0.000000 414.915254
30476.186767 0.000000 427.118644
31073.704591 0.000000 439.322034
31690.516390 0.000000 451.525424
32326.731908 0.000000 463.728814
32982.720951 0.000000 475.932203
33658.614571 0.000000 488.135593
34354.825868 0.000000 500.338983
35071.513529 0.000000 512.542373
35809.140934 0.000000 524.745763
36567.900392 0.000000 536.949153
37348.314333 0.000000 549.152542
38150.616831 0.000000 561.355932
38975.397392 0.000000 573.559322
39822.941583 0.000000 585.762712
40693.918423 0.000000 597.966102
41588.675345 0.000000 610.169492
42507.972480 0.000000 622.372881
43452.232892 0.000000 634.576271
44422.321960 0.000000 646.779661
45418.752300 0.000000 658.983051
46442.510594 0.000000 671.186441
47494.215231 0.000000 683.389831
48574.990547 0.000000 695.593220
49685.578650 0.000000 707.796610
50827.259933 0.000000 720.000000
52000.919436 0.000000 732.203390
53208.013332 0.000000 744.406780
54449.590400 0.000000 756.610169
55727.302588 0.000000 768.813559
57042.386233 0.000000 781.016949
58396.710983 0.000000 793.220339
59791.724882 0.000000 805.423729
61229.540040 0.000000 817.627119
62711.843928 0.000000 829.830508
64241.013595 0.000000 842.033898
65819.005918 0.000000 854.237288
67448.489512 0.000000 866.440678
69131.722097 0.000000 878.644068
70871.688929 0.000000 890.847458
72670.981410 0.000000 903.050847
74532.927069 0.000000 915.254237
76460.485137 0.000000 927.457627
78457.346141 0.000000 939.661017
80526.871094 0.000000 951.864407
82673.131425 0.000000 964.067797
84899.921174 0.000000 976.271186
87211.703256 0.000000 988.474576
89612.730522 0.000000 1000.677966
92107.857068 0.000000 1012.881356
94701.817050 0.000000 1025.084746
97399.841624 0.000000 1037.288136
100207.156537 0.000000 1049.491525
103129.337116 0.000000 1061.694915
106172.102897 0.000000 1073.898305
109341.319794 0.000000 1086.101695
112643.188241 0.000000 1098.305085
116083.783752 0.000000 1110.508475
119669.763581 0.000000 1122.711864
123407.302925 0.000000 1134.915254
127303.476986 0.000000 1147.118644
131364.416319 0.000000 1159.322034
135597.566037 0.000000 1171.525424
140008.834264 0.000000 1183.728814
144605.982074 0.000000 1195.932203
149394.482333 0.000000 1208.135593
154382.363833 0.000000 1220.338983
159574.416014 0.000000 1232.542373
164978.906161 0.000000 1244.745763
170599.667724 0.000000 1256.949153
176445.218211 0.000000 1269.152542
182518.138402 0.000000 1281.355932
188827.280429 0.000000 1293.559322
195373.669359 0.000000 1305.762712
202166.686266 0.000000 1317.966102
209205.501588 0.000000 1330.169492
216500.384218 0.000000 1342.372881
224048.369620 0.000000 1354.576271
231861.203283 0.000000 1366.779661
239933.534625 0.000000 1378.983051
248279.480951 0.000000 1391.186441
256891.095050 0.000000 1403.389831
265786.159349 0.000000 1415.593220
274953.934492 0.000000 1427.796610
284417.679634 0.000000 1440.000000
294163.645448 0.000000 1452.203390
304223.014932 0.000000 1464.406780
314578.703880 0.000000 1476.610169
325273.068347 0.000000 1488.813559
336285.097801 0.000000 1501.016949
347672.567513 0.000000 1513.220339
359409.450048 0.000000 1525.423729
371574.459939 0.000000 1537.627119
384134.596343 0.000000 1549.830508
397196.689309 0.000000 1562.033898
410717.432161 0.000000 1574.237288
424841.196191 0.000000 1586.440678
439508.909229 0.000000 1598.644068
454915.022049 0.000000 1610.847458
470976.041050 0.000000 1623.050847
487953.441545 0.000000 1635.254237
505725.793264 0.000000 1647.457627
524644.757967 0.000000 1659.661017
544529.909406 0.000000 1671.864407
565854.746430 0.000000 1684.067797
588346.318531 0.000000 1696.271186
612642.198016 0.000000 1708.474576
638320.880649 0.000000 1720.677966
666236.233285 0.000000 1732.881356
695716.509932 0.000000 1745.084746
727882.619873 0.000000 1757.288136
761605.535268 0.000000 1769.491525
798275.528333 0.000000 1781.694915
835827.458967 0.000000 1793.898305
875723.960031 0.000000 1806.101695
913750.536424 0.000000 1818.305085
950653.161891 0.000000 1830.508475
977163.584400 0.000000 1842.711864
991904.662724 0.000000 1854.915254
977702.578762 0.000000 1867.118644
933751.005600 0.000000 1879.322034
834237.223987 0.000000 1891.525424
667284.555115 0.000000 1903.728814
355130.591447 0.000000 1915.932203
-320716.554813 -0.000000 1928.135593
-969517.858120 -0.000000 1940.338983
-4205267.747053 -0.000000 1952.542373
-21550245.447289 -0.000000 1964.745763
-28713412.069668 -0.000000 1976.949153
-27567253.307385 -0.000000 1989.152542
-27255408.075066 -0.000000 2001.355932
-26638270.502519 -0.000000 2013.559322
-26404456.574826 -0.000000 2025.762712
-26514867.675248 -0.000000 2037.966102
-26838887.208769 -0.000000 2050.169492
-27244866.281552 -0.000000 2062.372881
-27571178.480309 -0.000000 2074.576271
-27127312.183240 -0.000000 2086.779661
-26096725.881546 -0.000000 2098.983051
-96709648.323478 -0.000000 2111.186441
-281989890.084293 -0.000000 2123.389831
-7479826.738166 -0.000000 2135.593220
-3801517.136018 -0.000000 2147.796610
-4147783.719705 -0.000000 2160.000000
-5027824.639903 -0.000000 2172.203390
-5053901.224856 -0.000000 2184.406780
-4678171.380614 -0.000000 2196.610169
-3827364.026107 -0.000000 2208.813559
-2495760.735332 -0.000000 2221.016949
-847300.907866 -0.000000 2233.220339
934391.531785 0.000000 2245.423729
2631794.499557 0.000000 2257.627119
4156385.193694 0.000000 2269.830508
5475203.693865 0.000000 2282.033898
6621773.512989 0.000000 2294.237288
7624869.183643 0.000000 2306.440678
8521218.095071 0.000000 2318.644068
9330086.807639 0.000000 2330.847458
10067545.011176 0.000000 2343.050847
10741319.838247 0.000000 2355.254237
11356199.425661 0.000000 2367.457627
11916448.281411 0.000000 2379.661017
12423624.616971 0.000000 2391.864407
12882045.197510 0.000000 2404.067797
13293033.915642 0.000000 2416.271186
13661092.880474 0.000000 2428.474576
13987936.770526 0.000000 2440.677966
14277539.786263 0.000000 2452.881356
14532343.319020 0.000000 2465.084746
14755328.693127 0.000000 2477.288136
14949914.979017 0.000000 2489.491525
15116573.330449 0.000000 2501.694915
15249264.862103 0.000000 2513.898305
15339436.223903 0.000000 2526.101695
15398915.089070 0.000000 2538.305085
15423663.935841 0.000000 2550.508475
15427385.154877 0.000000 2562.711864
15429715.475272 0.000000 2574.915254
15467675.074504 0.000000 2587.118644
15503778.848334 0.000000 2599.322034
15529441.351210 0.000000 2611.525424
15534013.666220 0.000000 2623.728814
15529567.829295 0.000000 2635.932203
15537824.478151 0.000000 2648.135593
15469816.236305 0.000000 2660.338983
15220869.805093 0.000000 2672.542373
14763024.953246 0.000000 2684.745763
14008242.933734 0.000000 2696.949153
12653087.889137 0.000000 2709.152542
9958558.400198 0.000000 2721.355932
5312947.081353 0.000000 2733.559322
998403.475251 0.000000 2745.762712
929780.858449 0.000000 2757.966102
13654074.504052 0.000000 2770.169492
28686579.585684 0.000000 2782.372881
29501923.530355 0.000000 2794.576271
29295574.409353 0.000000 2806.779661
30046539.670335 0.000000 2818.983051
30695703.870107 0.000000 2831.186441
30927885.138949 0.000000 2843.389831
30858695.411368 0.000000 2855.593220
30371349.413815 0.000000 2867.796610
30018515.803241 0.000000 2880.000000
29935444.922261 0.000000 2892.203390
29610131.007831 0.000000 2904.406780
29284868.879265 0.000000 2916.610169
29011899.129604 0.000000 2928.813559
28775730.446658 0.000000 2941.016949
28622634.229616 0.000000 2953.220339
28513115.231381 0.000000 2965.423729
28419889.638966 0.000000 2977.627119
28337655.721168 0.000000 2989.830508
28250569.821368 0.000000 3002.033898
28174460.175536 0.000000 3014.237288
28112927.197484 0.000000 3026.440678
28084273.718836 0.000000 3038.644068
28126489.143944 0.000000 3050.847458
28296268.321140 0.000000 3063.050847
28645861.128388 0.000000 3075.254237
28569495.960358 0.000000 3087.457627
28842049.449291 0.000000 3099.661017
30898931.036650 0.000000 3111.864407
33368872.581129 0.000000 3124.067797
33537659.056199 0.000000 3136.271186
32580431.322856 0.000000 3148.474576
30613547.557096 0.000000 3160.677966
28835977.711640 0.000000 3172.881356
30135590.932722 0.000000 3185.084746
10933224.608655 0.000000 3197.288136
28892729.192685 0.000000 3209.491525
25191.803375 0.000000 3221.694915
46972.623296 0.000000 3233.898305
70657.499063 0.000000 3246.101695
94675.971974 0.000000 3258.305085
117996.104457 0.000000 3270.508475
139551.299169 0.000000 3282.711864
158703.066291 0.000000 3294.915254
175071.889005 0.000000 3307.118644
188568.405839 0.000000 3319.322034
199284.875374 0.000000 3331.525424
207453.351593 0.000000 3343.728814
213366.469915 0.000000 3355.932203
217352.882434 0.000000 3368.135593
219728.869033 0.000000 3380.338983
220799.138551 0.000000 3392.542373
220828.860888 0.000000 3404.745763
220058.813198 0.000000 3416.949153
218687.398329 0.000000 3429.152542
216890.613442 0.000000 3441.355932
214808.281144 0.000000 3453.559322
212563.808636 0.000000 3465.762712
210252.384851 0.000000 3477.966102
207958.447019 0.000000 3490.169492
205745.304806 0.000000 3502.372881
203669.639662 0.000000 3514.576271
201772.634466 0.000000 3526.779661
200091.398737 0.000000 3538.983051
198651.818191 0.000000 3551.186441
197476.991294 0.000000 3563.389831
196581.973007 0.000000 3575.593220
195979.417197 0.000000 3587.796610
195676.105945 0.000000 3600.000000
