264490.889717 0.000000 0.000000
265375.081071 0.000000 12.203390
267145.889790 0.000000 24.406780
269805.091543 0.000000 36.610169
273360.097109 0.000000 48.813559
277814.219492 0.000000 61.016949
283179.806829 0.000000 73.220339
289461.883838 0.000000 85.423729
296677.452346 0.000000 97.627119
304833.308167 0.000000 109.830508
313950.715173 0.000000 122.033898
324038.226981 0.000000 134.237288
335120.717010 0.000000 146.440678
347208.305339 0.000000 158.644068
360328.383406 0.000000 170.847458
374492.065597 0.000000 183.050847
389727.434705 0.000000 195.254237
406045.270170 0.000000 207.457627
423471.267044 0.000000 219.661017
442013.092484 0.000000 231.864407
461688.803155 0.000000 244.067797
482497.478611 0.000000 256.271186
504440.442726 0.000000 268.474576
527497.702236 0.000000 280.677966
551637.839498 0.000000 292.881356
576802.026803 0.000000 305.084746
602897.458533 0.000000 317.288136
629789.512513 0.000000 329.491525
657272.063820 0.000000 341.694915
685065.943243 0.000000 353.898305
712757.051870 0.000000 366.101695
739795.296454 0.000000 378.305085
765388.253789 0.000000 390.508475
788490.716484 0.000000 402.711864
807642.326214 0.000000 414.915254
820945.240968 0.000000 427.118644
825864.154702 0.000000 439.322034
819260.502254 0.000000 451.525424
797325.683249 0.000000 463.728814
756007.597975 0.000000 475.932203
691625.806685 0.000000 488.135593
602352.915069 0.000000 500.338983
489921.354246 0.000000 512.542373
361579.278973 0.000000 524.745763
230579.162963 0.000000 536.949153
114631.196554 0.000000 549.152542
552322593.182672 0.000000 561.355932
-4537588.299276 -0.000000 573.559322
-11074323.768893 -0.000000 585.762712
-13588638.735549 -0.000000 597.966102
-13306109.885071 -0.000000 610.169492
-13018229.937493 -0.000000 622.372881
-12947648.679790 -0.000000 634.576271
-12960195.980089 -0.000000 646.779661
-12933278.079694 -0.000000 658.983051
-12803761.336802 -0.000000 671.186441
-12612271.780843 -0.000000 683.389831
-12556208.946918 -0.000000 695.593220
-12619172.494132 -0.000000 707.796610
-12643142.296058 -0.000000 720.000000
-12620768.481205 -0.000000 732.203390
-12597808.056173 -0.000000 744.406780
-12554039.852743 -0.000000 756.610169
-12461186.753172 -0.000000 768.813559
-12320793.838642 -0.000000 781.016949
-12169972.053733 -0.000000 793.220339
-12056362.563531 -0.000000 805.423729
-11953451.473115 -0.000000 817.627119
-11820131.060580 -0.000000 829.830508
-11662247.567411 -0.000000 842.033898
-11494456.554378 -0.000000 854.237288
-11322993.455218 -0.000000 866.440678
-11149116.333238 -0.000000 878.644068
-10974184.554611 -0.000000 890.847458
-10798418.299535 -0.000000 903.050847
-10622470.307845 -0.000000 915.254237
-10446656.988215 -0.000000 927.457627
-10272086.622213 -0.000000 939.661017
-10099968.075031 -0.000000 951.864407
-9931084.634616 -0.000000 964.067797
-9760578.793118 -0.000000 976.271186
-9575277.158739 -0.000000 988.474576
-9377030.415146 -0.000000 1000.677966
-9204939.172657 -0.000000 1012.881356
-9063125.049273 -0.000000 1025.084746
-8912407.992487 -0.000000 1037.288136
-8742272.060752 -0.000000 1049.491525
-8564559.995837 -0.000000 1061.694915
-8385611.971152 -0.000000 1073.898305
-8207562.731782 -0.000000 1086.101695
-8030286.425953 -0.000000 1098.305085
-7854328.645064 -0.000000 1110.508475
-7679222.271245 -0.000000 1122.711864
-7504995.246982 -0.000000 1134.915254
-7331234.339233 -0.000000 1147.118644
-7157944.928760 -0.000000 1159.322034
-6984807.058110 -0.000000 1171.525424
-6811921.574186 -0.000000 1183.728814
-6639028.101651 -0.000000 1195.932203
-6466317.043631 -0.000000 1208.135593
-6293558.279525 -0.000000 1220.338983
-6120992.844431 -0.000000 1232.542373
-5948424.705177 -0.000000 1244.745763
-5776085.313965 -0.000000 1256.949153
-5603855.671050 -0.000000 1269.152542
-5431855.456422 -0.000000 1281.355932
-5260111.329516 -0.000000 1293.559322
-5088452.765155 -0.000000 1305.762712
-4917095.632171 -0.000000 1317.966102
-4745277.564970 -0.000000 1330.169492
-4573325.970613 -0.000000 1342.372881
-4399437.729964 -0.000000 1354.576271
-4223974.013592 -0.000000 1366.779661
-4044697.870648 -0.000000 1378.983051
-3864732.253903 -0.000000 1391.186441
-3685322.060001 -0.000000 1403.389831
-3511627.797640 -0.000000 1415.593220
-3338578.662013 -0.000000 1427.796610
-3165099.319988 -0.000000 1440.000000
-2992537.258977 -0.000000 1452.203390
-2831758.632337 -0.000000 1464.406780
-2678774.055651 -0.000000 1476.610169
-2525024.355653 -0.000000 1488.813559
-2358992.328688 -0.000000 1501.016949
-2181777.957250 -0.000000 1513.220339
-1996661.340280 -0.000000 1525.423729
-1810855.785933 -0.000000 1537.627119
-1626876.392144 -0.000000 1549.830508
-1446993.717638 -0.000000 1562.033898
-1270365.431941 -0.000000 1574.237288
-1096796.986803 -0.000000 1586.440678
-925157.084615 -0.000000 1598.644068
-755096.471556 -0.000000 1610.847458
-586049.574773 -0.000000 1623.050847
-417860.844941 -0.000000 1635.254237
-250344.769151 -0.000000 1647.457627
-83467.152757 -0.000000 1659.661017
82780.974879 0.000000 1671.864407
248366.208205 0.000000 1684.067797
413237.394700 0.000000 1696.271186
577330.961348 0.000000 1708.474576
740612.825600 0.000000 1720.677966
903032.537035 0.000000 1732.881356
1064652.130634 0.000000 1745.084746
1225509.716126 0.000000 1757.288136
1385891.171557 0.000000 1769.491525
1546079.685912 0.000000 1781.694915
1706824.454377 0.000000 1793.898305
1868975.084321 0.000000 1806.101695
2034182.427082 0.000000 1818.305085
2204466.834486 0.000000 1830.508475
2383112.119570 0.000000 1842.711864
2574283.094230 0.000000 1854.915254
2783912.857704 0.000000 1867.118644
3019445.827534 0.000000 1879.322034
3290321.922907 0.000000 1891.525424
3607356.605350 0.000000 1903.728814
3982619.638673 0.000000 1915.932203
4425492.965805 0.000000 1928.135593
4942996.051611 0.000000 1940.338983
5514482.160063 0.000000 1952.542373
6086368.508213 0.000000 1964.745763
6421953.156974 0.000000 1976.949153
6150563.899719 0.000000 1989.152542
4715211.611285 0.000000 2001.355932
7111312.438647 0.000000 2013.559322
8775257.959371 0.000000 2025.762712
2109129.472506 0.000000 2037.966102
-10824309.220322 -0.000000 2050.169492
-41879984.921992 -0.000000 2062.372881
-87395536.603728 -0.000000 2074.576271
-25592169.612381 -0.000000 2086.779661
-16962760.343513 -0.000000 2098.983051
-14244020.142630 -0.000000 2111.186441
-13352087.546335 -0.000000 2123.389831
-13531738.287239 -0.000000 2135.593220
-13387654.889612 -0.000000 2147.796610
-10177104.818781 -0.000000 2160.000000
-11474509.749072 -0.000000 2172.203390
-19142761.673830 -0.000000 2184.406780
-29850632.467368 -0.000000 2196.610169
-32846901.921945 -0.000000 2208.813559
-23561447.090139 -0.000000 2221.016949
-51787575.918975 -0.000000 2233.220339
-1071260172.669711 -0.000000 2245.423729
-5199623.757838 -0.000000 2257.627119
5288884.541368 0.000000 2269.830508
6889542.839337 0.000000 2282.033898
6006304.192873 0.000000 2294.237288
4720812.145376 0.000000 2306.440678
2411044.334116 0.000000 2318.644068
105889.797431 0.000000 2330.847458
-1347687.765478 -0.000000 2343.050847
-1766017.881497 -0.000000 2355.254237
-1352094.756029 -0.000000 2367.457627
-453925.160683 -0.000000 2379.661017
640960.149435 0.000000 2391.864407
1760124.832399 0.000000 2404.067797
2812287.733480 0.000000 2416.271186
3769282.481719 0.000000 2428.474576
4623540.531544 0.000000 2440.677966
5388127.095353 0.000000 2452.881356
6071246.455686 0.000000 2465.084746
6688153.739929 0.000000 2477.288136
7244635.382842 0.000000 2489.491525
7751957.330522 0.000000 2501.694915
8212729.531217 0.000000 2513.898305
8635474.970692 0.000000 2526.101695
9020624.491175 0.000000 2538.305085
9375297.679312 0.000000 2550.508475
9698245.145519 0.000000 2562.711864
9995051.413982 0.000000 2574.915254
10260010.811468 0.000000 2587.118644
10492472.147015 0.000000 2599.322034
10682805.762956 0.000000 2611.525424
10843228.963062 0.000000 2623.728814
10996282.991718 0.000000 2635.932203
11172311.906770 0.000000 2648.135593
11361747.234282 0.000000 2660.338983
11540345.570254 0.000000 2672.542373
11688571.492642 0.000000 2684.745763
11811334.399186 0.000000 2696.949153
11916445.187804 0.000000 2709.152542
12011633.725675 0.000000 2721.355932
12100677.647160 0.000000 2733.559322
12183715.489958 0.000000 2745.762712
12261049.515274 0.000000 2757.966102
12322843.758196 0.000000 2770.169492
12359774.152842 0.000000 2782.372881
12358454.104351 0.000000 2794.576271
12338156.575951 0.000000 2806.779661
12327513.539857 0.000000 2818.983051
12334423.294005 0.000000 2831.186441
12284057.144962 0.000000 2843.389831
12067019.382131 0.000000 2855.593220
11573238.941229 0.000000 2867.796610
10719066.890049 0.000000 2880.000000
9409497.489682 0.000000 2892.203390
7451772.556437 0.000000 2904.406780
4676234.996493 0.000000 2916.610169
1478036.574187 0.000000 2928.813559
26958.148930 0.000000 2941.016949
4538276.274650 0.000000 2953.220339
17660459.072544 0.000000 2965.423729
29179842.446847 0.000000 2977.627119
30350093.678236 0.000000 2989.830508
30367007.387708 0.000000 3002.033898
30826406.236390 0.000000 3014.237288
31079901.989594 0.000000 3026.440678
31211555.270590 0.000000 3038.644068
30862532.668549 0.000000 3050.847458
30384239.914763 0.000000 3063.050847
30215087.890746 0.000000 3075.254237
29842145.545955 0.000000 3087.457627
29476098.312591 0.000000 3099.661017
29165746.817271 0.000000 3111.864407
28869559.856271 0.000000 3124.067797
28667782.622224 0.000000 3136.271186
28519882.905488 0.000000 3148.474576
28416843.191071 0.000000 3160.677966
28335245.965644 0.000000 3172.881356
28267545.585033 0.000000 3185.084746
28200419.264645 0.000000 3197.288136
28140727.403223 0.000000 3209.491525
28097116.043060 0.000000 3221.694915
28093816.952473 0.000000 3233.898305
28173806.629172 0.000000 3246.101695
28457575.219905 0.000000 3258.305085
28922327.162260 0.000000 3270.508475
28889976.165698 0.000000 3282.711864
29410760.410331 0.000000 3294.915254
32037543.531821 0.000000 3307.118644
34067980.783933 0.000000 3319.322034
33724274.816535 0.000000 3331.525424
32112513.869554 0.000000 3343.728814
30455237.690336 0.000000 3355.932203
27070291.008393 0.000000 3368.135593
27599834.091982 0.000000 3380.338983
5569707.997731 0.000000 3392.542373
5372771.785396 0.000000 3404.745763
13000.196866 0.000000 3416.949153
22819.786577 0.000000 3429.152542
32367.112527 0.000000 3441.355932
41231.530827 0.000000 3453.559322
49441.798969 0.000000 3465.762712
56765.362358 0.000000 3477.966102
63184.675611 0.000000 3490.169492
68658.630918 0.000000 3502.372881
73241.468209 0.000000 3514.576271
76990.291021 0.000000 3526.779661
79996.479862 0.000000 3538.983051
82342.634475 0.000000 3551.186441
84113.793025 0.000000 3563.389831
85377.405195 0.000000 3575.593220
86189.495835 0.000000 3587.796610
86585.928500 0.000000 3600.000000
