808311.551865 0.000000 0.000000
810068.255329 0.000000 12.203390
813551.615130 0.000000 24.406780
818716.280570 0.000000 36.610169
825461.289648 0.000000 48.813559
833673.108439 0.000000 61.016949
843142.671576 0.000000 73.220339
853634.167924 0.000000 85.423729
864752.500730 0.000000 97.627119
876032.817324 0.000000 109.830508
886747.535155 0.000000 122.033898
896007.720079 0.000000 134.237288
902497.658205 0.000000 146.440678
904583.160346 0.000000 158.644068
899982.618416 0.000000 170.847458
885928.968306 0.000000 183.050847
858902.546867 0.000000 195.254237
815103.136362 0.000000 207.457627
750688.615130 0.000000 219.661017
663142.363098 0.000000 231.864407
552513.699728 0.000000 244.067797
423503.306961 0.000000 256.271186
286132.860886 0.000000 268.474576
155238.994950 0.000000 280.677966
467660266.765206 0.000000 292.881356
-3932044.700713 -0.000000 305.084746
-10854058.602529 -0.000000 317.288136
-13600144.053976 -0.000000 329.491525
-13319937.130057 -0.000000 341.694915
-13028380.628476 -0.000000 353.898305
-12932796.882816 -0.000000 366.101695
-12939086.936620 -0.000000 378.305085
-12926282.030219 -0.000000 390.508475
-12855213.161521 -0.000000 402.711864
-12724482.689234 -0.000000 414.915254
-12611448.405077 -0.000000 427.118644
-12652717.932632 -0.000000 439.322034
-12754123.749579 -0.000000 451.525424
-12793526.507107 -0.000000 463.728814
-12802694.343863 -0.000000 475.932203
-12801413.593596 -0.000000 488.135593
-12786320.235585 -0.000000 500.338983
-12761818.346863 -0.000000 512.542373
-12730163.489229 -0.000000 524.745763
-12697308.004622 -0.000000 536.949153
-12666699.185378 -0.000000 549.152542
-12633059.280407 -0.000000 561.355932
-12575542.549565 -0.000000 573.559322
-12486425.529214 -0.000000 585.762712
-12376517.244792 -0.000000 597.966102
-12245132.277270 -0.000000 610.169492
-12106080.621818 -0.000000 622.372881
-11964911.347074 -0.000000 634.576271
-11826016.795113 -0.000000 646.779661
-11694626.140930 -0.000000 658.983051
-11577176.334773 -0.000000 671.186441
-11467057.767726 -0.000000 683.389831
-11353351.153530 -0.000000 695.593220
-11222371.740763 -0.000000 707.796610
-11074471.647441 -0.000000 720.000000
-10916286.570798 -0.000000 732.203390
-10762912.381187 -0.000000 744.406780
-10623161.349529 -0.000000 756.610169
-10498834.675755 -0.000000 768.813559
-10373011.297674 -0.000000 781.016949
-10232077.499671 -0.000000 793.220339
-10075906.275917 -0.000000 805.423729
-9920533.088645 -0.000000 817.627119
-9772822.743970 -0.000000 829.830508
-9633309.803720 -0.000000 842.033898
-9496445.186835 -0.000000 854.237288
-9360603.150652 -0.000000 866.440678
-9223825.501557 -0.000000 878.644068
-9086590.508801 -0.000000 890.847458
-8948479.067568 -0.000000 903.050847
-8809882.255552 -0.000000 915.254237
-8670835.134524 -0.000000 927.457627
-8531431.041556 -0.000000 939.661017
-8391924.931915 -0.000000 951.864407
-8252189.101915 -0.000000 964.067797
-8112585.711400 -0.000000 976.271186
-7972887.726811 -0.000000 988.474576
-7833507.322664 -0.000000 1000.677966
-7694210.501223 -0.000000 1012.881356
-7555406.476954 -0.000000 1025.084746
-7416887.268751 -0.000000 1037.288136
-7278898.011952 -0.000000 1049.491525
-7141169.444864 -0.000000 1061.694915
-7003274.938352 -0.000000 1073.898305
-6864557.108322 -0.000000 1086.101695
-6723226.221258 -0.000000 1098.305085
-6572852.229901 -0.000000 1110.508475
-6403125.307273 -0.000000 1122.711864
-6225531.792812 -0.000000 1134.915254
-6081072.921769 -0.000000 1147.118644
-5965998.403035 -0.000000 1159.322034
-5842990.076329 -0.000000 1171.525424
-5711409.711642 -0.000000 1183.728814
-5585211.357081 -0.000000 1195.932203
-5463864.092031 -0.000000 1208.135593
-5338641.139023 -0.000000 1220.338983
-5201662.512301 -0.000000 1232.542373
-5053793.101342 -0.000000 1244.745763
-4900480.928642 -0.000000 1256.949153
-4747969.025520 -0.000000 1269.152542
-4598922.753269 -0.000000 1281.355932
-4453787.698481 -0.000000 1293.559322
-4311321.270839 -0.000000 1305.762712
-4170607.332024 -0.000000 1317.966102
-4030587.969786 -0.000000 1330.169492
-3890968.064728 -0.000000 1342.372881
-3751249.582815 -0.000000 1354.576271
-3611510.925226 -0.000000 1366.779661
-3471488.786714 -0.000000 1378.983051
-3331387.237795 -0.000000 1391.186441
-3191020.890246 -0.000000 1403.389831
-3050620.004970 -0.000000 1415.593220
-2910018.783425 -0.000000 1427.796610
-2769441.274067 -0.000000 1440.000000
-2628724.197530 -0.000000 1452.203390
-2488082.059481 -0.000000 1464.406780
-2347356.285835 -0.000000 1476.610169
-2206768.144925 -0.000000 1488.813559
-2066190.561670 -0.000000 1501.016949
-1925910.143982 -0.000000 1513.220339
-1785928.993861 -0.000000 1525.423729
-1646781.749385 -0.000000 1537.627119
-1508898.153778 -0.000000 1549.830508
-1373570.316586 -0.000000 1562.033898
-1242441.759431 -0.000000 1574.237288
-1118799.564470 -0.000000 1586.440678
-1007248.092101 -0.000000 1598.644068
-915560.711386 -0.000000 1610.847458
-854266.023228 -0.000000 1623.050847
-839106.467737 -0.000000 1635.254237
-888559.619253 -0.000000 1647.457627
-1026261.056804 -0.000000 1659.661017
-1268912.411343 -0.000000 1671.864407
-1633383.078260 -0.000000 1684.067797
-2099914.221547 -0.000000 1696.271186
-2689563.410628 -0.000000 1708.474576
-3315271.750628 -0.000000 1720.677966
-3792556.461294 -0.000000 1732.881356
1782735.851850 0.000000 1745.084746
9251632.676672 0.000000 1757.288136
10630313.865991 0.000000 1769.491525
9969033.356237 0.000000 1781.694915
9353447.785248 0.000000 1793.898305
8847636.020479 0.000000 1806.101695
8461657.058201 0.000000 1818.305085
8220893.545806 0.000000 1830.508475
8134231.184285 0.000000 1842.711864
8210015.623880 0.000000 1854.915254
8449146.705002 0.000000 1867.118644
8867288.844316 0.000000 1879.322034
9456922.271459 0.000000 1891.525424
10257258.312930 0.000000 1903.728814
11112477.027318 0.000000 1915.932203
12249578.496107 0.000000 1928.135593
13745182.854907 0.000000 1940.338983
11231598.565516 0.000000 1952.542373
4802235.771013 0.000000 1964.745763
3237700.336259 0.000000 1976.949153
6007084.594524 0.000000 1989.152542
9098660.383167 0.000000 2001.355932
12129270.292944 0.000000 2013.559322
13525523.528483 0.000000 2025.762712
13725586.196795 0.000000 2037.966102
10869871.916714 0.000000 2050.169492
1926325.703173 0.000000 2062.372881
-9828306.575002 -0.000000 2074.576271
-21899171.098942 -0.000000 2086.779661
-32919951.261705 -0.000000 2098.983051
-37431097.356938 -0.000000 2111.186441
-20565020.916041 -0.000000 2123.389831
-15326809.382196 -0.000000 2135.593220
-14145499.027785 -0.000000 2147.796610
-15632300.745248 -0.000000 2160.000000
-18636568.414192 -0.000000 2172.203390
-21603060.969469 -0.000000 2184.406780
-24060260.587400 -0.000000 2196.610169
-25933061.232281 -0.000000 2208.813559
-27120280.042362 -0.000000 2221.016949
-27369985.533895 -0.000000 2233.220339
-24901025.956552 -0.000000 2245.423729
-16866986.919910 -0.000000 2257.627119
-188228577.359617 -0.000000 2269.830508
-80826670.411432 -0.000000 2282.033898
1595754.522919 0.000000 2294.237288
5953969.514604 0.000000 2306.440678
9968918.378756 0.000000 2318.644068
11540508.421566 0.000000 2330.847458
11058528.878986 0.000000 2343.050847
8782467.789577 0.000000 2355.254237
5596172.094512 0.000000 2367.457627
2685303.749998 0.000000 2379.661017
897004.361674 0.000000 2391.864407
433214.046722 0.000000 2404.067797
1016708.704892 0.000000 2416.271186
2221051.036025 0.000000 2428.474576
3666909.744518 0.000000 2440.677966
5117287.765554 0.000000 2452.881356
6465317.775361 0.000000 2465.084746
7693859.895873 0.000000 2477.288136
8803730.915355 0.000000 2489.491525
9783353.101524 0.000000 2501.694915
10632478.913700 0.000000 2513.898305
11364962.624898 0.000000 2526.101695
12006108.278274 0.000000 2538.305085
12572173.395488 0.000000 2550.508475
13077392.116911 0.000000 2562.711864
13527498.953796 0.000000 2574.915254
13929280.899637 0.000000 2587.118644
14285632.110732 0.000000 2599.322034
14600364.511961 0.000000 2611.525424
14876182.295669 0.000000 2623.728814
15109108.910679 0.000000 2635.932203
15286798.247212 0.000000 2648.135593
15411999.212443 0.000000 2660.338983
15491536.400171 0.000000 2672.542373
15535567.343336 0.000000 2684.745763
15550623.396584 0.000000 2696.949153
15556562.449249 0.000000 2709.152542
15561513.888162 0.000000 2721.355932
15560644.782317 0.000000 2733.559322
15563414.589408 0.000000 2745.762712
15561279.565589 0.000000 2757.966102
15554188.357853 0.000000 2770.169492
15553332.064508 0.000000 2782.372881
15551031.505780 0.000000 2794.576271
15547529.048998 0.000000 2806.779661
15539848.490296 0.000000 2818.983051
15532666.698846 0.000000 2831.186441
15532809.243315 0.000000 2843.389831
15550295.997108 0.000000 2855.593220
15578512.171062 0.000000 2867.796610
15599737.816273 0.000000 2880.000000
15611752.097959 0.000000 2892.203390
15640293.874925 0.000000 2904.406780
15591607.915598 0.000000 2916.610169
15323655.766913 0.000000 2928.813559
14853176.675495 0.000000 2941.016949
13767777.371365 0.000000 2953.220339
10961773.162804 0.000000 2965.423729
5893781.890137 0.000000 2977.627119
1412114.994699 0.000000 2989.830508
3717654.903436 0.000000 3002.033898
18956965.303518 0.000000 3014.237288
31215935.918139 0.000000 3026.440678
30699467.960167 0.000000 3038.644068
30598667.523457 0.000000 3050.847458
31293392.613003 0.000000 3063.050847
31768672.343411 0.000000 3075.254237
31814869.035961 0.000000 3087.457627
31598504.598685 0.000000 3099.661017
30993826.931555 0.000000 3111.864407
30658100.501320 0.000000 3124.067797
30507530.156137 0.000000 3136.271186
30142456.021552 0.000000 3148.474576
29849540.948647 0.000000 3160.677966
29599301.286638 0.000000 3172.881356
29393252.772932 0.000000 3185.084746
29245321.115108 0.000000 3197.288136
29117836.196287 0.000000 3209.491525
29002355.453273 0.000000 3221.694915
28891212.999017 0.000000 3233.898305
28782073.478656 0.000000 3246.101695
28677982.650470 0.000000 3258.305085
28593470.906194 0.000000 3270.508475
28548643.227319 0.000000 3282.711864
28590460.624416 0.000000 3294.915254
28819696.566330 0.000000 3307.118644
29267880.943784 0.000000 3319.322034
29196066.685248 0.000000 3331.525424
29464216.300584 0.000000 3343.728814
32324502.572838 0.000000 3355.932203
34877706.872650 0.000000 3368.135593
34584504.123613 0.000000 3380.338983
32920548.076789 0.000000 3392.542373
31316693.719669 0.000000 3404.745763
27867015.785523 0.000000 3416.949153
27939972.964669 0.000000 3429.152542
5902750.316439 0.000000 3441.355932
46989170.003109 0.000000 3453.559322
108722.038477 0.000000 3465.762712
178502.114679 0.000000 3477.966102
243843.242451 0.000000 3490.169492
303513.799413 0.000000 3502.372881
356920.795922 0.000000 3514.576271
403357.366008 0.000000 3526.779661
442616.206843 0.000000 3538.983051
474671.307755 0.000000 3551.186441
499753.906180 0.000000 3563.389831
518161.516360 0.000000 3575.593220
530220.782717 0.000000 3587.796610
536179.937748 0.000000 3600.000000
