336276.510703 0.000000 0.000000
337247.592359 0.000000 12.203390
339188.699822 0.000000 24.406780
342105.313602 0.000000 36.610169
345994.218230 0.000000 48.813559
350865.229297 0.000000 61.016949
356712.283749 0.000000 73.220339
363547.649481 0.000000 85.423729
371360.703033 0.000000 97.627119
380162.432299 0.000000 109.830508
389934.342393 0.000000 122.033898
400679.473857 0.000000 134.237288
412365.016417 0.000000 146.440678
424974.249009 0.000000 158.644068
438447.619225 0.000000 170.847458
452727.561733 0.000000 183.050847
467703.936648 0.000000 195.254237
483240.318605 0.000000 207.457627
499130.426519 0.000000 219.661017
515089.999686 0.000000 231.864407
530730.573875 0.000000 244.067797
545496.039106 0.000000 256.271186
558658.625853 0.000000 268.474576
569178.161232 0.000000 280.677966
575727.432955 0.000000 292.881356
576476.661711 0.000000 305.084746
569190.070943 0.000000 317.288136
551068.354644 0.000000 329.491525
519097.343351 0.000000 341.694915
470457.935243 0.000000 353.898305
403392.517305 0.000000 366.101695
319141.770200 0.000000 378.305085
222154.500324 0.000000 390.508475
123752.672765 0.000000 402.711864
2646630.850223 0.000000 414.915254
331471.250192 0.000000 427.118644
-7993038.749314 -0.000000 439.322034
-14128919.775906 -0.000000 451.525424
-13277099.824976 -0.000000 463.728814
-12987986.816557 -0.000000 475.932203
-12866583.472506 -0.000000 488.135593
-12874409.381652 -0.000000 500.338983
-12901868.215345 -0.000000 512.542373
-12870508.506110 -0.000000 524.745763
-12779683.243049 -0.000000 536.949153
-12670289.472060 -0.000000 549.152542
-12625253.235697 -0.000000 561.355932
-12677119.799477 -0.000000 573.559322
-12755390.612084 -0.000000 585.762712
-12797469.520466 -0.000000 597.966102
-12807003.273549 -0.000000 610.169492
-12809810.686944 -0.000000 622.372881
-12803374.132803 -0.000000 634.576271
-12793023.518547 -0.000000 646.779661
-12790657.288140 -0.000000 658.983051
-12791925.803321 -0.000000 671.186441
-12795323.920282 -0.000000 683.389831
-12800055.627629 -0.000000 695.593220
-12796479.394752 -0.000000 707.796610
-12784347.770102 -0.000000 720.000000
-12779055.546299 -0.000000 732.203390
-12783362.014270 -0.000000 744.406780
-12786196.138533 -0.000000 756.610169
-12781412.675583 -0.000000 768.813559
-12760881.489734 -0.000000 781.016949
-12734414.387810 -0.000000 793.220339
-12714466.361126 -0.000000 805.423729
-12696608.402499 -0.000000 817.627119
-12674602.064668 -0.000000 829.830508
-12644925.967160 -0.000000 842.033898
-12606010.487539 -0.000000 854.237288
-12555578.572047 -0.000000 866.440678
-12491977.203239 -0.000000 878.644068
-12421288.871404 -0.000000 890.847458
-12340034.455723 -0.000000 903.050847
-12244187.735063 -0.000000 915.254237
-12134250.199905 -0.000000 927.457627
-12015257.817572 -0.000000 939.661017
-11897754.864923 -0.000000 951.864407
-11785838.237755 -0.000000 964.067797
-11676879.458597 -0.000000 976.271186
-11569147.606665 -0.000000 988.474576
-11460182.919729 -0.000000 1000.677966
-11351057.115073 -0.000000 1012.881356
-11240505.990649 -0.000000 1025.084746
-11130089.594447 -0.000000 1037.288136
-11018623.973079 -0.000000 1049.491525
-10907477.523339 -0.000000 1061.694915
-10795634.176379 -0.000000 1073.898305
-10684135.048282 -0.000000 1086.101695
-10572211.448194 -0.000000 1098.305085
-10460574.697890 -0.000000 1110.508475
-10348706.270331 -0.000000 1122.711864
-10237047.989851 -0.000000 1134.915254
-10125278.187673 -0.000000 1147.118644
-10013644.536929 -0.000000 1159.322034
-9901947.385308 -0.000000 1171.525424
-9790302.636881 -0.000000 1183.728814
-9678560.003707 -0.000000 1195.932203
-9566744.177279 -0.000000 1208.135593
-9454697.664862 -0.000000 1220.338983
-9342379.456346 -0.000000 1232.542373
-9229598.667909 -0.000000 1244.745763
-9116305.511324 -0.000000 1256.949153
-9002399.156892 -0.000000 1269.152542
-8888169.967087 -0.000000 1281.355932
-8774184.159640 -0.000000 1293.559322
-8661662.786584 -0.000000 1305.762712
-8551752.034270 -0.000000 1317.966102
-8445073.220865 -0.000000 1330.169492
-8340565.522645 -0.000000 1342.372881
-8236066.836845 -0.000000 1354.576271
-8129107.830790 -0.000000 1366.779661
-8018693.451891 -0.000000 1378.983051
-7905199.589188 -0.000000 1391.186441
-7790135.014410 -0.000000 1403.389831
-7674770.871661 -0.000000 1415.593220
-7560088.100259 -0.000000 1427.796610
-7446334.827531 -0.000000 1440.000000
-7333638.444966 -0.000000 1452.203390
-7221792.385239 -0.000000 1464.406780
-7110736.678583 -0.000000 1476.610169
-7000245.675221 -0.000000 1488.813559
-6890274.288482 -0.000000 1501.016949
-6780654.541269 -0.000000 1513.220339
-6671379.251070 -0.000000 1525.423729
-6562339.754417 -0.000000 1537.627119
-6453558.799711 -0.000000 1549.830508
-6344970.802217 -0.000000 1562.033898
-6236613.362149 -0.000000 1574.237288
-6128446.512065 -0.000000 1586.440678
-6020514.202455 -0.000000 1598.644068
-5912795.337157 -0.000000 1610.847458
-5805351.255635 -0.000000 1623.050847
-5698203.486231 -0.000000 1635.254237
-5591496.080286 -0.000000 1647.457627
-5485407.267656 -0.000000 1659.661017
-5380383.483897 -0.000000 1671.864407
-5277121.495805 -0.000000 1684.067797
-5176983.245640 -0.000000 1696.271186
-5082131.779715 -0.000000 1708.474576
-4996301.973145 -0.000000 1720.677966
-4925180.003401 -0.000000 1732.881356
-4877668.952556 -0.000000 1745.084746
-4866273.076922 -0.000000 1757.288136
-4908393.154006 -0.000000 1769.491525
-5024865.525986 -0.000000 1781.694915
-5238794.477006 -0.000000 1793.898305
-5567300.859487 -0.000000 1806.101695
-6018330.967578 -0.000000 1818.305085
-6582235.358104 -0.000000 1830.508475
-7260120.138266 -0.000000 1842.711864
-7997680.564391 -0.000000 1854.915254
-6713640.029011 -0.000000 1867.118644
647826.780751 0.000000 1879.322034
6130270.078516 0.000000 1891.525424
5641569.456982 0.000000 1903.728814
5229417.769521 0.000000 1915.932203
5300133.673611 0.000000 1928.135593
6416894.943322 0.000000 1940.338983
10358932.957019 0.000000 1952.542373
14416500.895264 0.000000 1964.745763
13982061.000274 0.000000 1976.949153
13346303.021296 0.000000 1989.152542
13252151.386579 0.000000 2001.355932
13501043.096783 0.000000 2013.559322
14994587.639061 0.000000 2025.762712
13080206.975223 0.000000 2037.966102
-4245750.233537 -0.000000 2050.169492
-13252940.510977 -0.000000 2062.372881
-21361842.258438 -0.000000 2074.576271
-237783297.597946 -0.000000 2086.779661
-21357326.653480 -0.000000 2098.983051
-14733380.446165 -0.000000 2111.186441
-14268315.565134 -0.000000 2123.389831
-15630766.070281 -0.000000 2135.593220
-17237072.838178 -0.000000 2147.796610
-18425953.384031 -0.000000 2160.000000
-19285552.399379 -0.000000 2172.203390
-19796073.450668 -0.000000 2184.406780
-19789520.742702 -0.000000 2196.610169
-19300982.021255 -0.000000 2208.813559
-13671533.594412 -0.000000 2221.016949
-6126454009.547926 -0.000000 2233.220339
-5300107.527151 -0.000000 2245.423729
10575303.254820 0.000000 2257.627119
37624034.754838 0.000000 2269.830508
18636555.771166 0.000000 2282.033898
18700915.995506 0.000000 2294.237288
22101267.643128 0.000000 2306.440678
19619776.384586 0.000000 2318.644068
14403926.043192 0.000000 2330.847458
8507646.006314 0.000000 2343.050847
2910897.969915 0.000000 2355.254237
1306886.774835 0.000000 2367.457627
1766572.269862 0.000000 2379.661017
3175168.621233 0.000000 2391.864407
4799477.029564 0.000000 2404.067797
6287298.662530 0.000000 2416.271186
7539987.159860 0.000000 2428.474576
8579497.083695 0.000000 2440.677966
9450465.056692 0.000000 2452.881356
10175504.609541 0.000000 2465.084746
10773111.421926 0.000000 2477.288136
11270064.034648 0.000000 2489.491525
11694668.863877 0.000000 2501.694915
12067301.059435 0.000000 2513.898305
12400178.979543 0.000000 2526.101695
12700650.744840 0.000000 2538.305085
12972810.300431 0.000000 2550.508475
13220856.409166 0.000000 2562.711864
13446124.593246 0.000000 2574.915254
13652348.625126 0.000000 2587.118644
13839243.574068 0.000000 2599.322034
14010884.028271 0.000000 2611.525424
14166179.283871 0.000000 2623.728814
14309863.568392 0.000000 2635.932203
14440613.994174 0.000000 2648.135593
14562204.615544 0.000000 2660.338983
14669859.551528 0.000000 2672.542373
14758428.896112 0.000000 2684.745763
14817383.565271 0.000000 2696.949153
14847746.282012 0.000000 2709.152542
14870214.922012 0.000000 2721.355932
14905185.106993 0.000000 2733.559322
14958793.059340 0.000000 2745.762712
15011747.579717 0.000000 2757.966102
15049274.058909 0.000000 2770.169492
15049684.811689 0.000000 2782.372881
15032393.468022 0.000000 2794.576271
15031885.008561 0.000000 2806.779661
15091955.075245 0.000000 2818.983051
15187444.055599 0.000000 2831.186441
15249693.977108 0.000000 2843.389831
15205387.122214 0.000000 2855.593220
15011186.612193 0.000000 2867.796610
14619298.741045 0.000000 2880.000000
13969279.294483 0.000000 2892.203390
12971940.348109 0.000000 2904.406780
11327332.229380 0.000000 2916.610169
8438555.499300 0.000000 2928.813559
4145456.383485 0.000000 2941.016949
949429.514639 0.000000 2953.220339
4069269.939959 0.000000 2965.423729
17736434.355029 0.000000 2977.627119
29902990.889494 0.000000 2989.830508
30345703.976325 0.000000 3002.033898
30317602.138306 0.000000 3014.237288
30998928.678938 0.000000 3026.440678
31271896.039724 0.000000 3038.644068
31332246.459175 0.000000 3050.847458
31182686.547950 0.000000 3063.050847
30581193.052609 0.000000 3075.254237
30282853.118583 0.000000 3087.457627
30079154.619889 0.000000 3099.661017
29721584.642542 0.000000 3111.864407
29449801.091286 0.000000 3124.067797
29203012.973810 0.000000 3136.271186
29006153.736697 0.000000 3148.474576
28858448.232383 0.000000 3160.677966
28736121.144987 0.000000 3172.881356
28624205.263648 0.000000 3185.084746
28520037.131633 0.000000 3197.288136
28419219.889773 0.000000 3209.491525
28327268.049080 0.000000 3221.694915
28257907.581104 0.000000 3233.898305
28233249.236864 0.000000 3246.101695
28296306.269473 0.000000 3258.305085
28551819.672881 0.000000 3270.508475
29008590.121953 0.000000 3282.711864
28940446.980876 0.000000 3294.915254
29271827.875430 0.000000 3307.118644
32038509.251626 0.000000 3319.322034
34414759.353046 0.000000 3331.525424
34103259.268667 0.000000 3343.728814
32412604.664907 0.000000 3355.932203
30785028.247229 0.000000 3368.135593
27433285.935657 0.000000 3380.338983
28067452.967597 0.000000 3392.542373
6351639.647431 0.000000 3404.745763
30262453.756775 0.000000 3416.949153
54623.601507 0.000000 3429.152542
92051.589440 0.000000 3441.355932
128322.367301 0.000000 3453.559322
162375.721740 0.000000 3465.762712
193737.567143 0.000000 3477.966102
221760.734116 0.000000 3490.169492
246228.163268 0.000000 3502.372881
267047.346636 0.000000 3514.576271
284367.787304 0.000000 3526.779661
298417.566249 0.000000 3538.983051
309508.014071 0.000000 3551.186441
317939.832901 0.000000 3563.389831
323997.574344 0.000000 3575.593220
327903.345818 0.000000 3587.796610
329816.554908 0.000000 3600.000000
