6907.790133 0.000000 0.000000
6936.684300 0.000000 12.203390
6994.592008 0.000000 24.406780
7081.835029 0.000000 36.610169
7198.951392 0.000000 48.813559
7346.296835 0.000000 61.016949
7524.904501 0.000000 73.220339
7735.291610 0.000000 85.423729
7978.930640 0.000000 97.627119
8256.513976 0.000000 109.830508
8569.964700 0.000000 122.033898
8920.156907 0.000000 134.237288
9309.485734 0.000000 146.440678
9739.012415 0.000000 158.644068
10211.630273 0.000000 170.847458
10728.594067 0.000000 183.050847
11293.327014 0.000000 195.254237
11907.284196 0.000000 207.457627
12574.455909 0.000000 219.661017
13296.504547 0.000000 231.864407
14078.030292 0.000000 244.067797
14920.910448 0.000000 256.271186
15830.404139 0.000000 268.474576
16808.611334 0.000000 280.677966
17861.506757 0.000000 292.881356
18991.421199 0.000000 305.084746
20205.108428 0.000000 317.288136
21505.139282 0.000000 329.491525
22899.119004 0.000000 341.694915
24389.867831 0.000000 353.898305
25985.925229 0.000000 366.101695
27690.370680 0.000000 378.305085
29512.769722 0.000000 390.508475
31456.472304 0.000000 402.711864
33532.173815 0.000000 414.915254
35743.504673 0.000000 427.118644
38102.406336 0.000000 439.322034
40612.800404 0.000000 451.525424
43288.001486 0.000000 463.728814
46132.232700 0.000000 475.932203
49160.322539 0.000000 488.135593
52376.802919 0.000000 500.338983
55798.170455 0.000000 512.542373
59429.272132 0.000000 524.745763
63288.438525 0.000000 536.949153
67380.835784 0.000000 549.152542
71726.808034 0.000000 561.355932
76331.839837 0.000000 573.559322
81218.480710 0.000000 585.762712
86392.533051 0.000000 597.966102
91878.954161 0.000000 610.169492
97683.859578 0.000000 622.372881
103834.828378 0.000000 634.576271
110338.285593 0.000000 646.779661
117224.652092 0.000000 658.983051
124500.661674 0.000000 671.186441
132199.801759 0.000000 683.389831
140329.119928 0.000000 695.593220
148925.392683 0.000000 707.796610
157995.998867 0.000000 720.000000
167581.214850 0.000000 732.203390
177688.784983 0.000000 744.406780
188362.669932 0.000000 756.610169
199611.035420 0.000000 768.813559
211481.663456 0.000000 781.016949
223983.222228 0.000000 793.220339
237167.366042 0.000000 805.423729
251043.368237 0.000000 817.627119
265666.668364 0.000000 829.830508
281047.240074 0.000000 842.033898
297243.995818 0.000000 854.237288
314267.653072 0.000000 866.440678
332179.918547 0.000000 878.644068
350992.120761 0.000000 890.847458
370767.487646 0.000000 903.050847
391517.425008 0.000000 915.254237
413304.436885 0.000000 927.457627
436138.618884 0.000000 939.661017
460077.877236 0.000000 951.864407
485127.932982 0.000000 964.067797
511335.439270 0.000000 976.271186
538695.451414 0.000000 988.474576
567231.846858 0.000000 1000.677966
596916.613660 0.000000 1012.881356
627730.633574 0.000000 1025.084746
659598.948309 0.000000 1037.288136
692423.335171 0.000000 1049.491525
726036.483552 0.000000 1061.694915
760195.627043 0.000000 1073.898305
794555.571472 0.000000 1086.101695
828609.482419 0.000000 1098.305085
861675.470930 0.000000 1110.508475
892766.806258 0.000000 1122.711864
920581.152049 0.000000 1134.915254
943284.128034 0.000000 1147.118644
958500.091374 0.000000 1159.322034
963035.219197 0.000000 1171.525424
952966.438637 0.000000 1183.728814
923544.148411 0.000000 1195.932203
869850.504287 0.000000 1208.135593
787648.343376 0.000000 1220.338983
675497.320327 0.000000 1232.542373
536976.131723 0.000000 1244.745763
383089.497874 0.000000 1256.949153
232129.812475 0.000000 1269.152542
106629.944259 0.000000 1281.355932
408228915.680836 0.000000 1293.559322
-3667257.952274 -0.000000 1305.762712
-9927018.009358 -0.000000 1317.966102
-13179995.009575 -0.000000 1330.169492
-13340866.259449 -0.000000 1342.372881
-13032298.046018 -0.000000 1354.576271
-12968439.167753 -0.000000 1366.779661
-12967339.366333 -0.000000 1378.983051
-12920919.307084 -0.000000 1391.186441
-12714012.470704 -0.000000 1403.389831
-12412731.889465 -0.000000 1415.593220
-12305460.242735 -0.000000 1427.796610
-12248420.197958 -0.000000 1440.000000
-12105045.995549 -0.000000 1452.203390
-11956832.479196 -0.000000 1464.406780
-11817745.387851 -0.000000 1476.610169
-11671039.847360 -0.000000 1488.813559
-11516952.540864 -0.000000 1501.016949
-11351469.418888 -0.000000 1513.220339
-11178181.107871 -0.000000 1525.423729
-10998355.614658 -0.000000 1537.627119
-10814386.346048 -0.000000 1549.830508
-10628400.530265 -0.000000 1562.033898
-10440454.843613 -0.000000 1574.237288
-10252599.921324 -0.000000 1586.440678
-10063082.329153 -0.000000 1598.644068
-9873663.261399 -0.000000 1610.847458
-9681722.216189 -0.000000 1623.050847
-9489202.906068 -0.000000 1635.254237
-9289899.061083 -0.000000 1647.457627
-9080575.412604 -0.000000 1659.661017
-8873342.408793 -0.000000 1671.864407
-8706130.632379 -0.000000 1684.067797
-8556710.767605 -0.000000 1696.271186
-8371152.294748 -0.000000 1708.474576
-8139800.453056 -0.000000 1720.677966
-7877931.938448 -0.000000 1732.881356
-7584130.111050 -0.000000 1745.084746
-7240394.976969 -0.000000 1757.288136
-6812492.739247 -0.000000 1769.491525
-6252168.686019 -0.000000 1781.694915
-5491973.919539 -0.000000 1793.898305
-4444398.564343 -0.000000 1806.101695
-2995285.051015 -0.000000 1818.305085
-1013752.459207 -0.000000 1830.508475
1646830.961894 0.000000 1842.711864
4990037.566315 0.000000 1854.915254
9286471.770117 0.000000 1867.118644
12754725.312946 0.000000 1879.322034
13391057.534504 0.000000 1891.525424
13886493.184202 0.000000 1903.728814
12732972.695843 0.000000 1915.932203
-1307386.962955 -0.000000 1928.135593
-14987152.839902 -0.000000 1940.338983
-16790930.625122 -0.000000 1952.542373
-70307391.059849 -0.000000 1964.745763
-25874742.613282 -0.000000 1976.949153
-16608191.627759 -0.000000 1989.152542
-13984113.105186 -0.000000 2001.355932
-13459014.627161 -0.000000 2013.559322
-14903021.628609 -0.000000 2025.762712
-17648724.648449 -0.000000 2037.966102
-20492925.265506 -0.000000 2050.169492
-23032473.256352 -0.000000 2062.372881
-25151287.328657 -0.000000 2074.576271
-26825840.122865 -0.000000 2086.779661
-28130448.381463 -0.000000 2098.983051
-28930558.147332 -0.000000 2111.186441
-29396031.325332 -0.000000 2123.389831
-25449676.448506 -0.000000 2135.593220
-33229534.973799 -0.000000 2147.796610
-326112986.602201 -0.000000 2160.000000
-35161342.622423 -0.000000 2172.203390
-3895250.685126 -0.000000 2184.406780
-4936037.627882 -0.000000 2196.610169
-4789455.143301 -0.000000 2208.813559
-5425245.229831 -0.000000 2221.016949
-5794860.209603 -0.000000 2233.220339
-5519029.316199 -0.000000 2245.423729
-4565355.525618 -0.000000 2257.627119
-3066766.698155 -0.000000 2269.830508
-1350199.559035 -0.000000 2282.033898
307416.475424 0.000000 2294.237288
1764592.124878 0.000000 2306.440678
3006720.374264 0.000000 2318.644068
4050378.750395 0.000000 2330.847458
4950307.331812 0.000000 2343.050847
5731087.400404 0.000000 2355.254237
6430905.148399 0.000000 2367.457627
7054940.890898 0.000000 2379.661017
7620008.774545 0.000000 2391.864407
8118332.111713 0.000000 2404.067797
8553552.306882 0.000000 2416.271186
8922574.056440 0.000000 2428.474576
9253023.105692 0.000000 2440.677966
9572420.764372 0.000000 2452.881356
9894585.537085 0.000000 2465.084746
10194428.850791 0.000000 2477.288136
10455464.805263 0.000000 2489.491525
10671857.029144 0.000000 2501.694915
10854908.346958 0.000000 2513.898305
11004694.672386 0.000000 2526.101695
11122352.272919 0.000000 2538.305085
11206007.149935 0.000000 2550.508475
11279625.055110 0.000000 2562.711864
11370894.552687 0.000000 2574.915254
11490918.204061 0.000000 2587.118644
11612148.582225 0.000000 2599.322034
11713664.265393 0.000000 2611.525424
11788727.747320 0.000000 2623.728814
11848794.699466 0.000000 2635.932203
11899837.747182 0.000000 2648.135593
11947727.859671 0.000000 2660.338983
11990565.290946 0.000000 2672.542373
12025104.020165 0.000000 2684.745763
12041196.880484 0.000000 2696.949153
12019298.623631 0.000000 2709.152542
11927356.967125 0.000000 2721.355932
11706476.470858 0.000000 2733.559322
11277718.276082 0.000000 2745.762712
10517977.350324 0.000000 2757.966102
9287187.235091 0.000000 2770.169492
7362261.026432 0.000000 2782.372881
4612703.402270 0.000000 2794.576271
1322028.229512 0.000000 2806.779661
-620974.508179 -0.000000 2818.983051
1598406.646871 0.000000 2831.186441
12820229.955816 0.000000 2843.389831
26516662.875021 0.000000 2855.593220
29682730.557796 0.000000 2867.796610
29791765.255801 0.000000 2880.000000
30215928.444724 0.000000 2892.203390
30631480.680342 0.000000 2904.406780
30900521.639598 0.000000 2916.610169
30709815.617582 0.000000 2928.813559
30250079.152152 0.000000 2941.016949
30055029.214705 0.000000 2953.220339
29733326.079801 0.000000 2965.423729
29353140.540890 0.000000 2977.627119
29050510.666350 0.000000 2989.830508
28760064.706571 0.000000 3002.033898
28564183.957294 0.000000 3014.237288
28416316.228520 0.000000 3026.440678
28317441.026202 0.000000 3038.644068
28244997.876218 0.000000 3050.847458
28193158.176160 0.000000 3063.050847
28143929.889269 0.000000 3075.254237
28099955.392871 0.000000 3087.457627
28067324.236516 0.000000 3099.661017
28066099.900559 0.000000 3111.864407
28140186.975695 0.000000 3124.067797
28345608.737587 0.000000 3136.271186
28730099.542215 0.000000 3148.474576
28959670.352047 0.000000 3160.677966
29105615.025051 0.000000 3172.881356
30371941.802881 0.000000 3185.084746
32634198.592012 0.000000 3197.288136
33418913.831361 0.000000 3209.491525
32776834.571338 0.000000 3221.694915
30963953.790989 0.000000 3233.898305
29261720.173429 0.000000 3246.101695
29398379.688323 0.000000 3258.305085
19430207.339717 0.000000 3270.508475
-2869849.873109 -0.000000 3282.711864
488873.818712 0.000000 3294.915254
8122.554010 0.000000 3307.118644
14274.454752 0.000000 3319.322034
20742.229212 0.000000 3331.525424
26850.315626 0.000000 3343.728814
32642.919853 0.000000 3355.932203
37899.449132 0.000000 3368.135593
42572.084399 0.000000 3380.338983
46623.173885 0.000000 3392.542373
50067.399367 0.000000 3404.745763
52948.175771 0.000000 3416.949153
55320.541528 0.000000 3429.152542
57252.451651 0.000000 3441.355932
58806.256038 0.000000 3453.559322
60045.685973 0.000000 3465.762712
61023.714229 0.000000 3477.966102
61790.114672 0.000000 3490.169492
62384.273121 0.000000 3502.372881
62841.565019 0.000000 3514.576271
63189.086173 0.000000 3526.779661
63450.439583 0.000000 3538.983051
63643.122947 0.000000 3551.186441
63781.842008 0.000000 3563.389831
63876.893419 0.000000 3575.593220
63936.325026 0.000000 3587.796610
63964.739601 0.000000 3600.000000
