2047174.332978 0.000000 0.000000
2024403.348134 0.000000 12.203390
1976507.980240 0.000000 24.406780
1898963.961965 0.000000 36.610169
1785478.383403 0.000000 48.813559
1629096.539890 0.000000 61.016949
1423957.325871 0.000000 73.220339
1168088.357454 0.000000 85.423729
866016.712305 0.000000 97.627119
530075.706633 0.000000 109.830508
1011115528.008118 0.000000 122.033898
-350013.630231 -0.000000 134.237288
-5813338.205711 -0.000000 146.440678
-11089669.667087 -0.000000 158.644068
-13490581.126223 -0.000000 170.847458
-13342722.069722 -0.000000 183.050847
-13087326.728095 -0.000000 195.254237
-13033256.063826 -0.000000 207.457627
-13004533.390935 -0.000000 219.661017
-12854031.658323 -0.000000 231.864407
-12534549.474371 -0.000000 244.067797
-12347654.277850 -0.000000 256.271186
-12304171.846563 -0.000000 268.474576
-12186102.404054 -0.000000 280.677966
-12066064.174035 -0.000000 292.881356
-11969402.473632 -0.000000 305.084746
-11877568.873228 -0.000000 317.288136
-11781585.387627 -0.000000 329.491525
-11682386.876309 -0.000000 341.694915
-11576171.654407 -0.000000 353.898305
-11472570.565268 -0.000000 366.101695
-11371062.800359 -0.000000 378.305085
-11273958.025943 -0.000000 390.508475
-11168047.075644 -0.000000 402.711864
-11050241.966946 -0.000000 414.915254
-10924227.540827 -0.000000 427.118644
-10800957.644592 -0.000000 439.322034
-10683489.941044 -0.000000 451.525424
-10569983.058222 -0.000000 463.728814
-10458232.645759 -0.000000 475.932203
-10345866.309144 -0.000000 488.135593
-10233608.181881 -0.000000 500.338983
-10120038.934413 -0.000000 512.542373
-10006622.858029 -0.000000 524.745763
-9892001.491344 -0.000000 536.949153
-9777588.853318 -0.000000 549.152542
-9662208.943829 -0.000000 561.355932
-9547002.050140 -0.000000 573.559322
-9431064.704563 -0.000000 585.762712
-9315216.420178 -0.000000 597.966102
-9198832.984005 -0.000000 610.169492
-9082455.968107 -0.000000 622.372881
-8965690.510831 -0.000000 634.576271
-8848874.352265 -0.000000 646.779661
-8731773.839523 -0.000000 658.983051
-8614594.923857 -0.000000 671.186441
-8497203.656891 -0.000000 683.389831
-8379730.105260 -0.000000 695.593220
-8262094.499946 -0.000000 707.796610
-8144388.566535 -0.000000 720.000000
-8026556.720579 -0.000000 732.203390
-7908674.514834 -0.000000 744.406780
-7790691.410213 -0.000000 756.610169
-7672677.237534 -0.000000 768.813559
-7554572.495985 -0.000000 781.016949
-7436442.231000 -0.000000 793.220339
-7318203.897707 -0.000000 805.423729
-7199909.892301 -0.000000 817.627119
-7081437.683086 -0.000000 829.830508
-6962813.743488 -0.000000 842.033898
-6843861.092001 -0.000000 854.237288
-6724574.256741 -0.000000 866.440678
-6604728.486412 -0.000000 878.644068
-6484320.372186 -0.000000 890.847458
-6363175.513066 -0.000000 903.050847
-6241519.229759 -0.000000 915.254237
-6119659.648784 -0.000000 927.457627
-5998621.817088 -0.000000 939.661017
-5879520.177988 -0.000000 951.864407
-5763505.001287 -0.000000 964.067797
-5650359.233769 -0.000000 976.271186
-5538564.299459 -0.000000 988.474576
-5425407.113921 -0.000000 1000.677966
-5308964.466694 -0.000000 1012.881356
-5188682.188507 -0.000000 1025.084746
-5065752.399013 -0.000000 1037.288136
-4941675.220771 -0.000000 1049.491525
-4817840.348351 -0.000000 1061.694915
-4694795.991763 -0.000000 1073.898305
-4572782.753417 -0.000000 1086.101695
-4451611.908648 -0.000000 1098.305085
-4331177.102976 -0.000000 1110.508475
-4211232.980362 -0.000000 1122.711864
-4091686.047660 -0.000000 1134.915254
-3972366.697445 -0.000000 1147.118644
-3853223.047477 -0.000000 1159.322034
-3734156.047053 -0.000000 1171.525424
-3615142.776973 -0.000000 1183.728814
-3496136.827314 -0.000000 1195.932203
-3377127.923313 -0.000000 1208.135593
-3258103.944957 -0.000000 1220.338983
-3139054.611823 -0.000000 1232.542373
-3019988.932380 -0.000000 1244.745763
-2900889.746278 -0.000000 1256.949153
-2781779.278185 -0.000000 1269.152542
-2662631.063759 -0.000000 1281.355932
-2543477.330274 -0.000000 1293.559322
-2424285.445975 -0.000000 1305.762712
-2305104.126852 -0.000000 1317.966102
-2185914.233658 -0.000000 1330.169492
-2066818.676756 -0.000000 1342.372881
-1947885.933539 -0.000000 1354.576271
-1829406.486485 -0.000000 1366.779661
-1711768.022506 -0.000000 1378.983051
-1595837.899204 -0.000000 1391.186441
-1482945.206785 -0.000000 1403.389831
-1375506.435146 -0.000000 1415.593220
-1277212.129710 -0.000000 1427.796610
-1194045.394687 -0.000000 1440.000000
-1134600.424815 -0.000000 1452.203390
-1111428.914353 -0.000000 1464.406780
-1140358.718583 -0.000000 1476.610169
-1241148.696795 -0.000000 1488.813559
-1431064.853420 -0.000000 1501.016949
-1725120.372272 -0.000000 1513.220339
-2115803.517587 -0.000000 1525.423729
-2608428.025244 -0.000000 1537.627119
-3159372.927186 -0.000000 1549.830508
-3780988.232610 -0.000000 1562.033898
-687341.518767 -0.000000 1574.237288
6195931.348848 0.000000 1586.440678
9291448.635202 0.000000 1598.644068
8674405.378558 0.000000 1610.847458
8132554.634546 0.000000 1623.050847
7656782.955115 0.000000 1635.254237
7295835.414239 0.000000 1647.457627
7052285.986735 0.000000 1659.661017
6944798.659218 0.000000 1671.864407
6973635.237155 0.000000 1684.067797
7139724.113001 0.000000 1696.271186
7443032.447097 0.000000 1708.474576
7881576.988266 0.000000 1720.677966
8447629.865740 0.000000 1732.881356
9120708.551072 0.000000 1745.084746
9891719.025018 0.000000 1757.288136
10704444.088762 0.000000 1769.491525
9704485.823065 0.000000 1781.694915
3291001.929781 0.000000 1793.898305
-1437587.010238 -0.000000 1806.101695
-783726.606336 -0.000000 1818.305085
3817.304619 -0.000000 1830.508475
760837.564641 0.000000 1842.711864
1411003.006041 0.000000 1854.915254
1973053.696791 0.000000 1867.118644
2431478.123382 0.000000 1879.322034
2802158.605897 0.000000 1891.525424
3103869.883869 0.000000 1903.728814
3361040.784550 0.000000 1915.932203
3597868.668753 0.000000 1928.135593
3838249.929542 0.000000 1940.338983
4107587.061103 0.000000 1952.542373
4437782.909369 0.000000 1964.745763
4865632.675850 0.000000 1976.949153
5449319.770773 0.000000 1989.152542
6239759.670161 0.000000 2001.355932
7335940.372014 0.000000 2013.559322
8656960.384807 0.000000 2025.762712
10289057.196592 0.000000 2037.966102
12377458.969471 0.000000 2050.169492
13409825.006717 0.000000 2062.372881
13482504.400535 0.000000 2074.576271
13440990.079745 0.000000 2086.779661
9373469.645633 0.000000 2098.983051
-1750600.838064 -0.000000 2111.186441
-12286007.927985 -0.000000 2123.389831
-23371876.570664 -0.000000 2135.593220
-79065494.944136 -0.000000 2147.796610
-25531280.562979 -0.000000 2160.000000
-16581906.578903 -0.000000 2172.203390
-14191751.452044 -0.000000 2184.406780
-14927658.306783 -0.000000 2196.610169
-17968667.068550 -0.000000 2208.813559
-21567086.815172 -0.000000 2221.016949
-21927622.972104 -0.000000 2233.220339
-19616069.769555 -0.000000 2245.423729
-17958258.219386 -0.000000 2257.627119
-16585646.434995 -0.000000 2269.830508
-15503522.468335 -0.000000 2282.033898
-14777852.421880 -0.000000 2294.237288
-14559101.802722 -0.000000 2306.440678
-14844080.081551 -0.000000 2318.644068
-15218959.996303 -0.000000 2330.847458
-15550003.659218 -0.000000 2343.050847
-16371337.753617 -0.000000 2355.254237
-18247664.860113 -0.000000 2367.457627
-22107178.817455 -0.000000 2379.661017
-30217668.226063 -0.000000 2391.864407
-42794114.139823 -0.000000 2404.067797
-15483405.716551 -0.000000 2416.271186
-7225011.889858 -0.000000 2428.474576
-3937419.450107 -0.000000 2440.677966
-171404.510959 -0.000000 2452.881356
2739396.068478 0.000000 2465.084746
4883774.515048 0.000000 2477.288136
6492047.488917 0.000000 2489.491525
7772303.993644 0.000000 2501.694915
8874075.526632 0.000000 2513.898305
9894711.358308 0.000000 2526.101695
10859569.560575 0.000000 2538.305085
11759285.882311 0.000000 2550.508475
12578074.154843 0.000000 2562.711864
13315868.908636 0.000000 2574.915254
13969315.420039 0.000000 2587.118644
14543941.575722 0.000000 2599.322034
14992496.056617 0.000000 2611.525424
15308205.523390 0.000000 2623.728814
15527069.536179 0.000000 2635.932203
15593284.793817 0.000000 2648.135593
15579580.055166 0.000000 2660.338983
15527572.420209 0.000000 2672.542373
15440233.032375 0.000000 2684.745763
15428184.581499 0.000000 2696.949153
15510140.931521 0.000000 2709.152542
15600002.854256 0.000000 2721.355932
15630984.280068 0.000000 2733.559322
15611740.171808 0.000000 2745.762712
15579127.681343 0.000000 2757.966102
15549666.144919 0.000000 2770.169492
15532809.260277 0.000000 2782.372881
15543462.853569 0.000000 2794.576271
15580783.142690 0.000000 2806.779661
15627243.332646 0.000000 2818.983051
15654553.215202 0.000000 2831.186441
15644541.172838 0.000000 2843.389831
15608455.792736 0.000000 2855.593220
15571831.658937 0.000000 2867.796610
15559875.471189 0.000000 2880.000000
15577529.917533 0.000000 2892.203390
15611781.658774 0.000000 2904.406780
15643709.909958 0.000000 2916.610169
15603441.677884 0.000000 2928.813559
15477234.895439 0.000000 2941.016949
15568515.566248 0.000000 2953.220339
16154739.632163 0.000000 2965.423729
17000890.409472 0.000000 2977.627119
17944634.111133 0.000000 2989.830508
15307608.917405 0.000000 3002.033898
8515132.767671 0.000000 3014.237288
1819531.236394 0.000000 3026.440678
-2022899.841017 -0.000000 3038.644068
7190747.774426 0.000000 3050.847458
26656224.650182 0.000000 3063.050847
31307392.169812 0.000000 3075.254237
30464501.049317 0.000000 3087.457627
30830593.393460 0.000000 3099.661017
31629625.272771 0.000000 3111.864407
32081792.769577 0.000000 3124.067797
31920533.629809 0.000000 3136.271186
31558183.624731 0.000000 3148.474576
30956046.234985 0.000000 3160.677966
30698021.025311 0.000000 3172.881356
30623383.837107 0.000000 3185.084746
30292623.321402 0.000000 3197.288136
30028167.462069 0.000000 3209.491525
29800436.308579 0.000000 3221.694915
29601390.206413 0.000000 3233.898305
29449760.276490 0.000000 3246.101695
29309847.664790 0.000000 3258.305085
29169983.758571 0.000000 3270.508475
29018678.319623 0.000000 3282.711864
28857910.808624 0.000000 3294.915254
28698911.598271 0.000000 3307.118644
28565451.678475 0.000000 3319.322034
28492454.367715 0.000000 3331.525424
28524807.738238 0.000000 3343.728814
28802801.171523 0.000000 3355.932203
29199825.982508 0.000000 3368.135593
28694824.331562 0.000000 3380.338983
29897852.478550 0.000000 3392.542373
34183092.394979 0.000000 3404.745763
35922261.238579 0.000000 3416.949153
34551081.666942 0.000000 3429.152542
32366808.270814 0.000000 3441.355932
30583743.062143 0.000000 3453.559322
29227143.937835 0.000000 3465.762712
21750393.415401 0.000000 3477.966102
269611.622659 0.000000 3490.169492
46043328.285815 0.000000 3502.372881
255785.246095 0.000000 3514.576271
405188.453530 0.000000 3526.779661
535396.224761 0.000000 3538.983051
644797.022008 0.000000 3551.186441
733183.962884 0.000000 3563.389831
799790.582071 0.000000 3575.593220
844351.414690 0.000000 3587.796610
866656.144581 0.000000 3600.000000
