300986.109401 0.000000 0.000000
301945.873283 0.000000 12.203390
303866.993808 0.000000 24.406780
306752.873356 0.000000 36.610169
310608.399602 0.000000 48.813559
315440.050904 0.000000 61.016949
321255.879345 0.000000 73.220339
328065.417484 0.000000 85.423729
335879.424800 0.000000 97.627119
344710.178168 0.000000 109.830508
354570.427568 0.000000 122.033898
365474.527819 0.000000 134.237288
377435.968403 0.000000 146.440678
390469.856868 0.000000 158.644068
404588.232630 0.000000 170.847458
419804.422101 0.000000 183.050847
436125.168875 0.000000 195.254237
453557.281193 0.000000 207.457627
472095.400306 0.000000 219.661017
491731.065087 0.000000 231.864407
512434.651658 0.000000 244.067797
534166.358901 0.000000 256.271186
556850.333197 0.000000 268.474576
580385.927275 0.000000 280.677966
604611.050929 0.000000 292.881356
629310.031178 0.000000 305.084746
654161.407227 0.000000 317.288136
678735.516434 0.000000 329.491525
702419.103239 0.000000 341.694915
724391.934446 0.000000 353.898305
743518.853220 0.000000 366.101695
758296.377747 0.000000 378.305085
766715.990438 0.000000 390.508475
766208.313991 0.000000 402.711864
753566.005854 0.000000 414.915254
725079.853056 0.000000 427.118644
676889.890656 0.000000 439.322034
605879.598162 0.000000 451.525424
511105.729904 0.000000 463.728814
395753.870053 0.000000 475.932203
268797.562711 0.000000 488.135593
145189.747649 0.000000 500.338983
87003289.999085 0.000000 512.542373
-1896358.944774 -0.000000 524.745763
-8423986.695829 -0.000000 536.949153
-13308641.497284 -0.000000 549.152542
-13414538.075093 -0.000000 561.355932
-13047494.351289 -0.000000 573.559322
-12953666.549961 -0.000000 585.762712
-12955354.277103 -0.000000 597.966102
-12940592.719383 -0.000000 610.169492
-12879164.961097 -0.000000 622.372881
-12726396.351186 -0.000000 634.576271
-12575111.402067 -0.000000 646.779661
-12603736.194666 -0.000000 658.983051
-12698564.682289 -0.000000 671.186441
-12729261.456652 -0.000000 683.389831
-12731149.444807 -0.000000 695.593220
-12722609.622989 -0.000000 707.796610
-12704459.739881 -0.000000 720.000000
-12673185.604812 -0.000000 732.203390
-12631583.069249 -0.000000 744.406780
-12574114.238058 -0.000000 756.610169
-12490774.979797 -0.000000 768.813559
-12385776.554872 -0.000000 781.016949
-12259625.981953 -0.000000 793.220339
-12123032.777097 -0.000000 805.423729
-11985501.298923 -0.000000 817.627119
-11843623.004487 -0.000000 829.830508
-11695836.459486 -0.000000 842.033898
-11542128.753956 -0.000000 854.237288
-11384012.974342 -0.000000 866.440678
-11224045.120599 -0.000000 878.644068
-11063403.830008 -0.000000 890.847458
-10902564.145035 -0.000000 903.050847
-10740431.272793 -0.000000 915.254237
-10572084.950652 -0.000000 927.457627
-10383645.665694 -0.000000 939.661017
-10172199.404023 -0.000000 951.864407
-9981506.563751 -0.000000 964.067797
-9849710.820914 -0.000000 976.271186
-9741365.240635 -0.000000 988.474576
-9614535.375574 -0.000000 1000.677966
-9471955.619111 -0.000000 1012.881356
-9325105.152419 -0.000000 1025.084746
-9175029.141959 -0.000000 1037.288136
-9019988.113073 -0.000000 1049.491525
-8859108.579370 -0.000000 1061.694915
-8693606.356052 -0.000000 1073.898305
-8524008.233626 -0.000000 1086.101695
-8351064.084266 -0.000000 1098.305085
-8174915.344958 -0.000000 1110.508475
-7998709.195374 -0.000000 1122.711864
-7828853.733851 -0.000000 1134.915254
-7674874.706324 -0.000000 1147.118644
-7540608.555167 -0.000000 1159.322034
-7418451.183896 -0.000000 1171.525424
-7289914.192794 -0.000000 1183.728814
-7140849.601415 -0.000000 1195.932203
-6969631.578354 -0.000000 1208.135593
-6786031.921268 -0.000000 1220.338983
-6599597.109167 -0.000000 1232.542373
-6416988.387081 -0.000000 1244.745763
-6241505.276779 -0.000000 1256.949153
-6077637.128892 -0.000000 1269.152542
-5927785.805214 -0.000000 1281.355932
-5788836.321740 -0.000000 1293.559322
-5650194.952904 -0.000000 1305.762712
-5500887.472967 -0.000000 1317.966102
-5333389.082383 -0.000000 1330.169492
-5142472.643612 -0.000000 1342.372881
-4941740.743379 -0.000000 1354.576271
-4777945.680207 -0.000000 1366.779661
-4655420.881713 -0.000000 1378.983051
-4529677.760126 -0.000000 1391.186441
-4384179.356715 -0.000000 1403.389831
-4227249.430610 -0.000000 1415.593220
-4065084.658514 -0.000000 1427.796610
-3901190.726031 -0.000000 1440.000000
-3737200.876491 -0.000000 1452.203390
-3574545.664046 -0.000000 1464.406780
-3413351.585689 -0.000000 1476.610169
-3253573.766363 -0.000000 1488.813559
-3094942.466745 -0.000000 1501.016949
-2937204.850448 -0.000000 1513.220339
-2780165.426511 -0.000000 1525.423729
-2623648.585550 -0.000000 1537.627119
-2467536.374722 -0.000000 1549.830508
-2311731.593994 -0.000000 1562.033898
-2156139.224977 -0.000000 1574.237288
-2000697.194316 -0.000000 1586.440678
-1845274.604679 -0.000000 1598.644068
-1689799.583742 -0.000000 1610.847458
-1534060.944719 -0.000000 1623.050847
-1377963.810591 -0.000000 1635.254237
-1221223.560097 -0.000000 1647.457627
-1063837.684768 -0.000000 1659.661017
-905735.719328 -0.000000 1671.864407
-747680.762891 -0.000000 1684.067797
-590784.898747 -0.000000 1696.271186
-437403.384125 -0.000000 1708.474576
-289186.878987 -0.000000 1720.677966
-147019.614932 -0.000000 1732.881356
-8313.022363 -0.000000 1745.084746
130335.239750 0.000000 1757.288136
273040.023473 0.000000 1769.491525
419834.006685 0.000000 1781.694915
568982.931103 0.000000 1793.898305
715194.150062 0.000000 1806.101695
853410.332362 0.000000 1818.305085
976743.124581 0.000000 1830.508475
1077185.375951 0.000000 1842.711864
1145145.634215 0.000000 1854.915254
1168025.192885 0.000000 1867.118644
1137052.257419 0.000000 1879.322034
1048703.607334 0.000000 1891.525424
919913.410692 0.000000 1903.728814
802200.047004 0.000000 1915.932203
739055.178864 0.000000 1928.135593
853085.292314 0.000000 1940.338983
791335.290340 0.000000 1952.542373
5471814.124912 0.000000 1964.745763
13975087.998550 0.000000 1976.949153
14608213.183836 0.000000 1989.152542
13722834.108108 0.000000 2001.355932
14170651.479077 0.000000 2013.559322
10419803.867831 0.000000 2025.762712
-849915.959328 -0.000000 2037.966102
-12293099.694644 -0.000000 2050.169492
-24667529.406568 -0.000000 2062.372881
-75360859.894440 -0.000000 2074.576271
-28500005.501813 -0.000000 2086.779661
-17936288.067388 -0.000000 2098.983051
-14731544.039584 -0.000000 2111.186441
-13598995.837852 -0.000000 2123.389831
-11893167.732033 -0.000000 2135.593220
-10622769.787116 -0.000000 2147.796610
-15712762.053287 -0.000000 2160.000000
-25277026.131195 -0.000000 2172.203390
-30902316.620549 -0.000000 2184.406780
-28904850.465649 -0.000000 2196.610169
-25701452.946135 -0.000000 2208.813559
-22594432.357000 -0.000000 2221.016949
-1658002406.374121 -0.000000 2233.220339
-13684694.409293 -0.000000 2245.423729
2925530.546679 0.000000 2257.627119
5889495.724861 0.000000 2269.830508
9993814.328742 0.000000 2282.033898
10614978.293420 0.000000 2294.237288
8594156.105417 0.000000 2306.440678
5307557.228445 0.000000 2318.644068
2089587.199420 0.000000 2330.847458
-50888.323982 -0.000000 2343.050847
-882733.909260 -0.000000 2355.254237
-701401.544676 -0.000000 2367.457627
61271.410411 0.000000 2379.661017
1046176.285570 0.000000 2391.864407
2053314.195189 0.000000 2404.067797
2996237.565245 0.000000 2416.271186
3868913.411199 0.000000 2428.474576
4670182.637503 0.000000 2440.677966
5391262.575852 0.000000 2452.881356
6026962.386861 0.000000 2465.084746
6585100.191853 0.000000 2477.288136
7081705.513837 0.000000 2489.491525
7528006.383735 0.000000 2501.694915
7933943.218048 0.000000 2513.898305
8304169.601207 0.000000 2526.101695
8643614.971155 0.000000 2538.305085
8955618.867195 0.000000 2550.508475
9242721.064118 0.000000 2562.711864
9508418.136932 0.000000 2574.915254
9753307.586794 0.000000 2587.118644
9981307.819295 0.000000 2599.322034
10191631.729405 0.000000 2611.525424
10388585.999442 0.000000 2623.728814
10570513.837819 0.000000 2635.932203
10740569.584128 0.000000 2648.135593
10893854.186403 0.000000 2660.338983
11025863.396065 0.000000 2672.542373
11127438.277554 0.000000 2684.745763
11199911.881354 0.000000 2696.949153
11262101.798816 0.000000 2709.152542
11332587.642630 0.000000 2721.355932
11418661.279385 0.000000 2733.559322
11503228.496291 0.000000 2745.762712
11573030.964457 0.000000 2757.966102
11607535.370031 0.000000 2770.169492
11624836.633728 0.000000 2782.372881
11654927.532924 0.000000 2794.576271
11734830.967915 0.000000 2806.779661
11837540.428147 0.000000 2818.983051
11894014.453383 0.000000 2831.186441
11828094.509502 0.000000 2843.389831
11580822.785504 0.000000 2855.593220
11084132.818910 0.000000 2867.796610
10232351.876443 0.000000 2880.000000
8896636.370084 0.000000 2892.203390
6879167.243477 0.000000 2904.406780
4097210.695688 0.000000 2916.610169
1024017.973915 0.000000 2928.813559
-231045.690347 -0.000000 2941.016949
4428332.101162 0.000000 2953.220339
17305621.604632 0.000000 2965.423729
28809768.184547 0.000000 2977.627119
30323251.263062 0.000000 2989.830508
30356439.145695 0.000000 3002.033898
30737279.681117 0.000000 3014.237288
31041129.815857 0.000000 3026.440678
31197381.016176 0.000000 3038.644068
30758168.359497 0.000000 3050.847458
30280651.999769 0.000000 3063.050847
30090411.903315 0.000000 3075.254237
29682801.195299 0.000000 3087.457627
29350392.689913 0.000000 3099.661017
29063461.052423 0.000000 3111.864407
28810831.002498 0.000000 3124.067797
28641483.640555 0.000000 3136.271186
28506981.604983 0.000000 3148.474576
28400660.349631 0.000000 3160.677966
28305897.426646 0.000000 3172.881356
28225161.962219 0.000000 3185.084746
28151577.035970 0.000000 3197.288136
28095701.437192 0.000000 3209.491525
28067087.551338 0.000000 3221.694915
28092615.507059 0.000000 3233.898305
28209422.073090 0.000000 3246.101695
28528498.423724 0.000000 3258.305085
29002677.464411 0.000000 3270.508475
28986142.733394 0.000000 3282.711864
29470275.741803 0.000000 3294.915254
31966501.190992 0.000000 3307.118644
33958906.851644 0.000000 3319.322034
33621590.413593 0.000000 3331.525424
32031493.193580 0.000000 3343.728814
30387323.418857 0.000000 3355.932203
27006609.971793 0.000000 3368.135593
28360912.074027 0.000000 3380.338983
6284115.227289 0.000000 3392.542373
1353939.697225 0.000000 3404.745763
4784.113494 0.000000 3416.949153
9058.089521 0.000000 3429.152542
13175.989571 0.000000 3441.355932
16878.110592 0.000000 3453.559322
20309.586825 0.000000 3465.762712
23333.891649 0.000000 3477.966102
25982.113769 0.000000 3490.169492
28227.974443 0.000000 3502.372881
30107.642641 0.000000 3514.576271
31641.788582 0.000000 3526.779661
32873.098242 0.000000 3538.983051
33833.717694 0.000000 3551.186441
34560.100017 0.000000 3563.389831
35078.524910 0.000000 3575.593220
35412.274142 0.000000 3587.796610
35575.187869 0.000000 3600.000000
