18524.537990 0.000000 0.000000
18536.247995 0.000000 12.203390
18559.618355 0.000000 24.406780
18594.787894 0.000000 36.610169
18641.747942 0.000000 48.813559
18700.546155 0.000000 61.016949
18771.268481 0.000000 73.220339
18853.968814 0.000000 85.423729
18948.772363 0.000000 97.627119
19055.745076 0.000000 109.830508
19175.044713 0.000000 122.033898
19306.748641 0.000000 134.237288
19451.045015 0.000000 146.440678
19608.020359 0.000000 158.644068
19777.891091 0.000000 170.847458
19960.751499 0.000000 183.050847
20156.845078 0.000000 195.254237
20366.273110 0.000000 207.457627
20589.305904 0.000000 219.661017
20826.051333 0.000000 231.864407
21076.806910 0.000000 244.067797
21341.687818 0.000000 256.271186
21621.019630 0.000000 268.474576
21914.925610 0.000000 280.677966
22223.761333 0.000000 292.881356
22547.658997 0.000000 305.084746
22887.004902 0.000000 317.288136
23241.941432 0.000000 329.491525
23612.886618 0.000000 341.694915
23999.992882 0.000000 353.898305
24403.710993 0.000000 366.101695
24824.202865 0.000000 378.305085
25261.951027 0.000000 390.508475
25717.126379 0.000000 402.711864
26190.242742 0.000000 414.915254
26681.477398 0.000000 427.118644
27191.375465 0.000000 439.322034
27720.119897 0.000000 451.525424
28268.285751 0.000000 463.728814
28836.061662 0.000000 475.932203
29424.054401 0.000000 488.135593
30032.458250 0.000000 500.338983
30661.915781 0.000000 512.542373
31312.631210 0.000000 524.745763
31985.288116 0.000000 536.949153
32680.107656 0.000000 549.152542
33397.824936 0.000000 561.355932
34138.687059 0.000000 573.559322
34903.494379 0.000000 585.762712
35692.534785 0.000000 597.966102
36506.690770 0.000000 610.169492
37346.307636 0.000000 622.372881
38212.371858 0.000000 634.576271
39105.306636 0.000000 646.779661
40026.226618 0.000000 658.983051
40975.656786 0.000000 671.186441
41954.866821 0.000000 683.389831
42964.508124 0.000000 695.593220
44006.035439 0.000000 707.796610
45080.253941 0.000000 720.000000
46188.834394 0.000000 732.203390
47332.763197 0.000000 744.406780
48513.959062 0.000000 756.610169
49733.617597 0.000000 768.813559
50993.938894 0.000000 781.016949
52296.355424 0.000000 793.220339
53643.380992 0.000000 805.423729
55036.712516 0.000000 817.627119
56479.211051 0.000000 829.830508
57972.862709 0.000000 842.033898
59520.908409 0.000000 854.237288
61125.648371 0.000000 866.440678
62790.734964 0.000000 878.644068
64518.805280 0.000000 890.847458
66313.954142 0.000000 903.050847
68179.175034 0.000000 915.254237
70119.035321 0.000000 927.457627
72136.901223 0.000000 939.661017
74237.841335 0.000000 951.864407
76425.608038 0.000000 964.067797
78705.797352 0.000000 976.271186
81082.555503 0.000000 988.474576
83562.027932 0.000000 1000.677966
86148.756480 0.000000 1012.881356
88849.455416 0.000000 1025.084746
91669.054624 0.000000 1037.288136
94614.849172 0.000000 1049.491525
97692.138694 0.000000 1061.694915
100908.802920 0.000000 1073.898305
104270.478990 0.000000 1086.101695
107785.625253 0.000000 1098.305085
111460.166555 0.000000 1110.508475
115303.119592 0.000000 1122.711864
119320.625847 0.000000 1134.915254
123522.226078 0.000000 1147.118644
127914.182104 0.000000 1159.322034
132506.505372 0.000000 1171.525424
137305.455678 0.000000 1183.728814
142321.443663 0.000000 1195.932203
147560.574434 0.000000 1208.135593
153033.569698 0.000000 1220.338983
158746.196163 0.000000 1232.542373
164709.384706 0.000000 1244.745763
170928.355004 0.000000 1256.949153
177414.137414 0.000000 1269.152542
184171.172376 0.000000 1281.355932
191210.482735 0.000000 1293.559322
198535.486356 0.000000 1305.762712
206157.111225 0.000000 1317.966102
214077.506779 0.000000 1330.169492
222307.454494 0.000000 1342.372881
230847.608835 0.000000 1354.576271
239708.611236 0.000000 1366.779661
248889.424254 0.000000 1378.983051
258400.637676 0.000000 1391.186441
268239.380121 0.000000 1403.389831
278416.377456 0.000000 1415.593220
288926.838375 0.000000 1427.796610
299781.922692 0.000000 1440.000000
310974.891526 0.000000 1452.203390
322517.733839 0.000000 1464.406780
334401.765899 0.000000 1476.610169
346640.262596 0.000000 1488.813559
359222.552622 0.000000 1501.016949
372163.616508 0.000000 1513.220339
385450.584400 0.000000 1525.423729
399100.359779 0.000000 1537.627119
413097.255619 0.000000 1549.830508
427459.825367 0.000000 1562.033898
442168.146041 0.000000 1574.237288
457241.185913 0.000000 1586.440678
472651.908879 0.000000 1598.644068
488416.713350 0.000000 1610.847458
504495.960756 0.000000 1623.050847
520897.426292 0.000000 1635.254237
537558.738978 0.000000 1647.457627
554467.568977 0.000000 1659.661017
571520.334954 0.000000 1671.864407
588663.412069 0.000000 1684.067797
605718.218804 0.000000 1696.271186
622550.820656 0.000000 1708.474576
638845.264534 0.000000 1720.677966
654314.986972 0.000000 1732.881356
668390.306098 0.000000 1745.084746
680496.902659 0.000000 1757.288136
689593.177206 0.000000 1769.491525
694565.635563 0.000000 1781.694915
693495.708411 0.000000 1793.898305
684279.349741 0.000000 1806.101695
663402.395285 0.000000 1818.305085
627047.574012 0.000000 1830.508475
568983.615926 0.000000 1842.711864
482881.472667 0.000000 1854.915254
358556.990871 0.000000 1867.118644
187459.171814 0.000000 1879.322034
-44917.916807 -0.000000 1891.525424
-345422.589463 -0.000000 1903.728814
-732863.806860 -0.000000 1915.932203
-1200738.687492 -0.000000 1928.135593
-1775579.057112 -0.000000 1940.338983
-2380548.073499 -0.000000 1952.542373
-3069807.992684 -0.000000 1964.745763
-3510871.888815 -0.000000 1976.949153
-9479314.814777 -0.000000 1989.152542
-24777894.622794 -0.000000 2001.355932
-31203335.045951 -0.000000 2013.559322
-31143399.999393 -0.000000 2025.762712
-31425528.271636 -0.000000 2037.966102
-27226329.099463 -0.000000 2050.169492
-16886199.760331 -0.000000 2062.372881
-9022873.568119 -0.000000 2074.576271
-10819768.547111 -0.000000 2086.779661
-15491724.005677 -0.000000 2098.983051
122429.287085 0.000000 2111.186441
39857254.938489 0.000000 2123.389831
6476194.322668 0.000000 2135.593220
6830822.704188 0.000000 2147.796610
25864978.516106 0.000000 2160.000000
82657441.017149 0.000000 2172.203390
27482783.643590 0.000000 2184.406780
13391530.503196 0.000000 2196.610169
14093278.615777 0.000000 2208.813559
11802318.695893 0.000000 2221.016949
9134742.227512 0.000000 2233.220339
7454927.300112 0.000000 2245.423729
6779997.516237 0.000000 2257.627119
7045438.458889 0.000000 2269.830508
7927216.587942 0.000000 2282.033898
9075684.064900 0.000000 2294.237288
10261985.678305 0.000000 2306.440678
11356897.378644 0.000000 2318.644068
12313148.026776 0.000000 2330.847458
13123265.667909 0.000000 2343.050847
13799427.636231 0.000000 2355.254237
14357972.406014 0.000000 2367.457627
14807267.578491 0.000000 2379.661017
15128238.724827 0.000000 2391.864407
15339383.205234 0.000000 2404.067797
15463506.711613 0.000000 2416.271186
15485689.888556 0.000000 2428.474576
15483700.272170 0.000000 2440.677966
15490018.791269 0.000000 2452.881356
15493629.541654 0.000000 2465.084746
15512489.886818 0.000000 2477.288136
15519564.785331 0.000000 2489.491525
15512676.479893 0.000000 2501.694915
15508146.505752 0.000000 2513.898305
15495214.706836 0.000000 2526.101695
15484052.108707 0.000000 2538.305085
15486744.467223 0.000000 2550.508475
15488662.452538 0.000000 2562.711864
15487654.119702 0.000000 2574.915254
15498392.610937 0.000000 2587.118644
15508259.498852 0.000000 2599.322034
15503014.944257 0.000000 2611.525424
15485210.576372 0.000000 2623.728814
15480256.184394 0.000000 2635.932203
15486889.662209 0.000000 2648.135593
15485554.081076 0.000000 2660.338983
15474307.362758 0.000000 2672.542373
15474721.573014 0.000000 2684.745763
15481146.476200 0.000000 2696.949153
15482848.818090 0.000000 2709.152542
15490077.901554 0.000000 2721.355932
15513832.138837 0.000000 2733.559322
15531628.276460 0.000000 2745.762712
15550749.217131 0.000000 2757.966102
15598954.449668 0.000000 2770.169492
15591978.221992 0.000000 2782.372881
15282879.473825 0.000000 2794.576271
14396740.534204 0.000000 2806.779661
12278822.690815 0.000000 2818.983051
7918013.341917 0.000000 2831.186441
2498725.692834 0.000000 2843.389831
-527518.380296 -0.000000 2855.593220
7121924.105412 0.000000 2867.796610
24275961.105155 0.000000 2880.000000
30179013.588448 0.000000 2892.203390
29461193.011025 0.000000 2904.406780
29714380.083991 0.000000 2916.610169
30386448.388740 0.000000 2928.813559
30774503.996346 0.000000 2941.016949
30708414.106119 0.000000 2953.220339
30397161.579075 0.000000 2965.423729
29826932.350794 0.000000 2977.627119
29599419.144837 0.000000 2989.830508
29485673.587426 0.000000 3002.033898
29187852.548571 0.000000 3014.237288
28978952.670982 0.000000 3026.440678
28790939.085953 0.000000 3038.644068
28634245.874254 0.000000 3050.847458
28504127.385639 0.000000 3063.050847
28379600.233339 0.000000 3075.254237
28245876.059486 0.000000 3087.457627
28098025.751963 0.000000 3099.661017
27938382.574320 0.000000 3111.864407
27786092.262154 0.000000 3124.067797
27672864.564407 0.000000 3136.271186
27626635.375768 0.000000 3148.474576
27677733.663183 0.000000 3160.677966
27921421.257748 0.000000 3172.881356
28372329.461386 0.000000 3185.084746
28075421.640276 0.000000 3197.288136
28473830.104036 0.000000 3209.491525
31934662.516778 0.000000 3221.694915
34210705.284034 0.000000 3233.898305
33286920.212360 0.000000 3246.101695
31400298.184662 0.000000 3258.305085
29825745.483883 0.000000 3270.508475
26007085.264128 0.000000 3282.711864
25042621.251731 0.000000 3294.915254
4188648.180245 0.000000 3307.118644
12849765.982823 0.000000 3319.322034
47939.875621 0.000000 3331.525424
84945.502505 0.000000 3343.728814
123350.459015 0.000000 3355.932203
161205.043347 0.000000 3368.135593
197340.545524 0.000000 3380.338983
230451.131924 0.000000 3392.542373
259875.851194 0.000000 3404.745763
285211.644091 0.000000 3416.949153
306475.700368 0.000000 3429.152542
323865.184290 0.000000 3441.355932
337775.161680 0.000000 3453.559322
348639.879795 0.000000 3465.762712
356944.952523 0.000000 3477.966102
363132.754769 0.000000 3490.169492
367630.387898 0.000000 3502.372881
370795.398917 0.000000 3514.576271
372950.669903 0.000000 3526.779661
374351.920593 0.000000 3538.983051
375220.041179 0.000000 3551.186441
375720.526500 0.000000 3563.389831
375988.231849 0.000000 3575.593220
376114.747262 0.000000 3587.796610
376163.392045 0.000000 3600.000000
