582380.948376 0.000000 0.000000
583901.033807 0.000000 12.203390
586940.333526 0.000000 24.406780
591487.958197 0.000000 36.610169
597539.470698 0.000000 48.813559
605068.582735 0.000000 61.016949
614060.654228 0.000000 73.220339
624464.069111 0.000000 85.423729
636239.956703 0.000000 97.627119
649291.827344 0.000000 109.830508
663529.953099 0.000000 122.033898
678776.484035 0.000000 134.237288
694841.245421 0.000000 146.440678
711397.668266 0.000000 158.644068
728063.765019 0.000000 170.847458
744241.404067 0.000000 183.050847
759192.331884 0.000000 195.254237
771831.330278 0.000000 207.457627
780787.525075 0.000000 219.661017
784152.813661 0.000000 231.864407
779549.494073 0.000000 244.067797
763909.600733 0.000000 256.271186
733717.893173 0.000000 268.474576
685153.395226 0.000000 280.677966
615030.085253 0.000000 292.881356
521936.835381 0.000000 305.084746
408253.917609 0.000000 317.288136
281659.231691 0.000000 329.491525
155723.105994 0.000000 341.694915
22952046.866061 0.000000 353.898305
-1266155.213396 -0.000000 366.101695
-7548630.335761 -0.000000 378.305085
-13323692.066984 -0.000000 390.508475
-13433305.630491 -0.000000 402.711864
-13049628.260620 -0.000000 414.915254
-12953726.434170 -0.000000 427.118644
-12939305.280904 -0.000000 439.322034
-12934296.506159 -0.000000 451.525424
-12887765.449238 -0.000000 463.728814
-12781421.445446 -0.000000 475.932203
-12646982.528710 -0.000000 488.135593
-12597960.904042 -0.000000 500.338983
-12703748.129677 -0.000000 512.542373
-12783437.698787 -0.000000 524.745763
-12806302.653167 -0.000000 536.949153
-12808527.172508 -0.000000 549.152542
-12809983.442757 -0.000000 561.355932
-12795780.407930 -0.000000 573.559322
-12781704.345687 -0.000000 585.762712
-12748363.586287 -0.000000 597.966102
-12717354.605191 -0.000000 610.169492
-12677728.639781 -0.000000 622.372881
-12639199.018345 -0.000000 634.576271
-12585967.949565 -0.000000 646.779661
-12512167.447312 -0.000000 658.983051
-12422212.426941 -0.000000 671.186441
-12309885.005265 -0.000000 683.389831
-12181839.964475 -0.000000 695.593220
-12051952.075779 -0.000000 707.796610
-11918698.630402 -0.000000 720.000000
-11783982.749473 -0.000000 732.203390
-11647549.823302 -0.000000 744.406780
-11510081.263395 -0.000000 756.610169
-11371760.391470 -0.000000 768.813559
-11232802.337533 -0.000000 781.016949
-11093532.517687 -0.000000 793.220339
-10953856.899751 -0.000000 805.423729
-10814157.543490 -0.000000 817.627119
-10674156.551376 -0.000000 829.830508
-10534273.102349 -0.000000 842.033898
-10394129.234912 -0.000000 854.237288
-10254167.619705 -0.000000 866.440678
-10113953.287693 -0.000000 878.644068
-9973933.748924 -0.000000 890.847458
-9833630.888619 -0.000000 903.050847
-9693473.805347 -0.000000 915.254237
-9552937.708638 -0.000000 927.457627
-9412412.973255 -0.000000 939.661017
-9271324.189460 -0.000000 951.864407
-9130023.124053 -0.000000 964.067797
-8987911.119065 -0.000000 976.271186
-8845390.540865 -0.000000 988.474576
-8702061.063175 -0.000000 1000.677966
-8558819.458247 -0.000000 1012.881356
-8416040.709681 -0.000000 1025.084746
-8275369.260742 -0.000000 1037.288136
-8136980.325259 -0.000000 1049.491525
-8000568.843389 -0.000000 1061.694915
-7862907.324648 -0.000000 1073.898305
-7721375.760393 -0.000000 1086.101695
-7574647.341827 -0.000000 1098.305085
-7426998.070967 -0.000000 1110.508475
-7284523.380289 -0.000000 1122.711864
-7152015.110785 -0.000000 1134.915254
-7025482.257052 -0.000000 1147.118644
-6896119.784289 -0.000000 1159.322034
-6755699.007314 -0.000000 1171.525424
-6604765.301968 -0.000000 1183.728814
-6448146.702872 -0.000000 1195.932203
-6292158.529859 -0.000000 1208.135593
-6139173.753894 -0.000000 1220.338983
-5990756.682446 -0.000000 1232.542373
-5846630.234301 -0.000000 1244.745763
-5707894.185036 -0.000000 1256.949153
-5573811.537614 -0.000000 1269.152542
-5443396.679984 -0.000000 1281.355932
-5312941.485492 -0.000000 1293.559322
-5179934.145381 -0.000000 1305.762712
-5042207.412222 -0.000000 1317.966102
-4900782.798267 -0.000000 1330.169492
-4756570.296960 -0.000000 1342.372881
-4611487.107642 -0.000000 1354.576271
-4465409.477333 -0.000000 1366.779661
-4318365.675363 -0.000000 1378.983051
-4168728.770640 -0.000000 1391.186441
-4016403.408314 -0.000000 1403.389831
-3862272.449670 -0.000000 1415.593220
-3711750.301811 -0.000000 1427.796610
-3571665.206960 -0.000000 1440.000000
-3447145.168653 -0.000000 1452.203390
-3333281.058781 -0.000000 1464.406780
-3217769.558298 -0.000000 1476.610169
-3088271.034798 -0.000000 1488.813559
-2943230.768645 -0.000000 1501.016949
-2788724.134283 -0.000000 1513.220339
-2633648.375020 -0.000000 1525.423729
-2482359.320471 -0.000000 1537.627119
-2336614.601302 -0.000000 1549.830508
-2194824.679364 -0.000000 1562.033898
-2056290.578583 -0.000000 1574.237288
-1919247.984064 -0.000000 1586.440678
-1783894.367463 -0.000000 1598.644068
-1649430.423641 -0.000000 1610.847458
-1517143.520995 -0.000000 1623.050847
-1387356.992797 -0.000000 1635.254237
-1262967.827626 -0.000000 1647.457627
-1146489.425666 -0.000000 1659.661017
-1044118.236163 -0.000000 1671.864407
-962933.488462 -0.000000 1684.067797
-915302.578242 -0.000000 1696.271186
-915740.600628 -0.000000 1708.474576
-984100.732314 -0.000000 1720.677966
-1139763.900729 -0.000000 1732.881356
-1399461.261341 -0.000000 1745.084746
-1769110.771175 -0.000000 1757.288136
-2242796.103599 -0.000000 1769.491525
-2822346.960930 -0.000000 1781.694915
-3467977.265379 -0.000000 1793.898305
-2340839.530372 -0.000000 1806.101695
4133988.834698 0.000000 1818.305085
8832071.043642 0.000000 1830.508475
8019828.022131 0.000000 1842.711864
6920675.462038 0.000000 1854.915254
5689278.710720 0.000000 1867.118644
4454273.351843 0.000000 1879.322034
3371898.623595 0.000000 1891.525424
2841949.794585 0.000000 1903.728814
3720780.439233 0.000000 1915.932203
8761620.735055 0.000000 1928.135593
14687219.028609 0.000000 1940.338983
14403691.440433 0.000000 1952.542373
13577004.482511 0.000000 1964.745763
13304701.167536 0.000000 1976.949153
13250903.306172 0.000000 1989.152542
13656020.959789 0.000000 2001.355932
13861903.415669 0.000000 2013.559322
20249232.967692 0.000000 2025.762712
-332409.670531 -0.000000 2037.966102
-27067024.908395 -0.000000 2050.169492
-12980851.291735 -0.000000 2062.372881
-19802284.006408 -0.000000 2074.576271
-28317567.697742 -0.000000 2086.779661
-18679461.672347 -0.000000 2098.983051
-14848708.918722 -0.000000 2111.186441
-13959312.473938 -0.000000 2123.389831
-15413489.803629 -0.000000 2135.593220
-18019421.942643 -0.000000 2147.796610
-20435546.646347 -0.000000 2160.000000
-22404116.012002 -0.000000 2172.203390
-23880546.537770 -0.000000 2184.406780
-24876210.030581 -0.000000 2196.610169
-25185065.230575 -0.000000 2208.813559
-24745117.790604 -0.000000 2221.016949
-18580574.546914 -0.000000 2233.220339
-56426254.023341 -0.000000 2245.423729
-513330220.565798 -0.000000 2257.627119
353897.315436 0.000000 2269.830508
7076905.404334 0.000000 2282.033898
12164808.524424 0.000000 2294.237288
14364923.453339 0.000000 2306.440678
14271806.904828 0.000000 2318.644068
12009581.149165 0.000000 2330.847458
8437481.027285 0.000000 2343.050847
4959131.824851 0.000000 2355.254237
2591334.192828 0.000000 2367.457627
1623141.879560 0.000000 2379.661017
1795106.632872 0.000000 2391.864407
2645948.355404 0.000000 2404.067797
3805629.910235 0.000000 2416.271186
5017897.194036 0.000000 2428.474576
6169943.153194 0.000000 2440.677966
7203172.126767 0.000000 2452.881356
8121071.263815 0.000000 2465.084746
8927744.203545 0.000000 2477.288136
9646378.868185 0.000000 2489.491525
10287232.451850 0.000000 2501.694915
10866371.313122 0.000000 2513.898305
11390142.623619 0.000000 2526.101695
11867536.568852 0.000000 2538.305085
12302550.332390 0.000000 2550.508475
12700268.904851 0.000000 2562.711864
13063724.087455 0.000000 2574.915254
13395943.829574 0.000000 2587.118644
13699487.640318 0.000000 2599.322034
13976134.632802 0.000000 2611.525424
14227913.762088 0.000000 2623.728814
14455797.598165 0.000000 2635.932203
14661348.154354 0.000000 2648.135593
14845516.491085 0.000000 2660.338983
15009274.115753 0.000000 2672.542373
15154652.531683 0.000000 2684.745763
15276275.384896 0.000000 2696.949153
15363347.351737 0.000000 2709.152542
15420494.345788 0.000000 2721.355932
15461726.765106 0.000000 2733.559322
15490954.969510 0.000000 2745.762712
15521438.167915 0.000000 2757.966102
15544557.296391 0.000000 2770.169492
15557720.332568 0.000000 2782.372881
15556614.074051 0.000000 2794.576271
15548112.979380 0.000000 2806.779661
15535494.126098 0.000000 2818.983051
15533487.211484 0.000000 2831.186441
15538589.046671 0.000000 2843.389831
15550621.758007 0.000000 2855.593220
15581510.838842 0.000000 2867.796610
15549529.499863 0.000000 2880.000000
15350875.863029 0.000000 2892.203390
14963614.815140 0.000000 2904.406780
14273191.850557 0.000000 2916.610169
12921005.019728 0.000000 2928.813559
10172610.551096 0.000000 2941.016949
5529996.352158 0.000000 2953.220339
1330339.368366 0.000000 2965.423729
1638334.063225 0.000000 2977.627119
14149443.649422 0.000000 2989.830508
29224113.028040 0.000000 3002.033898
30672189.750804 0.000000 3014.237288
30464578.622126 0.000000 3026.440678
31122923.202488 0.000000 3038.644068
31551467.916124 0.000000 3050.847458
31642116.838010 0.000000 3063.050847
31543645.904345 0.000000 3075.254237
30990848.958441 0.000000 3087.457627
30626205.094516 0.000000 3099.661017
30502180.241529 0.000000 3111.864407
30140724.961096 0.000000 3124.067797
29828824.743204 0.000000 3136.271186
29561960.397312 0.000000 3148.474576
29328183.926692 0.000000 3160.677966
29160160.887215 0.000000 3172.881356
29020459.978438 0.000000 3185.084746
28891928.438143 0.000000 3197.288136
28765116.375560 0.000000 3209.491525
28630630.012774 0.000000 3221.694915
28499683.449913 0.000000 3233.898305
28393178.319428 0.000000 3246.101695
28339821.901058 0.000000 3258.305085
28388840.472903 0.000000 3270.508475
28621853.571470 0.000000 3282.711864
29115178.279703 0.000000 3294.915254
29171226.320855 0.000000 3307.118644
29416346.377855 0.000000 3319.322034
31936856.096669 0.000000 3331.525424
34607490.129858 0.000000 3343.728814
34560800.559178 0.000000 3355.932203
33091239.084917 0.000000 3368.135593
30933491.509500 0.000000 3380.338983
28023217.829536 0.000000 3392.542373
29445626.933268 0.000000 3404.745763
9134884.141257 0.000000 3416.949153
69866703.436593 0.000000 3429.152542
75315.700686 0.000000 3441.355932
125832.678539 0.000000 3453.559322
174226.816595 0.000000 3465.762712
219314.764623 0.000000 3477.966102
260543.356494 0.000000 3490.169492
297137.578892 0.000000 3502.372881
328872.938902 0.000000 3514.576271
355655.682326 0.000000 3526.779661
377693.148536 0.000000 3538.983051
395270.416563 0.000000 3551.186441
408764.510835 0.000000 3563.389831
418520.507032 0.000000 3575.593220
424845.655506 0.000000 3587.796610
427951.282353 0.000000 3600.000000
