287950.541619 0.000000 0.000000
288832.367891 0.000000 12.203390
290597.242547 0.000000 24.406780
293248.012904 0.000000 36.610169
296788.435999 0.000000 48.813559
301223.712185 0.000000 61.016949
306559.936597 0.000000 73.220339
312804.264193 0.000000 85.423729
319964.502709 0.000000 97.627119
328048.799370 0.000000 109.830508
337065.570841 0.000000 122.033898
347022.217414 0.000000 134.237288
357925.695343 0.000000 146.440678
369779.572326 0.000000 158.644068
382585.509365 0.000000 170.847458
396337.761086 0.000000 183.050847
411025.644650 0.000000 195.254237
426624.293273 0.000000 207.457627
443097.756984 0.000000 219.661017
460384.325565 0.000000 231.864407
478399.068958 0.000000 244.067797
497011.159882 0.000000 256.271186
516043.131533 0.000000 268.474576
535236.058263 0.000000 280.677966
554240.337271 0.000000 292.881356
572562.181130 0.000000 305.084746
589537.763589 0.000000 317.288136
604253.007387 0.000000 329.491525
615494.366218 0.000000 341.694915
621644.549834 0.000000 353.898305
620632.929964 0.000000 366.101695
609878.414060 0.000000 378.305085
586397.323502 0.000000 390.508475
547090.975513 0.000000 402.711864
489466.791283 0.000000 414.915254
412788.389579 0.000000 427.118644
319637.923987 0.000000 439.322034
217222.313892 0.000000 451.525424
117493.975879 0.000000 463.728814
88591322.546424 0.000000 475.932203
-2513847.334413 -0.000000 488.135593
-10371830.620881 -0.000000 500.338983
-13823724.360464 -0.000000 512.542373
-13217830.721463 -0.000000 524.745763
-12971566.827385 -0.000000 536.949153
-12893775.788314 -0.000000 549.152542
-12903530.676118 -0.000000 561.355932
-12909090.159262 -0.000000 573.559322
-12851371.258587 -0.000000 585.762712
-12725394.980559 -0.000000 597.966102
-12624834.345789 -0.000000 610.169492
-12623290.676096 -0.000000 622.372881
-12708682.063460 -0.000000 634.576271
-12780327.527994 -0.000000 646.779661
-12800533.886687 -0.000000 658.983051
-12804344.633192 -0.000000 671.186441
-12801631.058793 -0.000000 683.389831
-12798028.500531 -0.000000 695.593220
-12793637.709985 -0.000000 707.796610
-12791573.675432 -0.000000 720.000000
-12790899.813316 -0.000000 732.203390
-12788948.475287 -0.000000 744.406780
-12780974.387126 -0.000000 756.610169
-12770456.129954 -0.000000 768.813559
-12745670.575368 -0.000000 781.016949
-12715679.542981 -0.000000 793.220339
-12685839.882653 -0.000000 805.423729
-12650834.474472 -0.000000 817.627119
-12616563.716533 -0.000000 829.830508
-12573621.967114 -0.000000 842.033898
-12508285.653721 -0.000000 854.237288
-12427377.694708 -0.000000 866.440678
-12328000.825609 -0.000000 878.644068
-12208327.356782 -0.000000 890.847458
-12065680.483970 -0.000000 903.050847
-11897184.099529 -0.000000 915.254237
-11747550.974369 -0.000000 927.457627
-11653897.174280 -0.000000 939.661017
-11579825.181357 -0.000000 951.864407
-11482098.865790 -0.000000 964.067797
-11364020.441969 -0.000000 976.271186
-11239176.924365 -0.000000 988.474576
-11112520.990791 -0.000000 1000.677966
-10985011.223962 -0.000000 1012.881356
-10857023.029287 -0.000000 1025.084746
-10728453.342363 -0.000000 1037.288136
-10598628.996953 -0.000000 1049.491525
-10466779.482048 -0.000000 1061.694915
-10332851.312598 -0.000000 1073.898305
-10198387.788011 -0.000000 1086.101695
-10067612.375843 -0.000000 1098.305085
-9945584.070074 -0.000000 1110.508475
-9834595.459987 -0.000000 1122.711864
-9729578.881456 -0.000000 1134.915254
-9620835.868198 -0.000000 1147.118644
-9500293.043469 -0.000000 1159.322034
-9367797.070337 -0.000000 1171.525424
-9227302.960310 -0.000000 1183.728814
-9083783.427570 -0.000000 1195.932203
-8939067.370015 -0.000000 1208.135593
-8796355.029645 -0.000000 1220.338983
-8659394.415897 -0.000000 1232.542373
-8534901.753996 -0.000000 1244.745763
-8424005.544570 -0.000000 1256.949153
-8322416.788904 -0.000000 1269.152542
-8217820.927997 -0.000000 1281.355932
-8096300.058900 -0.000000 1293.559322
-7944879.116761 -0.000000 1305.762712
-7776617.957307 -0.000000 1317.966102
-7642758.020315 -0.000000 1330.169492
-7547191.449533 -0.000000 1342.372881
-7443114.268442 -0.000000 1354.576271
-7314766.105714 -0.000000 1366.779661
-7180901.338230 -0.000000 1378.983051
-7051398.248784 -0.000000 1391.186441
-6929027.730349 -0.000000 1403.389831
-6807708.174293 -0.000000 1415.593220
-6684641.424095 -0.000000 1427.796610
-6557082.991872 -0.000000 1440.000000
-6425877.428967 -0.000000 1452.203390
-6293075.971720 -0.000000 1464.406780
-6160532.991606 -0.000000 1476.610169
-6032280.970351 -0.000000 1488.813559
-5909693.402182 -0.000000 1501.016949
-5792518.775690 -0.000000 1513.220339
-5672805.738780 -0.000000 1525.423729
-5545983.444208 -0.000000 1537.627119
-5413426.290405 -0.000000 1549.830508
-5281706.122040 -0.000000 1562.033898
-5154154.023582 -0.000000 1574.237288
-5029919.936385 -0.000000 1586.440678
-4908005.008300 -0.000000 1598.644068
-4786314.597591 -0.000000 1610.847458
-4665473.749845 -0.000000 1623.050847
-4544083.808592 -0.000000 1635.254237
-4423385.292145 -0.000000 1647.457627
-4302183.344233 -0.000000 1659.661017
-4181658.064430 -0.000000 1671.864407
-4060912.362676 -0.000000 1684.067797
-3940832.483921 -0.000000 1696.271186
-3821013.465930 -0.000000 1708.474576
-3702074.949560 -0.000000 1720.677966
-3584470.425319 -0.000000 1732.881356
-3468947.889665 -0.000000 1745.084746
-3357674.444340 -0.000000 1757.288136
-3252646.174102 -0.000000 1769.491525
-3159627.708309 -0.000000 1781.694915
-3084284.303622 -0.000000 1793.898305
-3039239.091786 -0.000000 1806.101695
-3037474.970720 -0.000000 1818.305085
-3101070.700487 -0.000000 1830.508475
-3250725.107296 -0.000000 1842.711864
-3508637.046947 -0.000000 1854.915254
-3885944.103353 -0.000000 1867.118644
-4364215.813942 -0.000000 1879.322034
-4930194.795910 -0.000000 1891.525424
-5489527.410371 -0.000000 1903.728814
-6019042.791541 -0.000000 1915.932203
-1684370.581912 -0.000000 1928.135593
7429490.517466 0.000000 1940.338983
12185067.090435 0.000000 1952.542373
13245938.186799 0.000000 1964.745763
13770794.233224 0.000000 1976.949153
13573687.585993 0.000000 1989.152542
13496807.513680 0.000000 2001.355932
14078242.979056 0.000000 2013.559322
12253158.718254 0.000000 2025.762712
2643877.552068 0.000000 2037.966102
-10075073.086439 -0.000000 2050.169492
-22359043.652205 -0.000000 2062.372881
-33929113.124241 -0.000000 2074.576271
-36786251.808097 -0.000000 2086.779661
-18541308.319331 -0.000000 2098.983051
-14043203.398147 -0.000000 2111.186441
-10911143.829998 -0.000000 2123.389831
-16540310.765791 -0.000000 2135.593220
-22976423.305913 -0.000000 2147.796610
-27362751.478566 -0.000000 2160.000000
-25744094.255729 -0.000000 2172.203390
-24787115.503988 -0.000000 2184.406780
-23866947.735848 -0.000000 2196.610169
-20769634.824724 -0.000000 2208.813559
-32368730.036419 -0.000000 2221.016949
-1522005193.499034 -0.000000 2233.220339
-1578779.374715 -0.000000 2245.423729
7635664.643023 0.000000 2257.627119
13018108.638716 0.000000 2269.830508
15635782.059586 0.000000 2282.033898
15454292.685499 0.000000 2294.237288
12427160.937633 0.000000 2306.440678
8301704.137139 0.000000 2318.644068
4482741.226909 0.000000 2330.847458
1918964.655569 0.000000 2343.050847
856049.018229 0.000000 2355.254237
938108.261163 0.000000 2367.457627
1679165.324963 0.000000 2379.661017
2691521.942276 0.000000 2391.864407
3742478.586866 0.000000 2404.067797
4720086.031541 0.000000 2416.271186
5590263.897290 0.000000 2428.474576
6349891.457398 0.000000 2440.677966
7017687.330449 0.000000 2452.881356
7605247.134063 0.000000 2465.084746
8131494.002623 0.000000 2477.288136
8598077.182159 0.000000 2489.491525
9012296.068111 0.000000 2501.694915
9367583.965215 0.000000 2513.898305
9680574.828417 0.000000 2526.101695
9973938.906365 0.000000 2538.305085
10279422.731369 0.000000 2550.508475
10588209.389398 0.000000 2562.711864
10877909.903732 0.000000 2574.915254
11128368.040212 0.000000 2587.118644
11337979.227648 0.000000 2599.322034
11507337.732136 0.000000 2611.525424
11640088.165460 0.000000 2623.728814
11759175.596452 0.000000 2635.932203
11885407.399214 0.000000 2648.135593
12019430.253373 0.000000 2660.338983
12122498.939006 0.000000 2672.542373
12197111.357442 0.000000 2684.745763
12276936.202433 0.000000 2696.949153
12405556.861561 0.000000 2709.152542
12555828.601578 0.000000 2721.355932
12694712.408029 0.000000 2733.559322
12792906.173569 0.000000 2745.762712
12858321.043196 0.000000 2757.966102
12886538.277703 0.000000 2770.169492
12889342.533483 0.000000 2782.372881
12876214.790133 0.000000 2794.576271
12866115.802182 0.000000 2806.779661
12855544.356351 0.000000 2818.983051
12836626.369719 0.000000 2831.186441
12777221.436740 0.000000 2843.389831
12602785.085687 0.000000 2855.593220
12225820.537553 0.000000 2867.796610
11540848.381257 0.000000 2880.000000
10413628.405393 0.000000 2892.203390
8570735.060264 0.000000 2904.406780
5778852.931817 0.000000 2916.610169
2209415.049152 0.000000 2928.813559
-151943.510425 -0.000000 2941.016949
1949498.257586 0.000000 2953.220339
13747680.804056 0.000000 2965.423729
27521523.512869 0.000000 2977.627119
30232151.546404 0.000000 2989.830508
30266760.296798 0.000000 3002.033898
30694243.359342 0.000000 3014.237288
30970347.214761 0.000000 3026.440678
31117794.438341 0.000000 3038.644068
30959916.303138 0.000000 3050.847458
30436936.280823 0.000000 3063.050847
30188060.088469 0.000000 3075.254237
29929606.858568 0.000000 3087.457627
29546309.600195 0.000000 3099.661017
29246138.477531 0.000000 3111.864407
28962746.795137 0.000000 3124.067797
28753064.181550 0.000000 3136.271186
28592172.541507 0.000000 3148.474576
28467596.453817 0.000000 3160.677966
28352241.091834 0.000000 3172.881356
28246857.635281 0.000000 3185.084746
28140458.283506 0.000000 3197.288136
28053413.953455 0.000000 3209.491525
28003139.798019 0.000000 3221.694915
28017208.093135 0.000000 3233.898305
28134832.720208 0.000000 3246.101695
28428003.638029 0.000000 3258.305085
28911595.735216 0.000000 3270.508475
28903211.194386 0.000000 3282.711864
29313335.453893 0.000000 3294.915254
31677142.063312 0.000000 3307.118644
33919498.110314 0.000000 3319.322034
33738474.332717 0.000000 3331.525424
32392625.285583 0.000000 3343.728814
30396648.085708 0.000000 3355.932203
27119887.281426 0.000000 3368.135593
29146516.641543 0.000000 3380.338983
8309478.651712 0.000000 3392.542373
17225569.937968 0.000000 3404.745763
19116.672052 0.000000 3416.949153
33052.704576 0.000000 3429.152542
46680.813947 0.000000 3441.355932
59434.511130 0.000000 3453.559322
71259.305242 0.000000 3465.762712
81843.119813 0.000000 3477.966102
91125.421215 0.000000 3490.169492
99053.172411 0.000000 3502.372881
105690.055968 0.000000 3514.576271
111121.796814 0.000000 3526.779661
115474.937776 0.000000 3538.983051
118871.807401 0.000000 3551.186441
121433.913494 0.000000 3563.389831
123261.180861 0.000000 3575.593220
124434.562364 0.000000 3587.796610
125007.313941 0.000000 3600.000000
