627399.131356 0.000000 0.000000
628939.881821 0.000000 12.203390
632014.171641 0.000000 24.406780
636600.945252 0.000000 36.610169
642674.750929 0.000000 48.813559
650183.909570 0.000000 61.016949
659071.205940 0.000000 73.220339
669232.305452 0.000000 85.423729
680549.276611 0.000000 97.627119
692821.708872 0.000000 109.830508
705814.726653 0.000000 122.033898
719150.505440 0.000000 134.237288
732371.313638 0.000000 146.440678
744773.536018 0.000000 158.644068
755484.831425 0.000000 170.847458
763220.385324 0.000000 183.050847
766380.151737 0.000000 195.254237
762730.661876 0.000000 207.457627
749586.417582 0.000000 219.661017
723546.832649 0.000000 231.864407
681045.167732 0.000000 244.067797
618552.544107 0.000000 256.271186
533853.388232 0.000000 268.474576
426900.209489 0.000000 280.677966
302558.598624 0.000000 292.881356
174516.141477 0.000000 305.084746
68800.415482 0.000000 317.288136
302120932.152095 0.000000 329.491525
-6722398.763484 -0.000000 341.694915
-13182378.510326 -0.000000 353.898305
-13424418.724122 -0.000000 366.101695
-13045714.682285 -0.000000 378.305085
-12930158.540987 -0.000000 390.508475
-12913217.135424 -0.000000 402.711864
-12913529.018458 -0.000000 414.915254
-12891377.365662 -0.000000 427.118644
-12799297.577414 -0.000000 439.322034
-12672139.667674 -0.000000 451.525424
-12614512.254323 -0.000000 463.728814
-12673732.696342 -0.000000 475.932203
-12760074.342752 -0.000000 488.135593
-12795368.210062 -0.000000 500.338983
-12803412.266968 -0.000000 512.542373
-12805122.800151 -0.000000 524.745763
-12802715.009854 -0.000000 536.949153
-12799960.722896 -0.000000 549.152542
-12794378.705196 -0.000000 561.355932
-12785957.883056 -0.000000 573.559322
-12777235.821090 -0.000000 585.762712
-12759499.060903 -0.000000 597.966102
-12731994.668707 -0.000000 610.169492
-12702296.915932 -0.000000 622.372881
-12667141.997659 -0.000000 634.576271
-12629839.108275 -0.000000 646.779661
-12583435.833225 -0.000000 658.983051
-12516153.534848 -0.000000 671.186441
-12433345.766946 -0.000000 683.389831
-12338435.332651 -0.000000 695.593220
-12239810.231052 -0.000000 707.796610
-12140210.457755 -0.000000 720.000000
-12031360.253533 -0.000000 732.203390
-11898724.429537 -0.000000 744.406780
-11735859.453936 -0.000000 756.610169
-11560735.985782 -0.000000 768.813559
-11427312.755381 -0.000000 781.016949
-11335951.230064 -0.000000 793.220339
-11245961.330352 -0.000000 805.423729
-11138647.525070 -0.000000 817.627119
-11017041.761048 -0.000000 829.830508
-10885665.885651 -0.000000 842.033898
-10752053.521285 -0.000000 854.237288
-10618877.876753 -0.000000 866.440678
-10485525.774682 -0.000000 878.644068
-10352266.917394 -0.000000 890.847458
-10218455.565521 -0.000000 903.050847
-10086087.872482 -0.000000 915.254237
-9953921.933876 -0.000000 927.457627
-9823497.694310 -0.000000 939.661017
-9693111.998612 -0.000000 951.864407
-9564046.765326 -0.000000 964.067797
-9434815.971021 -0.000000 976.271186
-9306479.864063 -0.000000 988.474576
-9177924.292722 -0.000000 1000.677966
-9049976.948155 -0.000000 1012.881356
-8921895.637719 -0.000000 1025.084746
-8794326.382277 -0.000000 1037.288136
-8666818.772250 -0.000000 1049.491525
-8539895.129144 -0.000000 1061.694915
-8413210.949386 -0.000000 1073.898305
-8287105.803536 -0.000000 1086.101695
-8160891.943079 -0.000000 1098.305085
-8034213.354379 -0.000000 1110.508475
-7905777.340138 -0.000000 1122.711864
-7770917.062668 -0.000000 1134.915254
-7615977.852439 -0.000000 1147.118644
-7438136.353806 -0.000000 1159.322034
-7280707.355848 -0.000000 1171.525424
-7180767.375431 -0.000000 1183.728814
-7101244.278397 -0.000000 1195.932203
-6998831.472221 -0.000000 1208.135593
-6876355.112301 -0.000000 1220.338983
-6747476.378433 -0.000000 1232.542373
-6616873.401427 -0.000000 1244.745763
-6485828.136057 -0.000000 1256.949153
-6354736.480118 -0.000000 1269.152542
-6224227.978723 -0.000000 1281.355932
-6094064.479071 -0.000000 1293.559322
-5964434.276626 -0.000000 1305.762712
-5835024.977072 -0.000000 1317.966102
-5705958.871423 -0.000000 1330.169492
-5576965.159563 -0.000000 1342.372881
-5448195.646388 -0.000000 1354.576271
-5319417.945585 -0.000000 1366.779661
-5190816.487583 -0.000000 1378.983051
-5062178.842077 -0.000000 1391.186441
-4933710.260357 -0.000000 1403.389831
-4805206.233390 -0.000000 1415.593220
-4676883.977504 -0.000000 1427.796610
-4548541.418737 -0.000000 1440.000000
-4420402.895000 -0.000000 1452.203390
-4292266.814605 -0.000000 1464.406780
-4164362.649462 -0.000000 1476.610169
-4036490.055394 -0.000000 1488.813559
-3908886.457595 -0.000000 1501.016949
-3781361.816282 -0.000000 1513.220339
-3654181.462631 -0.000000 1525.423729
-3527206.155297 -0.000000 1537.627119
-3400807.749413 -0.000000 1549.830508
-3275039.511769 -0.000000 1562.033898
-3150631.249831 -0.000000 1574.237288
-3028248.525854 -0.000000 1586.440678
-2909668.441790 -0.000000 1598.644068
-2797237.762174 -0.000000 1610.847458
-2695396.972416 -0.000000 1623.050847
-2610449.168341 -0.000000 1635.254237
-2552546.060560 -0.000000 1647.457627
-2535501.236926 -0.000000 1659.661017
-2578655.474464 -0.000000 1671.864407
-2704662.335081 -0.000000 1684.067797
-2938368.031737 -0.000000 1696.271186
-3297097.950802 -0.000000 1708.474576
-3786971.700503 -0.000000 1720.677966
-4393405.127094 -0.000000 1732.881356
-5112427.342025 -0.000000 1745.084746
-5879211.345090 -0.000000 1757.288136
-4379453.789788 -0.000000 1769.491525
3882422.875693 0.000000 1781.694915
10036820.227233 0.000000 1793.898305
9459709.844743 0.000000 1806.101695
8710365.254561 0.000000 1818.305085
7988761.622780 0.000000 1830.508475
7395389.008576 0.000000 1842.711864
6905666.579192 0.000000 1854.915254
6559768.609965 0.000000 1867.118644
6362826.618286 0.000000 1879.322034
6359230.754791 0.000000 1891.525424
6613365.217585 0.000000 1903.728814
7236649.728626 0.000000 1915.932203
8265920.838476 0.000000 1928.135593
10569784.244993 0.000000 1940.338983
13628932.276045 0.000000 1952.542373
14470873.359805 0.000000 1964.745763
15175394.745876 0.000000 1976.949153
15870730.182475 0.000000 1989.152542
8514109.098268 0.000000 2001.355932
11711776.141616 0.000000 2013.559322
14825503.174940 0.000000 2025.762712
11461203.490176 0.000000 2037.966102
-6255692.067377 -0.000000 2050.169492
-17866288.859676 -0.000000 2062.372881
-16150624.336599 -0.000000 2074.576271
-43911078.193848 -0.000000 2086.779661
-27613522.881624 -0.000000 2098.983051
-17710990.234903 -0.000000 2111.186441
-14471487.915824 -0.000000 2123.389831
-14016492.105855 -0.000000 2135.593220
-15725821.336627 -0.000000 2147.796610
-18463724.193870 -0.000000 2160.000000
-21085928.334589 -0.000000 2172.203390
-23298712.337165 -0.000000 2184.406780
-24990623.882036 -0.000000 2196.610169
-26125207.580112 -0.000000 2208.813559
-26528514.185228 -0.000000 2221.016949
-25334907.849419 -0.000000 2233.220339
-17692547.436367 -0.000000 2245.423729
-77133264.900807 -0.000000 2257.627119
-308949076.710059 -0.000000 2269.830508
690301.514518 0.000000 2282.033898
6288470.713671 0.000000 2294.237288
11016828.351939 0.000000 2306.440678
12950157.352685 0.000000 2318.644068
12721735.549277 0.000000 2330.847458
10594648.863314 0.000000 2343.050847
7362553.716198 0.000000 2355.254237
4305517.856256 0.000000 2367.457627
2330888.911262 0.000000 2379.661017
1690901.694716 0.000000 2391.864407
2141740.607455 0.000000 2404.067797
3250964.594125 0.000000 2416.271186
4654163.517537 0.000000 2428.474576
6089206.584456 0.000000 2440.677966
7454029.417921 0.000000 2452.881356
8707933.018573 0.000000 2465.084746
9857481.164383 0.000000 2477.288136
10874090.438042 0.000000 2489.491525
11762971.072731 0.000000 2501.694915
12527118.984141 0.000000 2513.898305
13195970.506935 0.000000 2526.101695
13777566.838550 0.000000 2538.305085
14285509.444343 0.000000 2550.508475
14721670.843793 0.000000 2562.711864
15065873.554274 0.000000 2574.915254
15304753.039684 0.000000 2587.118644
15471006.552427 0.000000 2599.322034
15531959.270623 0.000000 2611.525424
15542210.047661 0.000000 2623.728814
15551308.385343 0.000000 2635.932203
15550369.464060 0.000000 2648.135593
15570652.627058 0.000000 2660.338983
15582847.688343 0.000000 2672.542373
15588664.578416 0.000000 2684.745763
15580310.603694 0.000000 2696.949153
15566597.280832 0.000000 2709.152542
15556363.885878 0.000000 2721.355932
15554699.395866 0.000000 2733.559322
15558749.959411 0.000000 2745.762712
15562277.021020 0.000000 2757.966102
15555658.744745 0.000000 2770.169492
15543583.650764 0.000000 2782.372881
15546777.159102 0.000000 2794.576271
15533572.027085 0.000000 2806.779661
15502208.782988 0.000000 2818.983051
15483610.448995 0.000000 2831.186441
15526709.609123 0.000000 2843.389831
15591781.619068 0.000000 2855.593220
15662688.512656 0.000000 2867.796610
15670167.292663 0.000000 2880.000000
15485517.201789 0.000000 2892.203390
15403442.702680 0.000000 2904.406780
15883426.303505 0.000000 2916.610169
16280695.161874 0.000000 2928.813559
15711581.784292 0.000000 2941.016949
12578265.503300 0.000000 2953.220339
6658435.189072 0.000000 2965.423729
976384.290565 0.000000 2977.627119
2163103.176114 0.000000 2989.830508
18887171.441893 0.000000 3002.033898
31697726.165031 0.000000 3014.237288
30582825.483829 0.000000 3026.440678
30483861.058914 0.000000 3038.644068
31177810.849509 0.000000 3050.847458
31879333.075875 0.000000 3063.050847
31976622.644250 0.000000 3075.254237
31683762.681061 0.000000 3087.457627
31097024.675109 0.000000 3099.661017
30669616.682551 0.000000 3111.864407
30565721.819413 0.000000 3124.067797
30287624.250168 0.000000 3136.271186
29994353.258573 0.000000 3148.474576
29753561.113409 0.000000 3160.677966
29527176.234827 0.000000 3172.881356
29364320.653634 0.000000 3185.084746
29225628.814476 0.000000 3197.288136
29099048.081032 0.000000 3209.491525
28974352.299743 0.000000 3221.694915
28847419.950828 0.000000 3233.898305
28719649.945010 0.000000 3246.101695
28607870.916353 0.000000 3258.305085
28531242.641721 0.000000 3270.508475
28537433.856870 0.000000 3282.711864
28721692.791834 0.000000 3294.915254
29159871.869928 0.000000 3307.118644
29066669.310573 0.000000 3319.322034
29189699.860835 0.000000 3331.525424
32254703.592735 0.000000 3343.728814
35133813.366663 0.000000 3355.932203
34842447.544983 0.000000 3368.135593
33062938.078325 0.000000 3380.338983
31458174.316193 0.000000 3392.542373
28062212.599489 0.000000 3404.745763
28232502.356367 0.000000 3416.949153
6577925.966560 0.000000 3429.152542
63864208.684254 0.000000 3441.355932
133341.922968 0.000000 3453.559322
220241.780322 0.000000 3465.762712
302634.372965 0.000000 3477.966102
378782.549114 0.000000 3490.169492
447709.461608 0.000000 3502.372881
508382.430529 0.000000 3514.576271
560443.506953 0.000000 3526.779661
603830.629880 0.000000 3538.983051
638863.376028 0.000000 3551.186441
665996.072649 0.000000 3563.389831
685765.685697 0.000000 3575.593220
698642.459818 0.000000 3587.796610
704987.310405 0.000000 3600.000000
