16603.205863 0.000000 0.000000
16614.063399 0.000000 12.203390
16635.722492 0.000000 24.406780
16668.356356 0.000000 36.610169
16711.948397 0.000000 48.813559
16766.594597 0.000000 61.016949
16832.373960 0.000000 73.220339
16909.408457 0.000000 85.423729
16997.809730 0.000000 97.627119
17097.728885 0.000000 109.830508
17209.299398 0.000000 122.033898
17332.697190 0.000000 134.237288
17468.071312 0.000000 146.440678
17615.616524 0.000000 158.644068
17775.491489 0.000000 170.847458
17947.905199 0.000000 183.050847
18133.021634 0.000000 195.254237
18331.060978 0.000000 207.457627
18542.190270 0.000000 219.661017
18766.639566 0.000000 231.864407
19004.578732 0.000000 244.067797
19256.249003 0.000000 256.271186
19521.824881 0.000000 268.474576
19801.561782 0.000000 280.677966
20095.643279 0.000000 292.881356
20404.343534 0.000000 305.084746
20727.859794 0.000000 317.288136
21066.491226 0.000000 329.491525
21420.454688 0.000000 341.694915
21790.080095 0.000000 353.898305
22175.610448 0.000000 366.101695
22577.412132 0.000000 378.305085
22995.758956 0.000000 390.508475
23431.059338 0.000000 402.711864
23883.622602 0.000000 414.915254
24353.901979 0.000000 427.118644
24842.246444 0.000000 439.322034
25349.157436 0.000000 451.525424
25875.025002 0.000000 463.728814
26420.401331 0.000000 475.932203
26985.720403 0.000000 488.135593
27571.585934 0.000000 500.338983
28178.479269 0.000000 512.542373
28807.058985 0.000000 524.745763
29457.856831 0.000000 536.949153
30131.590818 0.000000 549.152542
30828.850209 0.000000 561.355932
31550.417897 0.000000 573.559322
32296.950232 0.000000 585.762712
33069.305602 0.000000 597.966102
33868.219899 0.000000 610.169492
34694.639165 0.000000 622.372881
35549.396473 0.000000 634.576271
36433.541654 0.000000 646.779661
37348.025543 0.000000 658.983051
38294.021710 0.000000 671.186441
39272.622915 0.000000 683.389831
40285.147742 0.000000 695.593220
41332.859297 0.000000 707.796610
42417.245744 0.000000 720.000000
43539.771162 0.000000 732.203390
44702.118718 0.000000 744.406780
45905.986516 0.000000 756.610169
47153.279227 0.000000 768.813559
48445.965138 0.000000 781.016949
49786.197318 0.000000 793.220339
51176.251181 0.000000 805.423729
52618.555588 0.000000 817.627119
54115.733284 0.000000 829.830508
55670.514148 0.000000 842.033898
57285.909854 0.000000 854.237288
58964.977043 0.000000 866.440678
60711.159465 0.000000 878.644068
62527.864311 0.000000 890.847458
64419.012629 0.000000 903.050847
66388.382453 0.000000 915.254237
68440.419210 0.000000 927.457627
70579.288023 0.000000 939.661017
72810.007232 0.000000 951.864407
75137.140734 0.000000 964.067797
77566.328782 0.000000 976.271186
80102.537572 0.000000 988.474576
82752.077275 0.000000 1000.677966
85520.310589 0.000000 1012.881356
88414.266668 0.000000 1025.084746
91439.685341 0.000000 1037.288136
94604.360843 0.000000 1049.491525
97914.374936 0.000000 1061.694915
101378.330665 0.000000 1073.898305
105002.596628 0.000000 1086.101695
108796.625924 0.000000 1098.305085
112766.994533 0.000000 1110.508475
116924.042367 0.000000 1122.711864
121274.444257 0.000000 1134.915254
125829.462015 0.000000 1147.118644
130595.726421 0.000000 1159.322034
135585.452905 0.000000 1171.525424
140805.048063 0.000000 1183.728814
146267.713860 0.000000 1195.932203
151979.408581 0.000000 1208.135593
157954.360598 0.000000 1220.338983
164197.807482 0.000000 1232.542373
170725.058815 0.000000 1244.745763
177540.312398 0.000000 1256.949153
184660.041067 0.000000 1269.152542
192087.033484 0.000000 1281.355932
199839.053731 0.000000 1293.559322
207917.068575 0.000000 1305.762712
216340.335367 0.000000 1317.966102
225107.546628 0.000000 1330.169492
234239.760588 0.000000 1342.372881
243732.922089 0.000000 1354.576271
253610.347280 0.000000 1366.779661
263864.749934 0.000000 1378.983051
274522.364324 0.000000 1391.186441
285572.212506 0.000000 1403.389831
297044.368383 0.000000 1415.593220
308923.744568 0.000000 1427.796610
321245.503126 0.000000 1440.000000
333990.112459 0.000000 1452.203390
347199.457678 0.000000 1464.406780
360849.350535 0.000000 1476.610169
374990.477132 0.000000 1488.813559
389593.940332 0.000000 1501.016949
404721.764474 0.000000 1513.220339
420340.515968 0.000000 1525.423729
436526.525859 0.000000 1537.627119
453242.283571 0.000000 1549.830508
470581.693683 0.000000 1562.033898
488504.003724 0.000000 1574.237288
507123.943388 0.000000 1586.440678
526398.826639 0.000000 1598.644068
546466.779840 0.000000 1610.847458
567284.969589 0.000000 1623.050847
589015.479855 0.000000 1635.254237
611617.262462 0.000000 1647.457627
635272.132496 0.000000 1659.661017
659941.438775 0.000000 1671.864407
685811.860608 0.000000 1684.067797
712841.652986 0.000000 1696.271186
741183.829868 0.000000 1708.474576
770768.090233 0.000000 1720.677966
801621.518697 0.000000 1732.881356
833561.653400 0.000000 1745.084746
866271.277615 0.000000 1757.288136
899212.777095 0.000000 1769.491525
931203.337613 0.000000 1781.694915
960694.834230 0.000000 1793.898305
984405.559165 0.000000 1806.101695
998185.544841 0.000000 1818.305085
994052.491443 0.000000 1830.508475
962497.374996 0.000000 1842.711864
888127.357607 0.000000 1854.915254
756331.074217 0.000000 1867.118644
549642.083487 0.000000 1879.322034
254042.879747 0.000000 1891.525424
-152475.969186 -0.000000 1903.728814
-723979.387020 -0.000000 1915.932203
-1587119.570056 -0.000000 1928.135593
-2819659.650266 -0.000000 1940.338983
-4239239.669136 -0.000000 1952.542373
-15695385.953184 -0.000000 1964.745763
-28988441.469981 -0.000000 1976.949153
-31474247.409642 -0.000000 1989.152542
-29646358.748573 -0.000000 2001.355932
-29021986.595191 -0.000000 2013.559322
-29182717.052528 -0.000000 2025.762712
-29698222.002104 -0.000000 2037.966102
-30925833.206106 -0.000000 2050.169492
-24912993.565567 -0.000000 2062.372881
-15651452.496684 -0.000000 2074.576271
-8504324.118412 -0.000000 2086.779661
-8831192.084463 -0.000000 2098.983051
-3726515.477329 -0.000000 2111.186441
2452854.767750 0.000000 2123.389831
8701982.657581 0.000000 2135.593220
6403246.405633 0.000000 2147.796610
7625059.752599 0.000000 2160.000000
32473978.165300 0.000000 2172.203390
123855826.979843 0.000000 2184.406780
21352680.329777 0.000000 2196.610169
12806289.872745 0.000000 2208.813559
13241028.361578 0.000000 2221.016949
10836221.359586 0.000000 2233.220339
8398659.546972 0.000000 2245.423729
6637493.521371 0.000000 2257.627119
5886431.288299 0.000000 2269.830508
6055680.839138 0.000000 2282.033898
6814631.138374 0.000000 2294.237288
7860344.585302 0.000000 2306.440678
8961597.979821 0.000000 2318.644068
10006235.257417 0.000000 2330.847458
10923878.452747 0.000000 2343.050847
11694074.139563 0.000000 2355.254237
12308281.154556 0.000000 2367.457627
12798980.031087 0.000000 2379.661017
13220771.987410 0.000000 2391.864407
13622285.466755 0.000000 2404.067797
14011603.751612 0.000000 2416.271186
14378918.369052 0.000000 2428.474576
14702405.484169 0.000000 2440.677966
14966855.527451 0.000000 2452.881356
15159431.767767 0.000000 2465.084746
15286912.862964 0.000000 2477.288136
15372522.309125 0.000000 2489.491525
15423370.480569 0.000000 2501.694915
15452507.826616 0.000000 2513.898305
15474653.137468 0.000000 2526.101695
15490581.500345 0.000000 2538.305085
15495697.830606 0.000000 2550.508475
15499608.360477 0.000000 2562.711864
15506003.067590 0.000000 2574.915254
15512004.900217 0.000000 2587.118644
15515807.639343 0.000000 2599.322034
15501643.656467 0.000000 2611.525424
15475799.457213 0.000000 2623.728814
15456133.517869 0.000000 2635.932203
15469286.809096 0.000000 2648.135593
15489801.470184 0.000000 2660.338983
15502149.257102 0.000000 2672.542373
15497547.775293 0.000000 2684.745763
15494112.828805 0.000000 2696.949153
15493531.022236 0.000000 2709.152542
15499512.187852 0.000000 2721.355932
15511546.022100 0.000000 2733.559322
15512225.578525 0.000000 2745.762712
15525697.515684 0.000000 2757.966102
15473998.487779 0.000000 2770.169492
15257179.229820 0.000000 2782.372881
14843032.265407 0.000000 2794.576271
14124262.750654 0.000000 2806.779661
12839749.139106 0.000000 2818.983051
10481892.165958 0.000000 2831.186441
6417373.745848 0.000000 2843.389831
1782073.470583 0.000000 2855.593220
-120939.224516 -0.000000 2867.796610
7427896.655373 0.000000 2880.000000
23684192.968064 0.000000 2892.203390
30177021.132899 0.000000 2904.406780
29579740.750037 0.000000 2916.610169
29867183.158759 0.000000 2928.813559
30424791.408601 0.000000 2941.016949
30683024.614779 0.000000 2953.220339
30650028.694286 0.000000 2965.423729
30307608.691215 0.000000 2977.627119
29816972.071242 0.000000 2989.830508
29669505.571730 0.000000 3002.033898
29477094.842289 0.000000 3014.237288
29157408.286739 0.000000 3026.440678
28909945.168390 0.000000 3038.644068
28683496.215476 0.000000 3050.847458
28522444.078564 0.000000 3063.050847
28399954.256511 0.000000 3075.254237
28288577.739974 0.000000 3087.457627
28164497.880047 0.000000 3099.661017
28029726.997719 0.000000 3111.864407
27885454.062646 0.000000 3124.067797
27754444.095254 0.000000 3136.271186
27654052.276373 0.000000 3148.474576
27626195.319583 0.000000 3160.677966
27698771.099091 0.000000 3172.881356
28036114.308004 0.000000 3185.084746
28515857.188429 0.000000 3197.288136
28269703.984376 0.000000 3209.491525
29248905.998205 0.000000 3221.694915
32447459.917854 0.000000 3233.898305
33904846.885651 0.000000 3246.101695
32882608.945528 0.000000 3258.305085
30957117.758945 0.000000 3270.508475
28892714.568769 0.000000 3282.711864
26170423.215342 0.000000 3294.915254
23306358.551626 0.000000 3307.118644
2289877.426839 0.000000 3319.322034
10319809.726958 0.000000 3331.525424
38257.025501 0.000000 3343.728814
67453.764916 0.000000 3355.932203
97359.777013 0.000000 3368.135593
126777.425835 0.000000 3380.338983
154703.371051 0.000000 3392.542373
180259.051459 0.000000 3404.745763
202935.085232 0.000000 3416.949153
222472.708674 0.000000 3429.152542
238892.958055 0.000000 3441.355932
252366.330486 0.000000 3453.559322
263196.432373 0.000000 3465.762712
271720.263253 0.000000 3477.966102
278304.938981 0.000000 3490.169492
283286.459389 0.000000 3502.372881
286983.992178 0.000000 3514.576271
289665.059689 0.000000 3526.779661
291567.123136 0.000000 3538.983051
292877.338844 0.000000 3551.186441
293753.007546 0.000000 3563.389831
294309.370723 0.000000 3575.593220
294634.684680 0.000000 3587.796610
294783.167157 0.000000 3600.000000
