298863.220400 0.000000 0.000000
299751.884779 0.000000 12.203390
301529.925251 0.000000 24.406780
304200.218387 0.000000 36.610169
307764.947026 0.000000 48.813559
312229.116080 0.000000 61.016949
317596.032941 0.000000 73.220339
323871.855363 0.000000 85.423729
331060.037665 0.000000 97.627119
339165.900017 0.000000 109.830508
348191.180400 0.000000 122.033898
358136.872548 0.000000 134.237288
368999.375092 0.000000 146.440678
380769.288061 0.000000 158.644068
393430.756840 0.000000 170.847458
406953.326952 0.000000 183.050847
421295.860941 0.000000 195.254237
436387.828304 0.000000 207.457627
452138.422821 0.000000 219.661017
468402.628451 0.000000 231.864407
484994.588601 0.000000 244.067797
501632.193986 0.000000 256.271186
517951.098285 0.000000 268.474576
533419.537906 0.000000 280.677966
547346.634134 0.000000 292.881356
558759.605868 0.000000 305.084746
566404.587229 0.000000 317.288136
568597.745615 0.000000 329.491525
563262.206926 0.000000 341.694915
547862.222716 0.000000 353.898305
519690.674407 0.000000 366.101695
476238.695600 0.000000 378.305085
416165.825072 0.000000 390.508475
340393.939555 0.000000 402.711864
253441.055251 0.000000 414.915254
163816.418953 0.000000 427.118644
83150.711917 0.000000 439.322034
320149276.432895 0.000000 451.525424
-5301914.527845 -0.000000 463.728814
-13200110.939367 -0.000000 475.932203
-13509452.752163 -0.000000 488.135593
-13049338.367120 -0.000000 500.338983
-12897721.087268 -0.000000 512.542373
-12877573.229099 -0.000000 524.745763
-12898777.566617 -0.000000 536.949153
-12884356.526839 -0.000000 549.152542
-12817882.939549 -0.000000 561.355932
-12705016.984023 -0.000000 573.559322
-12623307.591466 -0.000000 585.762712
-12645913.177234 -0.000000 597.966102
-12729308.872836 -0.000000 610.169492
-12785618.021687 -0.000000 622.372881
-12804254.441565 -0.000000 634.576271
-12812326.313058 -0.000000 646.779661
-12806677.804898 -0.000000 658.983051
-12798050.169867 -0.000000 671.186441
-12793789.196804 -0.000000 683.389831
-12788584.333608 -0.000000 695.593220
-12786654.828621 -0.000000 707.796610
-12790705.066381 -0.000000 720.000000
-12788735.116063 -0.000000 732.203390
-12787604.041140 -0.000000 744.406780
-12786579.467461 -0.000000 756.610169
-12786296.135614 -0.000000 768.813559
-12781223.190550 -0.000000 781.016949
-12774879.424374 -0.000000 793.220339
-12757087.514402 -0.000000 805.423729
-12733293.400065 -0.000000 817.627119
-12708764.961610 -0.000000 829.830508
-12679887.313059 -0.000000 842.033898
-12648428.692590 -0.000000 854.237288
-12617545.980796 -0.000000 866.440678
-12581380.214241 -0.000000 878.644068
-12525148.852277 -0.000000 890.847458
-12450874.251533 -0.000000 903.050847
-12364651.690967 -0.000000 915.254237
-12265625.254306 -0.000000 927.457627
-12161349.984843 -0.000000 939.661017
-12054827.734977 -0.000000 951.864407
-11946622.679606 -0.000000 964.067797
-11837025.776903 -0.000000 976.271186
-11726243.006737 -0.000000 988.474576
-11614193.113112 -0.000000 1000.677966
-11500620.686117 -0.000000 1012.881356
-11384989.759880 -0.000000 1025.084746
-11266754.179177 -0.000000 1037.288136
-11145980.411534 -0.000000 1049.491525
-11024344.438778 -0.000000 1061.694915
-10905835.376963 -0.000000 1073.898305
-10795313.183487 -0.000000 1086.101695
-10694693.289323 -0.000000 1098.305085
-10599272.523779 -0.000000 1110.508475
-10499914.449307 -0.000000 1122.711864
-10389901.416818 -0.000000 1134.915254
-10269852.319468 -0.000000 1147.118644
-10145191.614669 -0.000000 1159.322034
-10021349.013478 -0.000000 1171.525424
-9900771.608804 -0.000000 1183.728814
-9783636.029418 -0.000000 1195.932203
-9668902.597499 -0.000000 1208.135593
-9555640.901496 -0.000000 1220.338983
-9443036.674147 -0.000000 1232.542373
-9330739.558862 -0.000000 1244.745763
-9218439.456996 -0.000000 1256.949153
-9106111.369887 -0.000000 1269.152542
-8993651.099578 -0.000000 1281.355932
-8881138.176706 -0.000000 1293.559322
-8768539.460849 -0.000000 1305.762712
-8655953.070596 -0.000000 1317.966102
-8543372.680289 -0.000000 1330.169492
-8430885.745256 -0.000000 1342.372881
-8318505.286049 -0.000000 1354.576271
-8206296.315279 -0.000000 1366.779661
-8094291.949681 -0.000000 1378.983051
-7982515.562924 -0.000000 1391.186441
-7871005.784417 -0.000000 1403.389831
-7759691.361103 -0.000000 1415.593220
-7648552.242361 -0.000000 1427.796610
-7537291.044126 -0.000000 1440.000000
-7425652.492244 -0.000000 1452.203390
-7312863.194529 -0.000000 1464.406780
-7198291.535130 -0.000000 1476.610169
-7081086.701512 -0.000000 1488.813559
-6961962.363187 -0.000000 1501.016949
-6843353.075977 -0.000000 1513.220339
-6730474.934542 -0.000000 1525.423729
-6627193.190633 -0.000000 1537.627119
-6532669.191483 -0.000000 1549.830508
-6438843.017211 -0.000000 1562.033898
-6337308.049021 -0.000000 1574.237288
-6224508.147264 -0.000000 1586.440678
-6104084.568242 -0.000000 1598.644068
-5981304.221977 -0.000000 1610.847458
-5860763.572652 -0.000000 1623.050847
-5744242.472718 -0.000000 1635.254237
-5632815.118066 -0.000000 1647.457627
-5526261.384370 -0.000000 1659.661017
-5423988.404278 -0.000000 1671.864407
-5323818.616725 -0.000000 1684.067797
-5223540.601292 -0.000000 1696.271186
-5121430.463013 -0.000000 1708.474576
-5018198.299687 -0.000000 1720.677966
-4916255.840179 -0.000000 1732.881356
-4820157.398705 -0.000000 1745.084746
-4735251.806444 -0.000000 1757.288136
-4669555.035790 -0.000000 1769.491525
-4632793.751348 -0.000000 1781.694915
-4639964.706617 -0.000000 1793.898305
-4707459.674519 -0.000000 1806.101695
-4857377.720452 -0.000000 1818.305085
-5102489.439830 -0.000000 1830.508475
-5456262.742136 -0.000000 1842.711864
-5891293.548408 -0.000000 1854.915254
-6420049.528589 -0.000000 1867.118644
-6939660.762039 -0.000000 1879.322034
-7243097.657653 -0.000000 1891.525424
-1392761.627686 -0.000000 1903.728814
6508776.275818 0.000000 1915.932203
8531330.590724 0.000000 1928.135593
8852615.255172 0.000000 1940.338983
9435522.576304 0.000000 1952.542373
10684560.954578 0.000000 1964.745763
12884468.817437 0.000000 1976.949153
13780459.866668 0.000000 1989.152542
13523402.873431 0.000000 2001.355932
13766605.351836 0.000000 2013.559322
13238192.868108 0.000000 2025.762712
6461201.212605 0.000000 2037.966102
-6591298.399823 -0.000000 2050.169492
-18017842.806363 -0.000000 2062.372881
-35163845.888986 -0.000000 2074.576271
-21444777.642710 -0.000000 2086.779661
-16688261.737942 -0.000000 2098.983051
-27685459.486391 -0.000000 2111.186441
-19232164.780555 -0.000000 2123.389831
-20833430.321962 -0.000000 2135.593220
-20639895.754916 -0.000000 2147.796610
-20599164.343612 -0.000000 2160.000000
-20683685.883723 -0.000000 2172.203390
-20670261.507576 -0.000000 2184.406780
-20445534.760838 -0.000000 2196.610169
-18639027.295694 -0.000000 2208.813559
-21906360.972518 -0.000000 2221.016949
-941049663.272510 -0.000000 2233.220339
-1912585.670737 -0.000000 2245.423729
47916480.041206 0.000000 2257.627119
20376724.511996 0.000000 2269.830508
18325760.931203 0.000000 2282.033898
21266262.469826 0.000000 2294.237288
25450574.066908 0.000000 2306.440678
18711351.515298 0.000000 2318.644068
11703637.896136 0.000000 2330.847458
5311881.272468 0.000000 2343.050847
1020181.449771 0.000000 2355.254237
18701.811139 0.000000 2367.457627
910388.126887 0.000000 2379.661017
2518983.308103 0.000000 2391.864407
4197450.887564 0.000000 2404.067797
5676540.080432 0.000000 2416.271186
6892649.634826 0.000000 2428.474576
7867175.064805 0.000000 2440.677966
8650141.691717 0.000000 2452.881356
9290933.775388 0.000000 2465.084746
9829762.396907 0.000000 2477.288136
10294531.216643 0.000000 2489.491525
10704765.376634 0.000000 2501.694915
11072116.074804 0.000000 2513.898305
11405014.308859 0.000000 2526.101695
11707722.969441 0.000000 2538.305085
11984181.472055 0.000000 2550.508475
12235930.368594 0.000000 2562.711864
12465562.522473 0.000000 2574.915254
12673932.503645 0.000000 2587.118644
12863536.887341 0.000000 2599.322034
13035276.038980 0.000000 2611.525424
13191796.875626 0.000000 2623.728814
13334110.910389 0.000000 2635.932203
13464565.142682 0.000000 2648.135593
13584090.110508 0.000000 2660.338983
13693685.503692 0.000000 2672.542373
13792384.781090 0.000000 2684.745763
13874652.359826 0.000000 2696.949153
13933670.385342 0.000000 2709.152542
13966771.689285 0.000000 2721.355932
13997243.778934 0.000000 2733.559322
14055888.987441 0.000000 2745.762712
14154426.529644 0.000000 2757.966102
14258932.026965 0.000000 2770.169492
14337831.164503 0.000000 2782.372881
14363707.360396 0.000000 2794.576271
14332343.076683 0.000000 2806.779661
14253128.250944 0.000000 2818.983051
14174547.635163 0.000000 2831.186441
14125282.378443 0.000000 2843.389831
14064073.507740 0.000000 2855.593220
13861649.232348 0.000000 2867.796610
13358388.738657 0.000000 2880.000000
12398927.242903 0.000000 2892.203390
10730588.189443 0.000000 2904.406780
7990684.185603 0.000000 2916.610169
4067225.486029 0.000000 2928.813559
447413.403170 0.000000 2941.016949
413960.094222 0.000000 2953.220339
9072640.659083 0.000000 2965.423729
24301690.523818 0.000000 2977.627119
30533116.815122 0.000000 2989.830508
30288247.755456 0.000000 3002.033898
30589630.595244 0.000000 3014.237288
31005188.736456 0.000000 3026.440678
31137255.320550 0.000000 3038.644068
31199182.011800 0.000000 3050.847458
30762485.163708 0.000000 3063.050847
30318827.064053 0.000000 3075.254237
30191105.281501 0.000000 3087.457627
29812414.652343 0.000000 3099.661017
29464036.382197 0.000000 3111.864407
29170680.848660 0.000000 3124.067797
28910099.565856 0.000000 3136.271186
28745181.219517 0.000000 3148.474576
28628246.798081 0.000000 3160.677966
28537599.380871 0.000000 3172.881356
28445338.726525 0.000000 3185.084746
28348181.342696 0.000000 3197.288136
28245472.580022 0.000000 3209.491525
28154998.003963 0.000000 3221.694915
28093434.943366 0.000000 3233.898305
28105428.904441 0.000000 3246.101695
28232900.038184 0.000000 3258.305085
28633147.015575 0.000000 3270.508475
29012586.572487 0.000000 3282.711864
28849184.484005 0.000000 3294.915254
30196706.754058 0.000000 3307.118644
33271220.282573 0.000000 3319.322034
34425961.215211 0.000000 3331.525424
33258826.269729 0.000000 3343.728814
31095538.974202 0.000000 3355.932203
29303815.082494 0.000000 3368.135593
28517096.406111 0.000000 3380.338983
18593408.559138 0.000000 3392.542373
-336214.837700 -0.000000 3404.745763
2337776.095076 0.000000 3416.949153
41411.088070 0.000000 3429.152542
69757.390807 0.000000 3441.355932
97379.558768 0.000000 3453.559322
123231.776760 0.000000 3465.762712
147043.800736 0.000000 3477.966102
168307.306641 0.000000 3490.169492
186864.625441 0.000000 3502.372881
202651.079031 0.000000 3514.576271
215779.719233 0.000000 3526.779661
226428.228609 0.000000 3538.983051
234831.731493 0.000000 3551.186441
241220.702782 0.000000 3563.389831
245810.048755 0.000000 3575.593220
248769.228869 0.000000 3587.796610
250218.590994 0.000000 3600.000000
