2091917.783631 0.000000 0.000000
2084599.124158 0.000000 12.203390
2068772.503039 0.000000 24.406780
2041940.225904 0.000000 36.610169
2000280.004671 0.000000 48.813559
1938410.382329 0.000000 61.016949
1849652.756393 0.000000 73.220339
1726264.746479 0.000000 85.423729
1560883.589108 0.000000 97.627119
1348349.377099 0.000000 109.830508
1088999.260651 0.000000 122.033898
791133.493450 0.000000 134.237288
472180.249870 0.000000 146.440678
1245108110.382344 0.000000 158.644068
-1097880.455295 -0.000000 170.847458
-6757702.583541 -0.000000 183.050847
-11804188.395270 -0.000000 195.254237
-13552099.931539 -0.000000 207.457627
-13290311.287263 -0.000000 219.661017
-13092901.458860 -0.000000 231.864407
-13073227.555254 -0.000000 244.067797
-13011190.207529 -0.000000 256.271186
-12616102.364272 -0.000000 268.474576
-12155950.238686 -0.000000 280.677966
-11960485.220697 -0.000000 292.881356
-11738779.051282 -0.000000 305.084746
-11502112.571392 -0.000000 317.288136
-11319186.817043 -0.000000 329.491525
-11153807.973449 -0.000000 341.694915
-11000063.301106 -0.000000 353.898305
-10848025.472632 -0.000000 366.101695
-10695711.712574 -0.000000 378.305085
-10541739.472589 -0.000000 390.508475
-10386824.575385 -0.000000 402.711864
-10230851.534961 -0.000000 414.915254
-10074728.484500 -0.000000 427.118644
-9918028.020086 -0.000000 439.322034
-9761298.536979 -0.000000 451.525424
-9603868.209853 -0.000000 463.728814
-9445939.640439 -0.000000 475.932203
-9286850.071579 -0.000000 488.135593
-9126658.505791 -0.000000 500.338983
-8965132.158959 -0.000000 512.542373
-8802948.827893 -0.000000 524.745763
-8641358.010088 -0.000000 536.949153
-8482547.433258 -0.000000 549.152542
-8328562.027110 -0.000000 561.355932
-8179837.683746 -0.000000 573.559322
-8034107.905602 -0.000000 585.762712
-7886957.635896 -0.000000 597.966102
-7734425.925053 -0.000000 610.169492
-7574979.431383 -0.000000 622.372881
-7410030.590511 -0.000000 634.576271
-7242188.094256 -0.000000 646.779661
-7073936.513775 -0.000000 658.983051
-6906595.727572 -0.000000 671.186441
-6740718.015002 -0.000000 683.389831
-6576179.414574 -0.000000 695.593220
-6412800.508224 -0.000000 707.796610
-6250223.229266 -0.000000 720.000000
-6088257.441135 -0.000000 732.203390
-5926620.486315 -0.000000 744.406780
-5765210.425792 -0.000000 756.610169
-5603838.874385 -0.000000 768.813559
-5442483.198666 -0.000000 781.016949
-5281026.798453 -0.000000 793.220339
-5119497.974592 -0.000000 805.423729
-4957822.085769 -0.000000 817.627119
-4796052.065271 -0.000000 829.830508
-4634133.676618 -0.000000 842.033898
-4472128.311175 -0.000000 854.237288
-4309990.476046 -0.000000 866.440678
-4147781.979093 -0.000000 878.644068
-3985460.877718 -0.000000 890.847458
-3823085.995011 -0.000000 903.050847
-3660617.098207 -0.000000 915.254237
-3498108.846547 -0.000000 927.457627
-3335522.346102 -0.000000 939.661017
-3172907.848720 -0.000000 951.864407
-3010227.973412 -0.000000 964.067797
-2847528.650443 -0.000000 976.271186
-2684774.306045 -0.000000 988.474576
-2522006.729317 -0.000000 1000.677966
-2359192.437520 -0.000000 1012.881356
-2196369.253239 -0.000000 1025.084746
-2033505.994310 -0.000000 1037.288136
-1870636.698944 -0.000000 1049.491525
-1707732.643681 -0.000000 1061.694915
-1544824.216013 -0.000000 1073.898305
-1381885.265357 -0.000000 1086.101695
-1218942.660630 -0.000000 1098.305085
-1055972.914401 -0.000000 1110.508475
-892999.480038 -0.000000 1122.711864
-730001.599096 -0.000000 1134.915254
-566999.395301 -0.000000 1147.118644
-403974.952861 -0.000000 1159.322034
-240945.092552 -0.000000 1171.525424
-77894.873530 -0.000000 1183.728814
85162.233200 0.000000 1195.932203
248237.935534 0.000000 1208.135593
411322.373184 0.000000 1220.338983
574423.561734 0.000000 1232.542373
737535.960096 0.000000 1244.745763
900663.087561 0.000000 1256.949153
1063805.268254 0.000000 1269.152542
1226959.997092 0.000000 1281.355932
1390136.555254 0.000000 1293.559322
1553323.107282 0.000000 1305.762712
1716542.905323 0.000000 1317.966102
1879766.358468 0.000000 1330.169492
2043035.571140 0.000000 1342.372881
2206279.174092 0.000000 1354.576271
2369550.875051 0.000000 1366.779661
2532667.176094 0.000000 1378.983051
2695632.156158 0.000000 1391.186441
2857951.981816 0.000000 1403.389831
3019349.902472 0.000000 1415.593220
3178505.322662 0.000000 1427.796610
3334196.903032 0.000000 1440.000000
3483075.086923 0.000000 1452.203390
3621433.586596 0.000000 1464.406780
3741538.437408 0.000000 1476.610169
3834514.692923 0.000000 1488.813559
3885023.375735 0.000000 1501.016949
3877106.386352 0.000000 1513.220339
3788021.133210 0.000000 1525.423729
3603421.199589 0.000000 1537.627119
3307085.137290 0.000000 1549.830508
2917466.917359 0.000000 1562.033898
2414523.656687 0.000000 1574.237288
1872544.911666 0.000000 1586.440678
1421951.041764 0.000000 1598.644068
6177699.717933 0.000000 1610.847458
12632312.682745 0.000000 1623.050847
13615465.313133 0.000000 1635.254237
13121108.732600 0.000000 1647.457627
12850848.159869 0.000000 1659.661017
12661843.728272 0.000000 1671.864407
12517289.711597 0.000000 1684.067797
12380382.437855 0.000000 1696.271186
12300075.303080 0.000000 1708.474576
12337472.476386 0.000000 1720.677966
12440751.580430 0.000000 1732.881356
12536172.905517 0.000000 1745.084746
12758001.690393 0.000000 1757.288136
12991169.729306 0.000000 1769.491525
13084156.455739 0.000000 1781.694915
13263718.606453 0.000000 1793.898305
14092171.518694 0.000000 1806.101695
12680622.675177 0.000000 1818.305085
6327895.007236 0.000000 1830.508475
3850351.625556 0.000000 1842.711864
5078831.269930 0.000000 1854.915254
6011301.488942 0.000000 1867.118644
6886121.120579 0.000000 1879.322034
7627707.849071 0.000000 1891.525424
8261587.669343 0.000000 1903.728814
8774361.437136 0.000000 1915.932203
9188938.528609 0.000000 1928.135593
9531419.777424 0.000000 1940.338983
9832168.845209 0.000000 1952.542373
10129194.986940 0.000000 1964.745763
10451638.332648 0.000000 1976.949153
10848175.965421 0.000000 1989.152542
11296501.473141 0.000000 2001.355932
11713415.393587 0.000000 2013.559322
12347607.762059 0.000000 2025.762712
12930730.389045 0.000000 2037.966102
13050934.086779 0.000000 2050.169492
13186727.094153 0.000000 2062.372881
13276691.217532 0.000000 2074.576271
11037695.339014 0.000000 2086.779661
5390718.131793 0.000000 2098.983051
-3497174.468696 -0.000000 2111.186441
-13990359.608099 -0.000000 2123.389831
-34462965.944021 -0.000000 2135.593220
-81306932.292708 -0.000000 2147.796610
-22344094.200251 -0.000000 2160.000000
-15500091.302677 -0.000000 2172.203390
-15861054.756195 -0.000000 2184.406780
-19281041.852558 -0.000000 2196.610169
-23453997.119301 -0.000000 2208.813559
-27626135.117393 -0.000000 2221.016949
-31146153.350647 -0.000000 2233.220339
-29915209.339274 -0.000000 2245.423729
-25810463.993537 -0.000000 2257.627119
-22886015.616917 -0.000000 2269.830508
-20181064.828880 -0.000000 2282.033898
-17682937.619574 -0.000000 2294.237288
-16666421.017776 -0.000000 2306.440678
-16790194.189799 -0.000000 2318.644068
-17264731.877210 -0.000000 2330.847458
-17002069.675892 -0.000000 2343.050847
-17362327.758551 -0.000000 2355.254237
-19730410.955347 -0.000000 2367.457627
-25056930.947296 -0.000000 2379.661017
-29178704.611861 -0.000000 2391.864407
-12746142.029105 -0.000000 2404.067797
-9801257.000904 -0.000000 2416.271186
-7824398.715553 -0.000000 2428.474576
-4420311.493466 -0.000000 2440.677966
-1168102.050556 -0.000000 2452.881356
1600158.345885 0.000000 2465.084746
3882476.362661 0.000000 2477.288136
5762261.252571 0.000000 2489.491525
7339230.690451 0.000000 2501.694915
8686008.393003 0.000000 2513.898305
9862612.744061 0.000000 2526.101695
10900601.300610 0.000000 2538.305085
11825467.305977 0.000000 2550.508475
12645217.933563 0.000000 2562.711864
13369916.283791 0.000000 2574.915254
13998431.253948 0.000000 2587.118644
14540586.502876 0.000000 2599.322034
14966953.948697 0.000000 2611.525424
15253280.468974 0.000000 2623.728814
15451996.713589 0.000000 2635.932203
15557606.399411 0.000000 2648.135593
15595828.219413 0.000000 2660.338983
15606014.455930 0.000000 2672.542373
15598504.664571 0.000000 2684.745763
15597803.668822 0.000000 2696.949153
15595060.976940 0.000000 2709.152542
15558254.322998 0.000000 2721.355932
15485393.698023 0.000000 2733.559322
15468797.763155 0.000000 2745.762712
15538951.064172 0.000000 2757.966102
15606009.002230 0.000000 2770.169492
15609540.874285 0.000000 2782.372881
15560468.135295 0.000000 2794.576271
15471572.983230 0.000000 2806.779661
15381489.515170 0.000000 2818.983051
15404305.814522 0.000000 2831.186441
15583644.083615 0.000000 2843.389831
15775527.736068 0.000000 2855.593220
15858124.609042 0.000000 2867.796610
15847596.934960 0.000000 2880.000000
15800079.908889 0.000000 2892.203390
15766598.349627 0.000000 2904.406780
15754814.982607 0.000000 2916.610169
15705591.116480 0.000000 2928.813559
15627948.610163 0.000000 2941.016949
15842287.566590 0.000000 2953.220339
16636398.627540 0.000000 2965.423729
17834987.177692 0.000000 2977.627119
17070814.791110 0.000000 2989.830508
9733472.682678 0.000000 3002.033898
2413303.542410 0.000000 3014.237288
-1496881.249933 -0.000000 3026.440678
4788137.430871 0.000000 3038.644068
23779144.899224 0.000000 3050.847458
31786339.868869 0.000000 3063.050847
30687544.299216 0.000000 3075.254237
30825535.424622 0.000000 3087.457627
31556028.903980 0.000000 3099.661017
32141854.567678 0.000000 3111.864407
32061752.238646 0.000000 3124.067797
31733251.418011 0.000000 3136.271186
31128285.746054 0.000000 3148.474576
30793665.297850 0.000000 3160.677966
30723245.901131 0.000000 3172.881356
30400352.297974 0.000000 3185.084746
30123466.962476 0.000000 3197.288136
29886122.180501 0.000000 3209.491525
29677098.270225 0.000000 3221.694915
29522770.409974 0.000000 3233.898305
29388800.630199 0.000000 3246.101695
29261366.330155 0.000000 3258.305085
29129222.180115 0.000000 3270.508475
28990967.739028 0.000000 3282.711864
28846543.653659 0.000000 3294.915254
28712485.366524 0.000000 3307.118644
28603942.504665 0.000000 3319.322034
28582981.470999 0.000000 3331.525424
28713375.705573 0.000000 3343.728814
29137459.384614 0.000000 3355.932203
29006064.225069 0.000000 3368.135593
29012598.799000 0.000000 3380.338983
32407762.319460 0.000000 3392.542373
35698179.391467 0.000000 3404.745763
35249872.149341 0.000000 3416.949153
33578518.113744 0.000000 3429.152542
31649759.979010 0.000000 3441.355932
28839271.278591 0.000000 3453.559322
25504415.846854 0.000000 3465.762712
6756654.209800 0.000000 3477.966102
36773279.842232 0.000000 3490.169492
223779.473238 0.000000 3502.372881
359661.008242 0.000000 3514.576271
479688.776086 0.000000 3526.779661
583949.152049 0.000000 3538.983051
671585.707864 0.000000 3551.186441
741965.455999 0.000000 3563.389831
794808.091454 0.000000 3575.593220
829993.528366 0.000000 3587.796610
847567.446752 0.000000 3600.000000
