7410.563096 0.000000 0.000000
7422.907280 0.000000 12.203390
7447.505833 0.000000 24.406780
7484.551817 0.000000 36.610169
7533.954139 0.000000 48.813559
7595.815507 0.000000 61.016949
7670.117517 0.000000 73.220339
7757.005268 0.000000 85.423729
7856.473788 0.000000 97.627119
7968.732748 0.000000 109.830508
8093.796032 0.000000 122.033898
8231.955496 0.000000 134.237288
8383.256894 0.000000 146.440678
8548.092971 0.000000 158.644068
8726.555935 0.000000 170.847458
8919.161020 0.000000 183.050847
9126.063131 0.000000 195.254237
9347.923592 0.000000 207.457627
9584.977037 0.000000 219.661017
9838.055916 0.000000 231.864407
10107.491547 0.000000 244.067797
10394.314016 0.000000 256.271186
10698.967810 0.000000 268.474576
11022.707809 0.000000 280.677966
11366.107912 0.000000 292.881356
11730.675547 0.000000 305.084746
12117.128041 0.000000 317.288136
12527.254246 0.000000 329.491525
12961.927866 0.000000 341.694915
13423.248197 0.000000 353.898305
13912.257540 0.000000 366.101695
14431.395630 0.000000 378.305085
14981.882918 0.000000 390.508475
15566.532021 0.000000 402.711864
16186.750921 0.000000 414.915254
16845.758521 0.000000 427.118644
17545.159677 0.000000 439.322034
18288.617436 0.000000 451.525424
19077.941430 0.000000 463.728814
19917.281522 0.000000 475.932203
20808.661869 0.000000 488.135593
21756.766035 0.000000 500.338983
22763.844220 0.000000 512.542373
23835.168634 0.000000 524.745763
24973.227370 0.000000 536.949153
26183.944416 0.000000 549.152542
27470.060817 0.000000 561.355932
28838.222544 0.000000 573.559322
30291.440344 0.000000 585.762712
31837.164260 0.000000 597.966102
33478.692068 0.000000 610.169492
35224.367813 0.000000 622.372881
37077.795648 0.000000 634.576271
39048.314427 0.000000 646.779661
41139.852350 0.000000 658.983051
43362.854522 0.000000 671.186441
45721.589499 0.000000 683.389831
48227.729234 0.000000 695.593220
50885.895988 0.000000 707.796610
53709.120111 0.000000 720.000000
56702.385722 0.000000 732.203390
59880.223879 0.000000 744.406780
63247.982554 0.000000 756.610169
66821.845849 0.000000 768.813559
70607.521332 0.000000 781.016949
74623.010962 0.000000 793.220339
78874.368247 0.000000 805.423729
83381.591874 0.000000 817.627119
88151.060244 0.000000 829.830508
93204.959363 0.000000 842.033898
98549.963108 0.000000 854.237288
104210.653873 0.000000 866.440678
110193.963360 0.000000 878.644068
116527.095555 0.000000 890.847458
123217.195015 0.000000 903.050847
130294.331617 0.000000 915.254237
137765.812965 0.000000 927.457627
145664.834804 0.000000 939.661017
153998.813660 0.000000 951.864407
162804.347970 0.000000 964.067797
172088.905740 0.000000 976.271186
181892.774602 0.000000 988.474576
192223.412477 0.000000 1000.677966
203125.080331 0.000000 1012.881356
214605.163516 0.000000 1025.084746
226712.160383 0.000000 1037.288136
239453.308135 0.000000 1049.491525
252881.552212 0.000000 1061.694915
267003.886203 0.000000 1073.898305
281877.808367 0.000000 1086.101695
297509.917764 0.000000 1098.305085
313962.176292 0.000000 1110.508475
331240.528500 0.000000 1122.711864
349410.975942 0.000000 1134.915254
368478.316446 0.000000 1147.118644
388511.587964 0.000000 1159.322034
409513.495017 0.000000 1171.525424
431554.126123 0.000000 1183.728814
454632.259456 0.000000 1195.932203
478815.355562 0.000000 1208.135593
504094.736631 0.000000 1220.338983
530528.606615 0.000000 1232.542373
558094.062181 0.000000 1244.745763
586828.213155 0.000000 1256.949153
616680.987555 0.000000 1269.152542
647647.146762 0.000000 1281.355932
679624.714627 0.000000 1293.559322
712527.558008 0.000000 1305.762712
746154.462394 0.000000 1317.966102
780267.605713 0.000000 1330.169492
814476.006955 0.000000 1342.372881
848259.128802 0.000000 1354.576271
880864.687028 0.000000 1366.779661
911249.221156 0.000000 1378.983051
937985.748022 0.000000 1391.186441
959092.535527 0.000000 1403.389831
971960.385069 0.000000 1415.593220
973095.382573 0.000000 1427.796610
958211.727343 0.000000 1440.000000
922216.720103 0.000000 1452.203390
860131.064927 0.000000 1464.406780
768281.717554 0.000000 1476.610169
646903.079390 0.000000 1488.813559
502208.174456 0.000000 1501.016949
347863.550300 0.000000 1513.220339
202896.432413 0.000000 1525.423729
87965.352529 0.000000 1537.627119
304406767.815120 0.000000 1549.830508
-4579594.919425 -0.000000 1562.033898
-10855762.806551 -0.000000 1574.237288
-13389601.647721 -0.000000 1586.440678
-13263959.842277 -0.000000 1598.644068
-12973909.031940 -0.000000 1610.847458
-12918738.274235 -0.000000 1623.050847
-12943330.375008 -0.000000 1635.254237
-12899003.679243 -0.000000 1647.457627
-12704618.574205 -0.000000 1659.661017
-12458704.417970 -0.000000 1671.864407
-12417182.417992 -0.000000 1684.067797
-12416945.689146 -0.000000 1696.271186
-12287875.132824 -0.000000 1708.474576
-12080267.607534 -0.000000 1720.677966
-11801884.989713 -0.000000 1732.881356
-11418196.514472 -0.000000 1745.084746
-10893963.729985 -0.000000 1757.288136
-10167492.005978 -0.000000 1769.491525
-9176371.474294 -0.000000 1781.694915
-7859968.662635 -0.000000 1793.898305
-6122373.975636 -0.000000 1806.101695
-3794460.169053 -0.000000 1818.305085
-769367.373756 -0.000000 1830.508475
2913833.697563 0.000000 1842.711864
7004449.944749 0.000000 1854.915254
10911876.846544 0.000000 1867.118644
13171531.187199 0.000000 1879.322034
13825489.223420 0.000000 1891.525424
12068471.768785 0.000000 1903.728814
-1276157.302650 -0.000000 1915.932203
-14852503.060305 -0.000000 1928.135593
-15446435.901204 -0.000000 1940.338983
-98049046.610366 -0.000000 1952.542373
-25581633.224852 -0.000000 1964.745763
-16313542.976908 -0.000000 1976.949153
-13839518.320090 -0.000000 1989.152542
-13485472.479389 -0.000000 2001.355932
-14969665.285164 -0.000000 2013.559322
-17424882.101573 -0.000000 2025.762712
-19945490.904831 -0.000000 2037.966102
-22295717.118590 -0.000000 2050.169492
-24302507.253517 -0.000000 2062.372881
-25953837.569572 -0.000000 2074.576271
-27331177.723835 -0.000000 2086.779661
-28534123.148552 -0.000000 2098.983051
-29367750.998571 -0.000000 2111.186441
-29768852.742825 -0.000000 2123.389831
-25058934.838693 -0.000000 2135.593220
-37908308.122186 -0.000000 2147.796610
-193388346.070808 -0.000000 2160.000000
-37362809.158114 -0.000000 2172.203390
-6673725.339542 -0.000000 2184.406780
-7429402.428765 -0.000000 2196.610169
-7310911.647801 -0.000000 2208.813559
-7435925.231352 -0.000000 2221.016949
-7300067.833665 -0.000000 2233.220339
-6698480.820746 -0.000000 2245.423729
-5472694.997080 -0.000000 2257.627119
-3702523.600472 -0.000000 2269.830508
-1747801.381338 -0.000000 2282.033898
86141.452405 0.000000 2294.237288
1676624.051233 0.000000 2306.440678
3027721.971444 0.000000 2318.644068
4177694.652781 0.000000 2330.847458
5181790.518266 0.000000 2343.050847
6067931.700887 0.000000 2355.254237
6867747.332109 0.000000 2367.457627
7587731.686853 0.000000 2379.661017
8242880.008575 0.000000 2391.864407
8832973.290751 0.000000 2404.067797
9367381.873653 0.000000 2416.271186
9846491.381994 0.000000 2428.474576
10278161.261120 0.000000 2440.677966
10664014.693623 0.000000 2452.881356
11010860.858552 0.000000 2465.084746
11319640.504755 0.000000 2477.288136
11593604.878450 0.000000 2489.491525
11825606.160557 0.000000 2501.694915
12008096.429755 0.000000 2513.898305
12133551.300895 0.000000 2526.101695
12227702.050705 0.000000 2538.305085
12336662.745035 0.000000 2550.508475
12492403.088695 0.000000 2562.711864
12667218.884889 0.000000 2574.915254
12820096.593317 0.000000 2587.118644
12931611.192208 0.000000 2599.322034
13013221.865587 0.000000 2611.525424
13077385.158098 0.000000 2623.728814
13132100.954052 0.000000 2635.932203
13173344.223004 0.000000 2648.135593
13192098.276399 0.000000 2660.338983
13179635.142216 0.000000 2672.542373
13142538.355902 0.000000 2684.745763
13085189.342291 0.000000 2696.949153
12970925.318109 0.000000 2709.152542
12698690.420129 0.000000 2721.355932
12138881.176260 0.000000 2733.559322
11142852.099100 0.000000 2745.762712
9521929.668150 0.000000 2757.966102
7025755.885031 0.000000 2770.169492
3641791.348707 0.000000 2782.372881
438055.601117 0.000000 2794.576271
127997.475295 0.000000 2806.779661
6819759.442049 0.000000 2818.983051
21522361.466315 0.000000 2831.186441
29931297.678820 0.000000 2843.389831
29744738.916613 0.000000 2855.593220
29978684.272093 0.000000 2867.796610
30552518.270951 0.000000 2880.000000
30828805.642266 0.000000 2892.203390
30988613.899431 0.000000 2904.406780
30581747.221286 0.000000 2916.610169
30129655.303771 0.000000 2928.813559
29934955.866597 0.000000 2941.016949
29519862.449544 0.000000 2953.220339
29211428.700908 0.000000 2965.423729
28949960.403899 0.000000 2977.627119
28738260.562124 0.000000 2989.830508
28587688.666056 0.000000 3002.033898
28464661.772898 0.000000 3014.237288
28368437.811824 0.000000 3026.440678
28286900.391360 0.000000 3038.644068
28214066.700398 0.000000 3050.847458
28138058.952101 0.000000 3063.050847
28065491.113721 0.000000 3075.254237
28007879.495897 0.000000 3087.457627
27998603.013755 0.000000 3099.661017
28072115.629465 0.000000 3111.864407
28353440.318558 0.000000 3124.067797
28747922.268654 0.000000 3136.271186
28709022.292888 0.000000 3148.474576
29343427.950021 0.000000 3160.677966
31782313.949359 0.000000 3172.881356
33607416.320159 0.000000 3185.084746
33488476.192376 0.000000 3197.288136
32237140.218050 0.000000 3209.491525
30861198.279170 0.000000 3221.694915
27997471.742421 0.000000 3233.898305
29124248.659100 0.000000 3246.101695
5590500.787383 0.000000 3258.305085
5225454.756429 0.000000 3270.508475
11713.783833 0.000000 3282.711864
21578.476592 0.000000 3294.915254
31948.138487 0.000000 3307.118644
42125.674184 0.000000 3319.322034
51897.234599 0.000000 3331.525424
60853.967818 0.000000 3343.728814
68832.497472 0.000000 3355.932203
75704.342441 0.000000 3368.135593
81474.920845 0.000000 3380.338983
86188.065817 0.000000 3392.542373
89948.790369 0.000000 3404.745763
92868.742178 0.000000 3416.949153
95077.610274 0.000000 3429.152542
96691.544538 0.000000 3441.355932
97825.697476 0.000000 3453.559322
98575.395954 0.000000 3465.762712
99029.486905 0.000000 3477.966102
99258.029403 0.000000 3490.169492
99324.665924 0.000000 3502.372881
99277.731970 0.000000 3514.576271
99160.654559 0.000000 3526.779661
99005.215311 0.000000 3538.983051
98839.628377 0.000000 3551.186441
98683.551935 0.000000 3563.389831
98553.778959 0.000000 3575.593220
98461.004560 0.000000 3587.796610
98412.900621 0.000000 3600.000000
