56951.314679 0.000000 0.000000
57195.396449 0.000000 12.203390
57684.194351 0.000000 24.406780
58418.787000 0.000000 36.610169
59401.279190 0.000000 48.813559
60633.507344 0.000000 61.016949
62119.143607 0.000000 73.220339
63860.912111 0.000000 85.423729
65864.013114 0.000000 97.627119
68132.058429 0.000000 109.830508
70671.819637 0.000000 122.033898
73487.783275 0.000000 134.237288
76588.355565 0.000000 146.440678
79978.878300 0.000000 158.644068
83669.469560 0.000000 170.847458
87666.302301 0.000000 183.050847
91981.297078 0.000000 195.254237
96621.427662 0.000000 207.457627
101600.518577 0.000000 219.661017
106926.304313 0.000000 231.864407
112614.620795 0.000000 244.067797
118673.909907 0.000000 256.271186
125122.122157 0.000000 268.474576
131968.328973 0.000000 280.677966
139232.678000 0.000000 292.881356
146924.749692 0.000000 305.084746
155066.916847 0.000000 317.288136
163669.072235 0.000000 329.491525
172755.734049 0.000000 341.694915
182336.769767 0.000000 353.898305
192438.557554 0.000000 366.101695
203070.349121 0.000000 378.305085
214259.719383 0.000000 390.508475
226014.253399 0.000000 402.711864
238361.383583 0.000000 414.915254
251305.135340 0.000000 427.118644
264870.248253 0.000000 439.322034
279053.765525 0.000000 451.525424
293873.000264 0.000000 463.728814
309311.773014 0.000000 475.932203
325371.284867 0.000000 488.135593
342010.676475 0.000000 500.338983
359199.101718 0.000000 512.542373
376849.862380 0.000000 524.745763
394870.728127 0.000000 536.949153
413089.901451 0.000000 549.152542
431299.678776 0.000000 561.355932
449170.568418 0.000000 573.559322
466280.647275 0.000000 585.762712
482011.704231 0.000000 597.966102
495555.019278 0.000000 610.169492
505785.569954 0.000000 622.372881
511246.901673 0.000000 634.576271
510033.057461 0.000000 646.779661
499833.346896 0.000000 658.983051
478003.328282 0.000000 671.186441
441993.057010 0.000000 683.389831
390062.548025 0.000000 695.593220
322498.656230 0.000000 707.796610
242884.843637 0.000000 720.000000
158915.254062 0.000000 732.203390
81681.298751 0.000000 744.406780
31108724.999036 0.000000 756.610169
-2284272.292930 -0.000000 768.813559
-10321195.020556 -0.000000 781.016949
-13726046.124871 -0.000000 793.220339
-13110384.985708 -0.000000 805.423729
-12900648.823848 -0.000000 817.627119
-12845047.034587 -0.000000 829.830508
-12862639.569256 -0.000000 842.033898
-12870580.611815 -0.000000 854.237288
-12823016.440078 -0.000000 866.440678
-12712011.914340 -0.000000 878.644068
-12610302.767198 -0.000000 890.847458
-12597835.194333 -0.000000 903.050847
-12669781.064177 -0.000000 915.254237
-12739266.623050 -0.000000 927.457627
-12770556.831474 -0.000000 939.661017
-12786210.599926 -0.000000 951.864407
-12790477.537064 -0.000000 964.067797
-12785159.564639 -0.000000 976.271186
-12777140.799397 -0.000000 988.474576
-12765615.321237 -0.000000 1000.677966
-12760278.339766 -0.000000 1012.881356
-12765006.176483 -0.000000 1025.084746
-12759078.504322 -0.000000 1037.288136
-12753795.258617 -0.000000 1049.491525
-12757003.627250 -0.000000 1061.694915
-12758862.737322 -0.000000 1073.898305
-12760860.654445 -0.000000 1086.101695
-12762773.442092 -0.000000 1098.305085
-12761337.064965 -0.000000 1110.508475
-12755282.512921 -0.000000 1122.711864
-12750344.407138 -0.000000 1134.915254
-12743839.519387 -0.000000 1147.118644
-12727961.688737 -0.000000 1159.322034
-12708392.686826 -0.000000 1171.525424
-12684472.617218 -0.000000 1183.728814
-12656441.357760 -0.000000 1195.932203
-12626944.233639 -0.000000 1208.135593
-12593707.136698 -0.000000 1220.338983
-12556050.614951 -0.000000 1232.542373
-12509295.990228 -0.000000 1244.745763
-12449078.553230 -0.000000 1256.949153
-12369379.700897 -0.000000 1269.152542
-12274982.225120 -0.000000 1281.355932
-12176230.279098 -0.000000 1293.559322
-12075748.702401 -0.000000 1305.762712
-11973072.677772 -0.000000 1317.966102
-11867771.772684 -0.000000 1330.169492
-11759385.334378 -0.000000 1342.372881
-11647427.162176 -0.000000 1354.576271
-11534119.416786 -0.000000 1366.779661
-11422661.892104 -0.000000 1378.983051
-11320035.417368 -0.000000 1391.186441
-11227779.680543 -0.000000 1403.389831
-11143577.167265 -0.000000 1415.593220
-11054920.654745 -0.000000 1427.796610
-10955423.138603 -0.000000 1440.000000
-10843260.427892 -0.000000 1452.203390
-10729724.513576 -0.000000 1464.406780
-10622134.651634 -0.000000 1476.610169
-10523020.550338 -0.000000 1488.813559
-10421806.155923 -0.000000 1501.016949
-10312876.043497 -0.000000 1513.220339
-10199879.054777 -0.000000 1525.423729
-10090490.532027 -0.000000 1537.627119
-9987167.395941 -0.000000 1549.830508
-9885702.653954 -0.000000 1562.033898
-9779678.566909 -0.000000 1574.237288
-9652449.767542 -0.000000 1586.440678
-9502350.843304 -0.000000 1598.644068
-9370827.358652 -0.000000 1610.847458
-9297254.053830 -0.000000 1623.050847
-9243416.707019 -0.000000 1635.254237
-9169099.047068 -0.000000 1647.457627
-9076170.522568 -0.000000 1659.661017
-8979755.644563 -0.000000 1671.864407
-8880475.809305 -0.000000 1684.067797
-8777324.728759 -0.000000 1696.271186
-8664732.847705 -0.000000 1708.474576
-8541245.948516 -0.000000 1720.677966
-8401390.565066 -0.000000 1732.881356
-8241712.531931 -0.000000 1745.084746
-8050905.779232 -0.000000 1757.288136
-7815119.123596 -0.000000 1769.491525
-7507841.296942 -0.000000 1781.694915
-7093804.144539 -0.000000 1793.898305
-6517697.696443 -0.000000 1806.101695
-5704656.497264 -0.000000 1818.305085
-4551248.832658 -0.000000 1830.508475
-2926886.726099 -0.000000 1842.711864
-685780.967879 -0.000000 1854.915254
2298443.348344 0.000000 1867.118644
6034727.406916 0.000000 1879.322034
10353693.630660 0.000000 1891.525424
13225818.586048 0.000000 1903.728814
13617533.071776 0.000000 1915.932203
13871862.560131 0.000000 1928.135593
5210903.265179 0.000000 1940.338983
-12082883.996952 -0.000000 1952.542373
-17635463.078375 -0.000000 1964.745763
-24601105.137670 -0.000000 1976.949153
-40463425.925932 -0.000000 1989.152542
-20994632.732034 -0.000000 2001.355932
-15334422.643117 -0.000000 2013.559322
-13433951.780944 -0.000000 2025.762712
-12663805.094254 -0.000000 2037.966102
-13286132.158651 -0.000000 2050.169492
-15083602.574064 -0.000000 2062.372881
-17617347.257488 -0.000000 2074.576271
-21438465.114493 -0.000000 2086.779661
-27711150.812514 -0.000000 2098.983051
-24241959.551833 -0.000000 2111.186441
-809565233.111455 -0.000000 2123.389831
-39548557.903143 -0.000000 2135.593220
-2645266.850150 -0.000000 2147.796610
-151435.353972 -0.000000 2160.000000
5400920.586023 0.000000 2172.203390
7643629.304112 0.000000 2184.406780
-2006167877.925581 -0.000000 2196.610169
-15030651.490009 -0.000000 2208.813559
-795488044.048859 -0.000000 2221.016949
-18225789.742459 -0.000000 2233.220339
7609221.778125 0.000000 2245.423729
8182211.461925 0.000000 2257.627119
6885491.115254 0.000000 2269.830508
5361537.489357 0.000000 2282.033898
2914826.717293 0.000000 2294.237288
572013.197573 0.000000 2306.440678
-791463.845669 -0.000000 2318.644068
-1001949.680671 -0.000000 2330.847458
-351486.868690 -0.000000 2343.050847
797623.150592 0.000000 2355.254237
2146054.005262 0.000000 2367.457627
3494697.295141 0.000000 2379.661017
4733084.333999 0.000000 2391.864407
5817552.619667 0.000000 2404.067797
6744989.388803 0.000000 2416.271186
7532125.355637 0.000000 2428.474576
8201523.079067 0.000000 2440.677966
8775062.246752 0.000000 2452.881356
9270683.765364 0.000000 2465.084746
9702471.330084 0.000000 2477.288136
10081140.445823 0.000000 2489.491525
10414725.575891 0.000000 2501.694915
10710055.357155 0.000000 2513.898305
10972051.883567 0.000000 2526.101695
11205760.171797 0.000000 2538.305085
11414399.452566 0.000000 2550.508475
11601893.512559 0.000000 2562.711864
11770587.906683 0.000000 2574.915254
11923547.992824 0.000000 2587.118644
12062975.946138 0.000000 2599.322034
12190898.048013 0.000000 2611.525424
12309486.461874 0.000000 2623.728814
12418458.302450 0.000000 2635.932203
12517516.886849 0.000000 2648.135593
12597752.427048 0.000000 2660.338983
12649484.184569 0.000000 2672.542373
12663340.060460 0.000000 2684.745763
12663544.916373 0.000000 2696.949153
12694301.216656 0.000000 2709.152542
12786238.083897 0.000000 2721.355932
12907112.378077 0.000000 2733.559322
13005728.983432 0.000000 2745.762712
13043895.890059 0.000000 2757.966102
13014699.164552 0.000000 2770.169492
12936842.509130 0.000000 2782.372881
12858369.576373 0.000000 2794.576271
12810353.233526 0.000000 2806.779661
12749784.268879 0.000000 2818.983051
12554239.654837 0.000000 2831.186441
12076119.085667 0.000000 2843.389831
11173922.247961 0.000000 2855.593220
9700790.989901 0.000000 2867.796610
7447867.802126 0.000000 2880.000000
4335355.685184 0.000000 2892.203390
1024050.383723 0.000000 2904.406780
-84160.252961 -0.000000 2916.610169
5403061.709053 0.000000 2928.813559
19080989.672593 0.000000 2941.016949
29569166.042701 0.000000 2953.220339
30188782.818776 0.000000 2965.423729
30208357.746852 0.000000 2977.627119
30722310.051568 0.000000 2989.830508
30928066.547784 0.000000 3002.033898
31031767.464856 0.000000 3014.237288
30714358.950233 0.000000 3026.440678
30241453.798623 0.000000 3038.644068
30085394.165426 0.000000 3050.847458
29730676.006381 0.000000 3063.050847
29354979.185833 0.000000 3075.254237
29035921.848513 0.000000 3087.457627
28729500.947605 0.000000 3099.661017
28515986.643516 0.000000 3111.864407
28362919.754723 0.000000 3124.067797
28263858.617216 0.000000 3136.271186
28193822.972766 0.000000 3148.474576
28139728.942590 0.000000 3160.677966
28083141.498436 0.000000 3172.881356
28025848.573202 0.000000 3185.084746
27975765.827287 0.000000 3197.288136
27958203.403245 0.000000 3209.491525
28019354.569243 0.000000 3221.694915
28283358.388810 0.000000 3233.898305
28744428.483130 0.000000 3246.101695
28673962.128040 0.000000 3258.305085
29163579.870491 0.000000 3270.508475
31971140.226188 0.000000 3282.711864
34120631.919216 0.000000 3294.915254
33695667.515962 0.000000 3307.118644
32016803.316129 0.000000 3319.322034
30396771.186587 0.000000 3331.525424
26940640.466277 0.000000 3343.728814
26640646.133457 0.000000 3355.932203
5015647.460066 0.000000 3368.135593
5819445.289591 0.000000 3380.338983
18763.716785 0.000000 3392.542373
32862.234850 0.000000 3404.745763
46800.281219 0.000000 3416.949153
59974.680410 0.000000 3429.152542
72285.612437 0.000000 3441.355932
83374.194544 0.000000 3453.559322
93155.633525 0.000000 3465.762712
101555.949574 0.000000 3477.966102
108635.128005 0.000000 3490.169492
114479.450031 0.000000 3502.372881
119226.500911 0.000000 3514.576271
123012.912422 0.000000 3526.779661
125980.970746 0.000000 3538.983051
128254.323494 0.000000 3551.186441
129942.896661 0.000000 3563.389831
131132.656812 0.000000 3575.593220
131890.022501 0.000000 3587.796610
132257.704040 0.000000 3600.000000
