18938.379149 0.000000 0.000000
19029.701511 0.000000 12.203390
19212.457100 0.000000 24.406780
19487.692219 0.000000 36.610169
19855.898771 0.000000 48.813559
20318.917256 0.000000 61.016949
20877.681165 0.000000 73.220339
21534.954549 0.000000 85.423729
22292.048467 0.000000 97.627119
23152.684911 0.000000 109.830508
24118.543004 0.000000 122.033898
25194.338691 0.000000 134.237288
26382.113204 0.000000 146.440678
27687.619635 0.000000 158.644068
29113.253493 0.000000 170.847458
30665.857944 0.000000 183.050847
32348.173489 0.000000 195.254237
34168.195780 0.000000 207.457627
36128.999064 0.000000 219.661017
38239.803205 0.000000 231.864407
40504.002510 0.000000 244.067797
42932.122953 0.000000 256.271186
45527.862411 0.000000 268.474576
48303.144195 0.000000 280.677966
51261.951417 0.000000 292.881356
54417.705285 0.000000 305.084746
57774.652105 0.000000 317.288136
61347.821272 0.000000 329.491525
65141.699141 0.000000 341.694915
69173.040866 0.000000 353.898305
73446.549650 0.000000 366.101695
77980.831258 0.000000 378.305085
82780.782272 0.000000 390.508475
87866.989042 0.000000 402.711864
93244.522268 0.000000 414.915254
98936.077155 0.000000 427.118644
104946.885515 0.000000 439.322034
111301.875185 0.000000 451.525424
118006.431369 0.000000 463.728814
125087.819912 0.000000 475.932203
132551.580929 0.000000 488.135593
140427.384592 0.000000 500.338983
148720.929716 0.000000 512.542373
157464.292778 0.000000 524.745763
166663.320820 0.000000 536.949153
176352.381667 0.000000 549.152542
186537.415731 0.000000 561.355932
197254.769320 0.000000 573.559322
208510.304918 0.000000 585.762712
220341.708362 0.000000 597.966102
232754.340690 0.000000 610.169492
245786.033905 0.000000 622.372881
259440.717543 0.000000 634.576271
273754.239743 0.000000 646.779661
288727.178819 0.000000 658.983051
304389.652167 0.000000 671.186441
320735.085582 0.000000 683.389831
337781.273362 0.000000 695.593220
355507.145019 0.000000 707.796610
373906.485169 0.000000 720.000000
392929.727653 0.000000 732.203390
412525.652126 0.000000 744.406780
432589.709347 0.000000 756.610169
452987.507640 0.000000 768.813559
473509.696135 0.000000 781.016949
493868.872857 0.000000 793.220339
513658.298031 0.000000 805.423729
532311.143157 0.000000 817.627119
549057.205593 0.000000 829.830508
562833.582537 0.000000 842.033898
572238.787019 0.000000 854.237288
575406.792104 0.000000 866.440678
570012.745651 0.000000 878.644068
553244.225754 0.000000 890.847458
522130.881562 0.000000 903.050847
474063.780618 0.000000 915.254237
407996.695210 0.000000 927.457627
325826.238776 0.000000 939.661017
233866.651590 0.000000 951.864407
142927.081033 0.000000 964.067797
66531.297699 0.000000 976.271186
258805191.090488 0.000000 988.474576
-5728831.882008 -0.000000 1000.677966
-13440444.351568 -0.000000 1012.881356
-13435786.260700 -0.000000 1025.084746
-12986160.070096 -0.000000 1037.288136
-12855168.542288 -0.000000 1049.491525
-12840590.289870 -0.000000 1061.694915
-12865294.203045 -0.000000 1073.898305
-12845786.002888 -0.000000 1086.101695
-12765050.360094 -0.000000 1098.305085
-12640130.605104 -0.000000 1110.508475
-12586456.379789 -0.000000 1122.711864
-12631137.581568 -0.000000 1134.915254
-12705724.640145 -0.000000 1147.118644
-12749882.333294 -0.000000 1159.322034
-12766317.867407 -0.000000 1171.525424
-12775917.174052 -0.000000 1183.728814
-12773743.985744 -0.000000 1195.932203
-12751753.052446 -0.000000 1208.135593
-12728359.469366 -0.000000 1220.338983
-12736256.681987 -0.000000 1232.542373
-12754368.198329 -0.000000 1244.745763
-12760285.638007 -0.000000 1256.949153
-12758357.416170 -0.000000 1269.152542
-12755192.516931 -0.000000 1281.355932
-12745479.421194 -0.000000 1293.559322
-12736998.801245 -0.000000 1305.762712
-12722425.703878 -0.000000 1317.966102
-12696226.409238 -0.000000 1330.169492
-12666049.239050 -0.000000 1342.372881
-12638514.397218 -0.000000 1354.576271
-12609650.533794 -0.000000 1366.779661
-12575140.409515 -0.000000 1378.983051
-12518875.093503 -0.000000 1391.186441
-12446115.931840 -0.000000 1403.389831
-12349279.014154 -0.000000 1415.593220
-12226031.319191 -0.000000 1427.796610
-12117633.918103 -0.000000 1440.000000
-12038153.975954 -0.000000 1452.203390
-11943771.988549 -0.000000 1464.406780
-11827724.266570 -0.000000 1476.610169
-11702375.442257 -0.000000 1488.813559
-11581997.550214 -0.000000 1501.016949
-11472890.117846 -0.000000 1513.220339
-11376184.624945 -0.000000 1525.423729
-11283306.601447 -0.000000 1537.627119
-11183670.887716 -0.000000 1549.830508
-11070914.938622 -0.000000 1562.033898
-10946789.255865 -0.000000 1574.237288
-10816587.524279 -0.000000 1586.440678
-10684970.392834 -0.000000 1598.644068
-10553961.068005 -0.000000 1610.847458
-10422658.554624 -0.000000 1623.050847
-10289080.966320 -0.000000 1635.254237
-10149233.534594 -0.000000 1647.457627
-9998901.608868 -0.000000 1659.661017
-9830651.253978 -0.000000 1671.864407
-9635648.579776 -0.000000 1684.067797
-9398641.094100 -0.000000 1696.271186
-9099881.654197 -0.000000 1708.474576
-8707115.917877 -0.000000 1720.677966
-8177778.378255 -0.000000 1732.881356
-7446318.866172 -0.000000 1745.084746
-6429128.536560 -0.000000 1757.288136
-5006976.515947 -0.000000 1769.491525
-3046095.144389 -0.000000 1781.694915
-384583.571304 -0.000000 1793.898305
3062088.117934 0.000000 1806.101695
7310286.511291 0.000000 1818.305085
11480534.201208 0.000000 1830.508475
13436927.395229 0.000000 1842.711864
13649460.686167 0.000000 1854.915254
14788322.790024 0.000000 1867.118644
4154962.014391 0.000000 1879.322034
-13940356.206405 -0.000000 1891.525424
-16260156.619849 -0.000000 1903.728814
-37118418.349170 -0.000000 1915.932203
-34579817.532765 -0.000000 1928.135593
-19167842.571030 -0.000000 1940.338983
-14790384.321765 -0.000000 1952.542373
-13272039.099309 -0.000000 1964.745763
-13334296.889689 -0.000000 1976.949153
-14769422.423099 -0.000000 1989.152542
-16559300.181417 -0.000000 2001.355932
-18476732.867074 -0.000000 2013.559322
-20767633.644023 -0.000000 2025.762712
-23537244.996390 -0.000000 2037.966102
-28018095.332710 -0.000000 2050.169492
-27820219.593116 -0.000000 2062.372881
-36610954.432359 -0.000000 2074.576271
-3134664427.531747 -0.000000 2086.779661
-2950280.243857 -0.000000 2098.983051
10104935.678013 0.000000 2111.186441
15685511.262584 0.000000 2123.389831
16389180.487666 0.000000 2135.593220
8060191.459719 0.000000 2147.796610
1579438108.547272 0.000000 2160.000000
11349588.692997 0.000000 2172.203390
17408826.616373 0.000000 2184.406780
21967735.544394 0.000000 2196.610169
29093913.147009 0.000000 2208.813559
35601631.482804 0.000000 2221.016949
23489614.701194 0.000000 2233.220339
11437036.584017 0.000000 2245.423729
4606205.915792 0.000000 2257.627119
-1188985.177941 -0.000000 2269.830508
-3127473.194454 -0.000000 2282.033898
-2733136.565671 -0.000000 2294.237288
-1321538.179875 -0.000000 2306.440678
452462.804889 0.000000 2318.644068
2186992.824807 0.000000 2330.847458
3764090.004698 0.000000 2343.050847
5137377.025576 0.000000 2355.254237
6333875.246520 0.000000 2367.457627
7349457.554502 0.000000 2379.661017
8210408.540872 0.000000 2391.864407
8939273.478611 0.000000 2404.067797
9573081.169923 0.000000 2416.271186
10132461.242285 0.000000 2428.474576
10635236.060063 0.000000 2440.677966
11089669.293322 0.000000 2452.881356
11502848.663281 0.000000 2465.084746
11879036.665999 0.000000 2477.288136
12222202.231634 0.000000 2489.491525
12534134.220229 0.000000 2501.694915
12815832.564189 0.000000 2513.898305
13059813.593922 0.000000 2526.101695
13257364.464796 0.000000 2538.305085
13398880.148541 0.000000 2550.508475
13510544.727653 0.000000 2562.711864
13633593.874766 0.000000 2574.915254
13794942.698300 0.000000 2587.118644
13952901.736753 0.000000 2599.322034
14073055.290124 0.000000 2611.525424
14159577.456746 0.000000 2623.728814
14255503.423924 0.000000 2635.932203
14363886.071125 0.000000 2648.135593
14465285.527321 0.000000 2660.338983
14542608.551315 0.000000 2672.542373
14599906.608512 0.000000 2684.745763
14644980.095390 0.000000 2696.949153
14672114.935390 0.000000 2709.152542
14669980.677882 0.000000 2721.355932
14621804.882460 0.000000 2733.559322
14554801.610890 0.000000 2745.762712
14512067.588003 0.000000 2757.966102
14512451.646500 0.000000 2770.169492
14463111.744590 0.000000 2782.372881
14233716.407832 0.000000 2794.576271
13690657.591894 0.000000 2806.779661
12744313.718540 0.000000 2818.983051
11204229.771404 0.000000 2831.186441
8686928.567736 0.000000 2843.389831
4886995.104885 0.000000 2855.593220
957732.931344 0.000000 2867.796610
93489.133724 0.000000 2880.000000
7757360.882068 0.000000 2892.203390
23223492.756029 0.000000 2904.406780
30338439.607953 0.000000 2916.610169
30010621.917807 0.000000 2928.813559
30272510.206826 0.000000 2941.016949
30754018.726239 0.000000 2953.220339
30901123.245503 0.000000 2965.423729
30961636.670431 0.000000 2977.627119
30590110.065069 0.000000 2989.830508
30121341.819924 0.000000 3002.033898
30013984.884088 0.000000 3014.237288
29716837.431634 0.000000 3026.440678
29377098.497571 0.000000 3038.644068
29102783.149818 0.000000 3050.847458
28833679.492180 0.000000 3063.050847
28634934.174912 0.000000 3075.254237
28477849.775888 0.000000 3087.457627
28359255.177802 0.000000 3099.661017
28262319.684464 0.000000 3111.864407
28182706.488798 0.000000 3124.067797
28107045.150624 0.000000 3136.271186
28044090.272633 0.000000 3148.474576
28003598.320307 0.000000 3160.677966
28028538.879169 0.000000 3172.881356
28158905.883559 0.000000 3185.084746
28549188.424222 0.000000 3197.288136
28889738.912923 0.000000 3209.491525
28648262.049238 0.000000 3221.694915
29980777.498220 0.000000 3233.898305
33095133.279215 0.000000 3246.101695
34220795.085110 0.000000 3258.305085
32978472.173860 0.000000 3270.508475
30793925.746319 0.000000 3282.711864
29000221.277530 0.000000 3294.915254
28044766.622233 0.000000 3307.118644
20204204.889972 0.000000 3319.322034
-418355.607050 -0.000000 3331.525424
3856398.790907 0.000000 3343.728814
28246.026045 0.000000 3355.932203
49586.513869 0.000000 3368.135593
71470.469949 0.000000 3380.338983
92665.759198 0.000000 3392.542373
112750.961973 0.000000 3404.745763
131055.765134 0.000000 3416.949153
147295.076273 0.000000 3429.152542
161294.302416 0.000000 3441.355932
173091.828593 0.000000 3453.559322
182814.620852 0.000000 3465.762712
190681.476862 0.000000 3477.966102
196929.907133 0.000000 3490.169492
201815.040101 0.000000 3502.372881
205569.216553 0.000000 3514.576271
208409.938219 0.000000 3526.779661
210518.747859 0.000000 3538.983051
212053.422145 0.000000 3551.186441
213136.814308 0.000000 3563.389831
213868.053707 0.000000 3575.593220
214316.673724 0.000000 3587.796610
214529.779556 0.000000 3600.000000
