203380.671491 0.000000 0.000000
204102.489953 0.000000 12.203390
205548.739865 0.000000 24.406780
207719.897012 0.000000 36.610169
210623.959560 0.000000 48.813559
214261.640822 0.000000 61.016949
218646.363504 0.000000 73.220339
223779.261645 0.000000 85.423729
229679.059561 0.000000 97.627119
236347.417451 0.000000 109.830508
243808.236684 0.000000 122.033898
252063.822255 0.000000 134.237288
261143.027292 0.000000 146.440678
271048.919331 0.000000 158.644068
281814.899506 0.000000 170.847458
293444.866353 0.000000 183.050847
305976.074147 0.000000 195.254237
319413.174092 0.000000 207.457627
333796.096006 0.000000 219.661017
349129.823485 0.000000 231.864407
365454.991662 0.000000 244.067797
382775.788027 0.000000 256.271186
401130.251499 0.000000 268.474576
420519.253755 0.000000 280.677966
440972.658186 0.000000 292.881356
462482.839341 0.000000 305.084746
485061.930069 0.000000 317.288136
508683.606457 0.000000 329.491525
533325.596067 0.000000 341.694915
558923.280976 0.000000 353.898305
585390.342006 0.000000 366.101695
612586.682319 0.000000 378.305085
640308.364404 0.000000 390.508475
668269.913454 0.000000 402.711864
696052.139164 0.000000 414.915254
723094.614282 0.000000 427.118644
748586.820035 0.000000 439.322034
771461.942468 0.000000 451.525424
790217.881752 0.000000 463.728814
802910.876018 0.000000 475.932203
806925.765600 0.000000 488.135593
799044.583580 0.000000 500.338983
775354.272588 0.000000 512.542373
731763.595201 0.000000 524.745763
664663.564091 0.000000 536.949153
572626.899171 0.000000 549.152542
458227.334666 0.000000 561.355932
330093.767757 0.000000 573.559322
202980.147491 0.000000 585.762712
95475.081889 0.000000 597.966102
425306372.634092 0.000000 610.169492
-5094337.842849 -0.000000 622.372881
-11917506.571371 -0.000000 634.576271
-13610876.798575 -0.000000 646.779661
-13231418.304716 -0.000000 658.983051
-13016838.900778 -0.000000 671.186441
-12960370.640785 -0.000000 683.389831
-12975835.520129 -0.000000 695.593220
-12937564.935414 -0.000000 707.796610
-12802977.107513 -0.000000 720.000000
-12623993.758683 -0.000000 732.203390
-12576378.412824 -0.000000 744.406780
-12643864.621375 -0.000000 756.610169
-12671045.371669 -0.000000 768.813559
-12655729.822760 -0.000000 781.016949
-12632736.752419 -0.000000 793.220339
-12614574.597181 -0.000000 805.423729
-12575296.378235 -0.000000 817.627119
-12512364.459186 -0.000000 829.830508
-12422090.004158 -0.000000 842.033898
-12294228.599918 -0.000000 854.237288
-12131121.051990 -0.000000 866.440678
-11952559.943356 -0.000000 878.644068
-11774539.663763 -0.000000 890.847458
-11604872.515998 -0.000000 903.050847
-11441454.405164 -0.000000 915.254237
-11276684.108902 -0.000000 927.457627
-11109300.859004 -0.000000 939.661017
-10936775.111701 -0.000000 951.864407
-10761630.151553 -0.000000 964.067797
-10582002.495217 -0.000000 976.271186
-10401141.386291 -0.000000 988.474576
-10220430.839059 -0.000000 1000.677966
-10047792.409087 -0.000000 1012.881356
-9885643.994796 -0.000000 1025.084746
-9733988.262281 -0.000000 1037.288136
-9581838.664640 -0.000000 1049.491525
-9424985.342727 -0.000000 1061.694915
-9263256.770994 -0.000000 1073.898305
-9103792.056325 -0.000000 1086.101695
-8938451.877979 -0.000000 1098.305085
-8760401.608079 -0.000000 1110.508475
-8568884.031237 -0.000000 1122.711864
-8379934.235805 -0.000000 1134.915254
-8198860.208077 -0.000000 1147.118644
-8027915.216024 -0.000000 1159.322034
-7859961.946465 -0.000000 1171.525424
-7694692.153659 -0.000000 1183.728814
-7527977.120814 -0.000000 1195.932203
-7361738.071731 -0.000000 1208.135593
-7193468.508472 -0.000000 1220.338983
-7024926.254635 -0.000000 1232.542373
-6854324.343512 -0.000000 1244.745763
-6683298.826851 -0.000000 1256.949153
-6512907.660157 -0.000000 1269.152542
-6347071.549725 -0.000000 1281.355932
-6188032.603474 -0.000000 1293.559322
-6030502.067345 -0.000000 1305.762712
-5866290.605214 -0.000000 1317.966102
-5690825.322757 -0.000000 1330.169492
-5512489.354248 -0.000000 1342.372881
-5335853.054015 -0.000000 1354.576271
-5165088.876835 -0.000000 1366.779661
-4996240.982482 -0.000000 1378.983051
-4830083.214279 -0.000000 1391.186441
-4663058.363041 -0.000000 1403.389831
-4496616.627651 -0.000000 1415.593220
-4327746.423937 -0.000000 1427.796610
-4157173.758035 -0.000000 1440.000000
-3981733.614132 -0.000000 1452.203390
-3802341.063469 -0.000000 1464.406780
-3618803.975567 -0.000000 1476.610169
-3438103.467798 -0.000000 1488.813559
-3267305.858830 -0.000000 1501.016949
-3115856.198924 -0.000000 1513.220339
-2981402.467970 -0.000000 1525.423729
-2854065.493341 -0.000000 1537.627119
-2712589.883356 -0.000000 1549.830508
-2545761.468456 -0.000000 1562.033898
-2354801.248170 -0.000000 1574.237288
-2158646.217060 -0.000000 1586.440678
-1968541.094110 -0.000000 1598.644068
-1790807.287081 -0.000000 1610.847458
-1620736.149734 -0.000000 1623.050847
-1457116.656431 -0.000000 1635.254237
-1295308.571524 -0.000000 1647.457627
-1135820.409237 -0.000000 1659.661017
-976156.120260 -0.000000 1671.864407
-817334.562000 -0.000000 1684.067797
-657932.199620 -0.000000 1696.271186
-498579.641831 -0.000000 1708.474576
-339494.792662 -0.000000 1720.677966
-182249.261155 -0.000000 1732.881356
-29473.915693 -0.000000 1745.084746
121690.624294 0.000000 1757.288136
275997.443147 0.000000 1769.491525
441352.761969 0.000000 1781.694915
614927.668799 0.000000 1793.898305
798527.658618 0.000000 1806.101695
991077.155057 0.000000 1818.305085
1204779.277559 0.000000 1830.508475
1449379.954545 0.000000 1842.711864
1750285.851094 0.000000 1854.915254
2135160.954151 0.000000 1867.118644
2655044.383290 0.000000 1879.322034
3376220.015294 0.000000 1891.525424
4381281.169811 0.000000 1903.728814
5795928.412634 0.000000 1915.932203
7504813.290480 0.000000 1928.135593
9955983.105786 0.000000 1940.338983
12779136.989950 0.000000 1952.542373
13518845.495638 0.000000 1964.745763
13456040.164231 0.000000 1976.949153
13942907.859634 0.000000 1989.152542
9507794.040873 0.000000 2001.355932
-3778601.869313 -0.000000 2013.559322
-14665656.643970 -0.000000 2025.762712
-21758290.962388 -0.000000 2037.966102
-56637286.730509 -0.000000 2050.169492
-24869833.850469 -0.000000 2062.372881
-16696880.197888 -0.000000 2074.576271
-14177106.446052 -0.000000 2086.779661
-14526125.154121 -0.000000 2098.983051
-17020389.951625 -0.000000 2111.186441
-20026009.593581 -0.000000 2123.389831
-22628345.592379 -0.000000 2135.593220
-24744984.683688 -0.000000 2147.796610
-26306205.829701 -0.000000 2160.000000
-27389686.174911 -0.000000 2172.203390
-27846263.861700 -0.000000 2184.406780
-27699181.384702 -0.000000 2196.610169
-21840448.885119 -0.000000 2208.813559
-45575486.740755 -0.000000 2221.016949
-1198138047.192359 -0.000000 2233.220339
-4535810.508072 -0.000000 2245.423729
3525906.706507 0.000000 2257.627119
6021347.331438 0.000000 2269.830508
6660787.606362 0.000000 2282.033898
6101605.620524 0.000000 2294.237288
4209736.387876 0.000000 2306.440678
2094726.068099 0.000000 2318.644068
617519.566660 0.000000 2330.847458
102159.937066 0.000000 2343.050847
462929.651873 0.000000 2355.254237
1365065.091267 0.000000 2367.457627
2514468.440317 0.000000 2379.661017
3696006.590446 0.000000 2391.864407
4815645.529950 0.000000 2404.067797
5826520.797839 0.000000 2416.271186
6733881.013469 0.000000 2428.474576
7541476.549420 0.000000 2440.677966
8269219.526001 0.000000 2452.881356
8924672.102908 0.000000 2465.084746
9521009.342566 0.000000 2477.288136
10062115.583913 0.000000 2489.491525
10551161.471201 0.000000 2501.694915
10984457.844624 0.000000 2513.898305
11357937.191459 0.000000 2526.101695
11681757.720874 0.000000 2538.305085
11984141.428984 0.000000 2550.508475
12294488.983054 0.000000 2562.711864
12606285.685211 0.000000 2574.915254
12893254.308016 0.000000 2587.118644
13138590.335902 0.000000 2599.322034
13347011.019485 0.000000 2611.525424
13528332.763795 0.000000 2623.728814
13690204.424527 0.000000 2635.932203
13836489.059858 0.000000 2648.135593
13968714.218658 0.000000 2660.338983
14088626.911608 0.000000 2672.542373
14197213.276544 0.000000 2684.745763
14296726.029950 0.000000 2696.949153
14388745.560216 0.000000 2709.152542
14475314.218929 0.000000 2721.355932
14557072.976211 0.000000 2733.559322
14632052.055350 0.000000 2745.762712
14691819.660778 0.000000 2757.966102
14718926.788695 0.000000 2770.169492
14696444.646045 0.000000 2782.372881
14632710.196220 0.000000 2794.576271
14574556.705243 0.000000 2806.779661
14563954.594850 0.000000 2818.983051
14574931.884653 0.000000 2831.186441
14501693.138085 0.000000 2843.389831
14220779.449087 0.000000 2855.593220
13623219.209960 0.000000 2867.796610
12608843.999480 0.000000 2880.000000
10910373.506119 0.000000 2892.203390
8077083.395299 0.000000 2904.406780
3956270.975367 0.000000 2916.610169
646925.998584 0.000000 2928.813559
1681026.639949 0.000000 2941.016949
13793944.568308 0.000000 2953.220339
28155946.601677 0.000000 2965.423729
30018553.390597 0.000000 2977.627119
30090777.008683 0.000000 2989.830508
30797069.304513 0.000000 3002.033898
31161012.764691 0.000000 3014.237288
31363370.007280 0.000000 3026.440678
31378587.850123 0.000000 3038.644068
30829270.636107 0.000000 3050.847458
30513977.946554 0.000000 3063.050847
30308101.588743 0.000000 3075.254237
29915070.369354 0.000000 3087.457627
29594406.305174 0.000000 3099.661017
29307628.330932 0.000000 3111.864407
29097330.107474 0.000000 3124.067797
28951535.338182 0.000000 3136.271186
28851916.866312 0.000000 3148.474576
28763777.705024 0.000000 3160.677966
28692695.750019 0.000000 3172.881356
28617433.720847 0.000000 3185.084746
28560331.120176 0.000000 3197.288136
28519512.567881 0.000000 3209.491525
28524686.091969 0.000000 3221.694915
28608753.629171 0.000000 3233.898305
28838033.102551 0.000000 3246.101695
29230163.463979 0.000000 3258.305085
29254426.894501 0.000000 3270.508475
29614502.756683 0.000000 3282.711864
31431983.593520 0.000000 3294.915254
33679597.728403 0.000000 3307.118644
34016714.816759 0.000000 3319.322034
33051908.080695 0.000000 3331.525424
31331979.767505 0.000000 3343.728814
29587920.578358 0.000000 3355.932203
30712264.501769 0.000000 3368.135593
10568552.584208 0.000000 3380.338983
56579454.945583 0.000000 3392.542373
42964.355583 0.000000 3404.745763
73220.255934 0.000000 3416.949153
103098.551462 0.000000 3429.152542
131592.105569 0.000000 3441.355932
158103.823183 0.000000 3453.559322
182038.966654 0.000000 3465.762712
203097.580221 0.000000 3477.966102
221182.260540 0.000000 3490.169492
236377.813729 0.000000 3502.372881
248892.062953 0.000000 3514.576271
258999.375493 0.000000 3526.779661
266998.368634 0.000000 3538.983051
273178.154385 0.000000 3551.186441
277796.671994 0.000000 3563.389831
281068.825692 0.000000 3575.593220
283158.268992 0.000000 3587.796610
284175.391196 0.000000 3600.000000
