339662.073996 0.000000 0.000000
340641.282086 0.000000 12.203390
342599.287779 0.000000 24.406780
345540.184531 0.000000 36.610169
349462.706076 0.000000 48.813559
354373.830119 0.000000 61.016949
360270.768943 0.000000 73.220339
367161.392259 0.000000 85.423729
375039.681842 0.000000 97.627119
383910.511548 0.000000 109.830508
393761.257776 0.000000 122.033898
404586.945730 0.000000 134.237288
416361.678643 0.000000 146.440678
429058.618996 0.000000 158.644068
442625.638266 0.000000 170.847458
456992.746181 0.000000 183.050847
472056.670713 0.000000 195.254237
487666.017879 0.000000 207.457627
503618.906059 0.000000 219.661017
519613.238987 0.000000 231.864407
535259.428346 0.000000 244.067797
549980.234247 0.000000 256.271186
563037.353028 0.000000 268.474576
573366.235943 0.000000 280.677966
579618.450252 0.000000 292.881356
579940.413791 0.000000 305.084746
572080.352697 0.000000 317.288136
553231.981137 0.000000 329.491525
520437.279278 0.000000 341.694915
470874.477585 0.000000 353.898305
402980.908887 0.000000 366.101695
317566.858237 0.000000 378.305085
220029.489354 0.000000 390.508475
122625.935181 0.000000 402.711864
86237.666969 0.000000 414.915254
177919030.062401 0.000000 427.118644
-7934146.349677 -0.000000 439.322034
-14051617.109512 -0.000000 451.525424
-13319359.198410 -0.000000 463.728814
-12988694.056259 -0.000000 475.932203
-12872759.650899 -0.000000 488.135593
-12877961.701011 -0.000000 500.338983
-12907169.107240 -0.000000 512.542373
-12873616.245969 -0.000000 524.745763
-12780638.832738 -0.000000 536.949153
-12667964.090947 -0.000000 549.152542
-12627761.804051 -0.000000 561.355932
-12679851.988523 -0.000000 573.559322
-12758769.190275 -0.000000 585.762712
-12799697.499926 -0.000000 597.966102
-12811070.219685 -0.000000 610.169492
-12814946.432406 -0.000000 622.372881
-12808235.773202 -0.000000 634.576271
-12798779.380108 -0.000000 646.779661
-12795768.154974 -0.000000 658.983051
-12788890.416131 -0.000000 671.186441
-12790959.914797 -0.000000 683.389831
-12800877.347306 -0.000000 695.593220
-12799414.499207 -0.000000 707.796610
-12790853.593425 -0.000000 720.000000
-12787150.631715 -0.000000 732.203390
-12784871.131366 -0.000000 744.406780
-12782221.799598 -0.000000 756.610169
-12773925.162541 -0.000000 768.813559
-12753575.106211 -0.000000 781.016949
-12732212.881551 -0.000000 793.220339
-12714042.472058 -0.000000 805.423729
-12693189.470801 -0.000000 817.627119
-12671237.512395 -0.000000 829.830508
-12639686.957288 -0.000000 842.033898
-12573054.513481 -0.000000 854.237288
-12477617.899787 -0.000000 866.440678
-12409201.821961 -0.000000 878.644068
-12357171.529669 -0.000000 890.847458
-12289853.524952 -0.000000 903.050847
-12198245.004549 -0.000000 915.254237
-12086390.678330 -0.000000 927.457627
-11964552.499499 -0.000000 939.661017
-11844076.457643 -0.000000 951.864407
-11729081.437432 -0.000000 964.067797
-11617576.083625 -0.000000 976.271186
-11507667.860591 -0.000000 988.474576
-11396916.953821 -0.000000 1000.677966
-11286317.346607 -0.000000 1012.881356
-11174469.921718 -0.000000 1025.084746
-11062939.040861 -0.000000 1037.288136
-10950421.253608 -0.000000 1049.491525
-10838322.896894 -0.000000 1061.694915
-10725558.657117 -0.000000 1073.898305
-10613214.477962 -0.000000 1086.101695
-10500506.571451 -0.000000 1098.305085
-10388198.129274 -0.000000 1110.508475
-10275810.995561 -0.000000 1122.711864
-10163863.691246 -0.000000 1134.915254
-10052118.242279 -0.000000 1147.118644
-9940930.571335 -0.000000 1159.322034
-9830125.863122 -0.000000 1171.525424
-9719848.194542 -0.000000 1183.728814
-9609533.380778 -0.000000 1195.932203
-9498597.973084 -0.000000 1208.135593
-9385817.538131 -0.000000 1220.338983
-9266261.085213 -0.000000 1232.542373
-9126289.129094 -0.000000 1244.745763
-8962816.206799 -0.000000 1256.949153
-8819258.795402 -0.000000 1269.152542
-8732775.209919 -0.000000 1281.355932
-8667070.519395 -0.000000 1293.559322
-8579855.507859 -0.000000 1305.762712
-8475325.329669 -0.000000 1317.966102
-8367550.715908 -0.000000 1330.169492
-8260360.723400 -0.000000 1342.372881
-8152633.826490 -0.000000 1354.576271
-8042498.591314 -0.000000 1366.779661
-7929348.045242 -0.000000 1378.983051
-7813547.509644 -0.000000 1391.186441
-7696568.259221 -0.000000 1403.389831
-7579609.779502 -0.000000 1415.593220
-7463542.229559 -0.000000 1427.796610
-7348579.430555 -0.000000 1440.000000
-7234755.965539 -0.000000 1452.203390
-7121867.701407 -0.000000 1464.406780
-7009787.931856 -0.000000 1476.610169
-6898314.590295 -0.000000 1488.813559
-6787351.940964 -0.000000 1501.016949
-6676764.995809 -0.000000 1513.220339
-6566503.487405 -0.000000 1525.423729
-6456495.586539 -0.000000 1537.627119
-6346723.793938 -0.000000 1549.830508
-6237161.367312 -0.000000 1562.033898
-6127805.970897 -0.000000 1574.237288
-6018658.404519 -0.000000 1586.440678
-5909720.947921 -0.000000 1598.644068
-5801015.489082 -0.000000 1610.847458
-5692556.058454 -0.000000 1623.050847
-5584407.746398 -0.000000 1635.254237
-5476650.604641 -0.000000 1647.457627
-5369496.806313 -0.000000 1659.661017
-5263280.511283 -0.000000 1671.864407
-5158686.241644 -0.000000 1684.067797
-5056832.261580 -0.000000 1696.271186
-4959720.168573 -0.000000 1708.474576
-4870515.376427 -0.000000 1720.677966
-4794356.275907 -0.000000 1732.881356
-4738869.272592 -0.000000 1745.084746
-4715211.901420 -0.000000 1757.288136
-4738279.211857 -0.000000 1769.491525
-4826447.762331 -0.000000 1781.694915
-4999091.061193 -0.000000 1793.898305
-5270745.796415 -0.000000 1806.101695
-5646183.027276 -0.000000 1818.305085
-6114986.030067 -0.000000 1830.508475
-6674071.868201 -0.000000 1842.711864
-7271664.884804 -0.000000 1854.915254
-6051754.287995 -0.000000 1867.118644
595108.860042 0.000000 1879.322034
5597019.503133 0.000000 1891.525424
5311542.757113 0.000000 1903.728814
5086907.305841 0.000000 1915.932203
5282236.557730 0.000000 1928.135593
6057493.944392 0.000000 1940.338983
8906668.177711 0.000000 1952.542373
13205183.088904 0.000000 1964.745763
14071494.707225 0.000000 1976.949153
13457635.781149 0.000000 1989.152542
13287724.357174 0.000000 2001.355932
13617887.273331 0.000000 2013.559322
15419575.533895 0.000000 2025.762712
9939354.701643 0.000000 2037.966102
-6601321.980641 -0.000000 2050.169492
-13291540.337229 -0.000000 2062.372881
-33245613.658575 -0.000000 2074.576271
-151195024.986068 -0.000000 2086.779661
-20568894.078671 -0.000000 2098.983051
-14623740.351915 -0.000000 2111.186441
-14236317.293724 -0.000000 2123.389831
-15648915.794879 -0.000000 2135.593220
-17259860.444443 -0.000000 2147.796610
-18445689.836884 -0.000000 2160.000000
-19301409.349012 -0.000000 2172.203390
-19805071.347785 -0.000000 2184.406780
-19783528.146175 -0.000000 2196.610169
-19286775.340850 -0.000000 2208.813559
-13713980.324848 -0.000000 2221.016949
-6142589123.875677 -0.000000 2233.220339
-5136463.192687 -0.000000 2245.423729
11646914.952575 0.000000 2257.627119
38471172.684849 0.000000 2269.830508
18673464.995234 0.000000 2282.033898
18846216.019659 0.000000 2294.237288
23040167.204182 0.000000 2306.440678
20849361.142331 0.000000 2318.644068
14453919.720195 0.000000 2330.847458
8696746.952098 0.000000 2343.050847
2867064.718421 0.000000 2355.254237
1124502.013662 0.000000 2367.457627
1556269.303826 0.000000 2379.661017
2971391.503595 0.000000 2391.864407
4617324.943912 0.000000 2404.067797
6128447.920286 0.000000 2416.271186
7400231.151077 0.000000 2428.474576
8453277.437145 0.000000 2440.677966
9332905.436816 0.000000 2452.881356
10062875.725502 0.000000 2465.084746
10663456.888399 0.000000 2477.288136
11162159.981767 0.000000 2489.491525
11588398.057741 0.000000 2501.694915
11962677.485868 0.000000 2513.898305
12297683.942084 0.000000 2526.101695
12600485.771035 0.000000 2538.305085
12875121.867416 0.000000 2550.508475
13125335.014239 0.000000 2562.711864
13352283.013908 0.000000 2574.915254
13559474.904235 0.000000 2587.118644
13746700.499492 0.000000 2599.322034
13918184.812535 0.000000 2611.525424
14073102.007113 0.000000 2623.728814
14216417.119473 0.000000 2635.932203
14346937.120808 0.000000 2648.135593
14468513.557117 0.000000 2660.338983
14576325.241259 0.000000 2672.542373
14665252.766889 0.000000 2684.745763
14724691.516163 0.000000 2696.949153
14755717.652982 0.000000 2709.152542
14778864.341606 0.000000 2721.355932
14814609.622332 0.000000 2733.559322
14868994.791015 0.000000 2745.762712
14922989.345345 0.000000 2757.966102
14961666.662114 0.000000 2770.169492
14963586.018712 0.000000 2782.372881
14947772.561617 0.000000 2794.576271
14948787.965099 0.000000 2806.779661
15009830.246812 0.000000 2818.983051
15106065.133578 0.000000 2831.186441
15168642.039248 0.000000 2843.389831
15124884.375608 0.000000 2855.593220
14931076.177276 0.000000 2867.796610
14539072.902901 0.000000 2880.000000
13885860.419338 0.000000 2892.203390
12878629.331545 0.000000 2904.406780
11219479.565017 0.000000 2916.610169
8326010.373028 0.000000 2928.813559
4055913.027227 0.000000 2941.016949
885963.791007 0.000000 2953.220339
4029033.489787 0.000000 2965.423729
17559254.559709 0.000000 2977.627119
29773066.863875 0.000000 2989.830508
30355692.406624 0.000000 3002.033898
30339538.410115 0.000000 3014.237288
31015110.176684 0.000000 3026.440678
31280126.384730 0.000000 3038.644068
31344607.527623 0.000000 3050.847458
31200147.445737 0.000000 3063.050847
30598410.303831 0.000000 3075.254237
30302434.645227 0.000000 3087.457627
30096906.316916 0.000000 3099.661017
29737934.376519 0.000000 3111.864407
29463484.761152 0.000000 3124.067797
29214389.842629 0.000000 3136.271186
29017413.359980 0.000000 3148.474576
28869544.701297 0.000000 3160.677966
28746825.809820 0.000000 3172.881356
28635183.542398 0.000000 3185.084746
28531556.872387 0.000000 3197.288136
28431435.612348 0.000000 3209.491525
28340873.836048 0.000000 3221.694915
28273130.147363 0.000000 3233.898305
28250421.128347 0.000000 3246.101695
28315404.341077 0.000000 3258.305085
28572709.684475 0.000000 3270.508475
29030386.500131 0.000000 3282.711864
28969185.517013 0.000000 3294.915254
29301217.192612 0.000000 3307.118644
32050339.383035 0.000000 3319.322034
34420187.202739 0.000000 3331.525424
34107196.075474 0.000000 3343.728814
32419198.893076 0.000000 3355.932203
30786138.934818 0.000000 3368.135593
27447066.431849 0.000000 3380.338983
28169133.825952 0.000000 3392.542373
6415060.243070 0.000000 3404.745763
30332309.188976 0.000000 3416.949153
53294.738009 0.000000 3429.152542
89834.168071 0.000000 3441.355932
125243.175092 0.000000 3453.559322
158484.210759 0.000000 3465.762712
189098.315261 0.000000 3477.966102
216452.430476 0.000000 3490.169492
240335.687972 0.000000 3502.372881
260657.475922 0.000000 3514.576271
277564.052586 0.000000 3526.779661
291277.998765 0.000000 3538.983051
302103.317712 0.000000 3551.186441
310333.529567 0.000000 3563.389831
316246.416416 0.000000 3575.593220
320058.788919 0.000000 3587.796610
321926.243460 0.000000 3600.000000
