68709.004009 0.000000 0.000000
68995.361279 0.000000 12.203390
69568.498903 0.000000 24.406780
70430.211837 0.000000 36.610169
71581.975253 0.000000 48.813559
73027.058090 0.000000 61.016949
74768.058842 0.000000 73.220339
76809.908356 0.000000 85.423729
79156.230619 0.000000 97.627119
81813.691298 0.000000 109.830508
84786.907395 0.000000 122.033898
88084.363498 0.000000 134.237288
91711.634063 0.000000 146.440678
95679.125130 0.000000 158.644068
99993.322026 0.000000 170.847458
104666.674515 0.000000 183.050847
109706.518789 0.000000 195.254237
115127.486718 0.000000 207.457627
120937.687113 0.000000 219.661017
127154.079970 0.000000 231.864407
133785.442380 0.000000 244.067797
140851.203600 0.000000 256.271186
148360.663569 0.000000 268.474576
156335.828940 0.000000 280.677966
164786.311771 0.000000 292.881356
173736.724372 0.000000 305.084746
183196.665945 0.000000 317.288136
193193.220746 0.000000 329.491525
203735.453184 0.000000 341.694915
214852.477361 0.000000 353.898305
226551.946982 0.000000 366.101695
238864.006101 0.000000 378.305085
251793.377824 0.000000 390.508475
265369.235624 0.000000 402.711864
279590.676146 0.000000 414.915254
294482.109157 0.000000 427.118644
310032.138305 0.000000 439.322034
326253.405479 0.000000 451.525424
343115.112239 0.000000 463.728814
360605.293148 0.000000 475.932203
378657.283700 0.000000 488.135593
397210.964323 0.000000 500.338983
416133.153676 0.000000 512.542373
435272.281791 0.000000 524.745763
454371.523804 0.000000 536.949153
473108.424233 0.000000 549.152542
490997.404338 0.000000 561.355932
507402.719063 0.000000 573.559322
521425.766869 0.000000 585.762712
531882.532759 0.000000 597.966102
537184.735992 0.000000 610.169492
535311.852191 0.000000 622.372881
523781.606672 0.000000 634.576271
499815.214428 0.000000 646.779661
460753.184135 0.000000 658.983051
404900.194960 0.000000 671.186441
332797.833747 0.000000 683.389831
248593.977019 0.000000 695.593220
160792.138221 0.000000 707.796610
81328.389160 0.000000 720.000000
87890518.525990 0.000000 732.203390
-2747762.341104 -0.000000 744.406780
-11093595.484717 -0.000000 756.610169
-13749623.997172 -0.000000 768.813559
-13126365.353240 -0.000000 781.016949
-12932341.845800 -0.000000 793.220339
-12866108.372120 -0.000000 805.423729
-12875645.806252 -0.000000 817.627119
-12884017.441109 -0.000000 829.830508
-12833545.435659 -0.000000 842.033898
-12713495.187103 -0.000000 854.237288
-12604526.092526 -0.000000 866.440678
-12600218.946074 -0.000000 878.644068
-12681148.141087 -0.000000 890.847458
-12754942.753236 -0.000000 903.050847
-12781668.869106 -0.000000 915.254237
-12789677.263046 -0.000000 927.457627
-12793166.716837 -0.000000 939.661017
-12785150.703508 -0.000000 951.864407
-12778154.034952 -0.000000 964.067797
-12776327.124042 -0.000000 976.271186
-12766129.701745 -0.000000 988.474576
-12757657.001201 -0.000000 1000.677966
-12758765.723765 -0.000000 1012.881356
-12762279.858838 -0.000000 1025.084746
-12767579.413967 -0.000000 1037.288136
-12772224.422284 -0.000000 1049.491525
-12770902.787882 -0.000000 1061.694915
-12763376.311498 -0.000000 1073.898305
-12754280.041704 -0.000000 1086.101695
-12738692.709933 -0.000000 1098.305085
-12712164.232175 -0.000000 1110.508475
-12685254.202038 -0.000000 1122.711864
-12658630.250184 -0.000000 1134.915254
-12634020.044315 -0.000000 1147.118644
-12594371.469177 -0.000000 1159.322034
-12517467.305306 -0.000000 1171.525424
-12441023.173065 -0.000000 1183.728814
-12398846.159854 -0.000000 1195.932203
-12352542.622927 -0.000000 1208.135593
-12273449.929955 -0.000000 1220.338983
-12171285.758881 -0.000000 1232.542373
-12060963.496927 -0.000000 1244.745763
-11947746.483129 -0.000000 1256.949153
-11833186.878082 -0.000000 1269.152542
-11717291.410047 -0.000000 1281.355932
-11601069.101871 -0.000000 1293.559322
-11484027.882578 -0.000000 1305.762712
-11367793.876498 -0.000000 1317.966102
-11252372.255584 -0.000000 1330.169492
-11140759.305094 -0.000000 1342.372881
-11033535.310441 -0.000000 1354.576271
-10934583.424001 -0.000000 1366.779661
-10841198.643327 -0.000000 1378.983051
-10750180.597155 -0.000000 1391.186441
-10650101.057318 -0.000000 1403.389831
-10537984.357898 -0.000000 1415.593220
-10413460.683857 -0.000000 1427.796610
-10287684.536318 -0.000000 1440.000000
-10166054.562204 -0.000000 1452.203390
-10050605.361728 -0.000000 1464.406780
-9932620.776794 -0.000000 1476.610169
-9811309.537537 -0.000000 1488.813559
-9695991.307349 -0.000000 1501.016949
-9596619.773044 -0.000000 1513.220339
-9511035.290607 -0.000000 1525.423729
-9424737.957406 -0.000000 1537.627119
-9316877.191109 -0.000000 1549.830508
-9158977.355420 -0.000000 1562.033898
-8960290.117106 -0.000000 1574.237288
-8813850.512616 -0.000000 1586.440678
-8760899.088531 -0.000000 1598.644068
-8719036.273711 -0.000000 1610.847458
-8631681.186418 -0.000000 1623.050847
-8522050.956712 -0.000000 1635.254237
-8412198.562144 -0.000000 1647.457627
-8309583.810075 -0.000000 1659.661017
-8207455.384420 -0.000000 1671.864407
-8105521.147474 -0.000000 1684.067797
-7998390.222250 -0.000000 1696.271186
-7886671.906888 -0.000000 1708.474576
-7765114.860347 -0.000000 1720.677966
-7632396.882981 -0.000000 1732.881356
-7481834.076651 -0.000000 1745.084746
-7308224.691377 -0.000000 1757.288136
-7098981.437972 -0.000000 1769.491525
-6837287.517130 -0.000000 1781.694915
-6493786.646211 -0.000000 1793.898305
-6027259.160272 -0.000000 1806.101695
-5374771.252663 -0.000000 1818.305085
-4451579.769958 -0.000000 1830.508475
-3139027.427357 -0.000000 1842.711864
-1301164.318998 -0.000000 1854.915254
1232980.290226 0.000000 1867.118644
4464577.181130 0.000000 1879.322034
8730757.986654 0.000000 1891.525424
12467825.405868 0.000000 1903.728814
13451197.482337 0.000000 1915.932203
14085481.153839 0.000000 1928.135593
12105359.478272 0.000000 1940.338983
-3918769.606559 -0.000000 1952.542373
-17489267.313291 -0.000000 1964.745763
-15895127.522350 -0.000000 1976.949153
-47407565.328157 -0.000000 1989.152542
-27518562.648724 -0.000000 2001.355932
-17168411.867169 -0.000000 2013.559322
-14188682.047297 -0.000000 2025.762712
-12979777.473147 -0.000000 2037.966102
-13221760.620395 -0.000000 2050.169492
-15039320.940411 -0.000000 2062.372881
-17825538.533582 -0.000000 2074.576271
-21997330.588218 -0.000000 2086.779661
-28436064.018045 -0.000000 2098.983051
-23566916.334569 -0.000000 2111.186441
-83964633.968190 -0.000000 2123.389831
-559368834.325788 -0.000000 2135.593220
-4398359.510708 -0.000000 2147.796610
-590147.755222 -0.000000 2160.000000
3989646.194418 0.000000 2172.203390
-4134269.317470 -0.000000 2184.406780
-6448126404.642000 -0.000000 2196.610169
-14180865.065911 -0.000000 2208.813559
-195924221.181162 -0.000000 2221.016949
-104724543.434340 -0.000000 2233.220339
8620992.180078 0.000000 2245.423729
8991612.611893 0.000000 2257.627119
7689968.147227 0.000000 2269.830508
6578784.142509 0.000000 2282.033898
4256144.174357 0.000000 2294.237288
1701269.486006 0.000000 2306.440678
21096.815270 0.000000 2318.644068
-421093.959489 -0.000000 2330.847458
87878.688511 0.000000 2343.050847
1135768.865312 0.000000 2355.254237
2374623.263244 0.000000 2367.457627
3616592.334773 0.000000 2379.661017
4783897.931196 0.000000 2391.864407
5855118.094141 0.000000 2404.067797
6802636.636804 0.000000 2416.271186
7611320.819712 0.000000 2428.474576
8287856.787388 0.000000 2440.677966
8858693.184208 0.000000 2452.881356
9348334.243770 0.000000 2465.084746
9776029.059919 0.000000 2477.288136
10153295.565831 0.000000 2489.491525
10488868.229369 0.000000 2501.694915
10788377.687140 0.000000 2513.898305
11057310.092179 0.000000 2526.101695
11298790.261055 0.000000 2538.305085
11516202.819591 0.000000 2550.508475
11707382.233906 0.000000 2562.711864
11868792.329592 0.000000 2574.915254
11993138.317415 0.000000 2587.118644
12090050.900164 0.000000 2599.322034
12185267.095238 0.000000 2611.525424
12308085.259099 0.000000 2623.728814
12450379.431876 0.000000 2635.932203
12584886.990831 0.000000 2648.135593
12692732.355175 0.000000 2660.338983
12777764.814100 0.000000 2672.542373
12848955.505339 0.000000 2684.745763
12913096.152700 0.000000 2696.949153
12974448.106489 0.000000 2709.152542
13032332.090646 0.000000 2721.355932
13087699.911584 0.000000 2733.559322
13129970.852467 0.000000 2745.762712
13150804.968088 0.000000 2757.966102
13135724.169228 0.000000 2770.169492
13106649.671754 0.000000 2782.372881
13091484.713461 0.000000 2794.576271
13099900.421650 0.000000 2806.779661
13045822.091204 0.000000 2818.983051
12809459.109377 0.000000 2831.186441
12268672.135856 0.000000 2843.389831
11371019.437414 0.000000 2855.593220
10071919.248765 0.000000 2867.796610
8195012.479142 0.000000 2880.000000
5450856.093429 0.000000 2892.203390
2082907.021514 0.000000 2904.406780
297040.146182 0.000000 2916.610169
4484666.832514 0.000000 2928.813559
17737509.837840 0.000000 2941.016949
29322928.032670 0.000000 2953.220339
30205411.022407 0.000000 2965.423729
30229276.052487 0.000000 2977.627119
30769608.454671 0.000000 2989.830508
30984431.120391 0.000000 3002.033898
31092522.198455 0.000000 3014.237288
30837056.181542 0.000000 3026.440678
30328361.188547 0.000000 3038.644068
30141941.149968 0.000000 3050.847458
29837654.181201 0.000000 3063.050847
29467641.602099 0.000000 3075.254237
29164356.121678 0.000000 3087.457627
28869409.557489 0.000000 3099.661017
28659620.658952 0.000000 3111.864407
28502307.353837 0.000000 3124.067797
28382943.573621 0.000000 3136.271186
28277361.395578 0.000000 3148.474576
28178504.310721 0.000000 3160.677966
28080654.894961 0.000000 3172.881356
28000481.752025 0.000000 3185.084746
27952701.000516 0.000000 3197.288136
27956683.477560 0.000000 3209.491525
28045381.228184 0.000000 3221.694915
28331922.555992 0.000000 3233.898305
28800623.228063 0.000000 3246.101695
28740634.654003 0.000000 3258.305085
29236251.678851 0.000000 3270.508475
31990529.417357 0.000000 3282.711864
34100778.691417 0.000000 3294.915254
33698341.228348 0.000000 3307.118644
32040954.539589 0.000000 3319.322034
30399590.061425 0.000000 3331.525424
26991127.083742 0.000000 3343.728814
27523249.215037 0.000000 3355.932203
5758986.254837 0.000000 3368.135593
9335042.394769 0.000000 3380.338983
20488.357637 0.000000 3392.542373
35776.229732 0.000000 3404.745763
50912.869692 0.000000 3416.949153
65253.425127 0.000000 3429.152542
78660.137205 0.000000 3441.355932
90743.109187 0.000000 3453.559322
101404.009877 0.000000 3465.762712
110558.568629 0.000000 3477.966102
118272.854262 0.000000 3490.169492
124637.677963 0.000000 3502.372881
129805.899054 0.000000 3514.576271
133924.208367 0.000000 3526.779661
137150.955806 0.000000 3538.983051
139619.429929 0.000000 3551.186441
141452.161520 0.000000 3563.389831
142741.916948 0.000000 3575.593220
143562.831532 0.000000 3587.796610
143961.000411 0.000000 3600.000000
