2089906.660429 0.000000 0.000000
2082662.255375 0.000000 12.203390
2066985.010277 0.000000 24.406780
2040387.528797 0.000000 36.610169
1999046.267965 0.000000 48.813559
1937590.545014 0.000000 61.016949
1849321.006852 0.000000 73.220339
1726477.614867 0.000000 85.423729
1561621.463158 0.000000 97.627119
1349513.476474 0.000000 109.830508
1090363.051707 0.000000 122.033898
792402.863347 0.000000 134.237288
473049.057117 0.000000 146.440678
925350190.047358 0.000000 158.644068
-1175514.380208 -0.000000 170.847458
-6561977.817258 -0.000000 183.050847
-11600940.826618 -0.000000 195.254237
-13572412.569674 -0.000000 207.457627
-13338791.218350 -0.000000 219.661017
-13117947.291855 -0.000000 231.864407
-13095851.841564 -0.000000 244.067797
-13029694.410536 -0.000000 256.271186
-12634811.439185 -0.000000 268.474576
-12183919.354784 -0.000000 280.677966
-11987635.420736 -0.000000 292.881356
-11761564.655260 -0.000000 305.084746
-11520729.360025 -0.000000 317.288136
-11336043.304217 -0.000000 329.491525
-11167517.946839 -0.000000 341.694915
-11013420.496038 -0.000000 353.898305
-10859204.275406 -0.000000 366.101695
-10706962.558214 -0.000000 378.305085
-10551450.613688 -0.000000 390.508475
-10396590.498434 -0.000000 402.711864
-10239547.554308 -0.000000 414.915254
-10083490.521312 -0.000000 427.118644
-9926310.413919 -0.000000 439.322034
-9770080.193321 -0.000000 451.525424
-9613235.927831 -0.000000 463.728814
-9457015.137492 -0.000000 475.932203
-9300375.221585 -0.000000 488.135593
-9144004.426254 -0.000000 500.338983
-8987291.523018 -0.000000 512.542373
-8830580.171373 -0.000000 524.745763
-8673567.475647 -0.000000 536.949153
-8516380.075294 -0.000000 549.152542
-8358908.508030 -0.000000 561.355932
-8201132.029911 -0.000000 573.559322
-8043041.303124 -0.000000 585.762712
-7884497.090199 -0.000000 597.966102
-7725519.341718 -0.000000 610.169492
-7565860.008915 -0.000000 622.372881
-7405528.872314 -0.000000 634.576271
-7244193.699118 -0.000000 646.779661
-7081881.448932 -0.000000 658.983051
-6918315.111661 -0.000000 671.186441
-6753836.250513 -0.000000 683.389831
-6588821.631246 -0.000000 695.593220
-6424724.590123 -0.000000 707.796610
-6263068.072290 -0.000000 720.000000
-6105553.477468 -0.000000 732.203390
-5951955.544125 -0.000000 744.406780
-5800340.641795 -0.000000 756.610169
-5646989.447254 -0.000000 768.813559
-5489269.470094 -0.000000 781.016949
-5326285.908074 -0.000000 793.220339
-5159622.225988 -0.000000 805.423729
-4991232.996058 -0.000000 817.627119
-4823047.112178 -0.000000 829.830508
-4655780.626591 -0.000000 842.033898
-4489823.694579 -0.000000 854.237288
-4324893.181203 -0.000000 866.440678
-4160901.942283 -0.000000 878.644068
-3997484.007515 -0.000000 890.847458
-3834565.267336 -0.000000 903.050847
-3671879.703672 -0.000000 915.254237
-3509407.313301 -0.000000 927.457627
-3346975.837589 -0.000000 939.661017
-3184602.750418 -0.000000 951.864407
-3022185.547345 -0.000000 964.067797
-2859757.558300 -0.000000 976.271186
-2697261.610384 -0.000000 988.474576
-2534730.485911 -0.000000 1000.677966
-2372135.220539 -0.000000 1012.881356
-2209499.718090 -0.000000 1025.084746
-2046813.220870 -0.000000 1037.288136
-1884088.035601 -0.000000 1049.491525
-1721326.093784 -0.000000 1061.694915
-1558528.207814 -0.000000 1073.898305
-1395705.903318 -0.000000 1086.101695
-1232849.726336 -0.000000 1098.305085
-1069978.923325 -0.000000 1110.508475
-907075.239059 -0.000000 1122.711864
-744164.405367 -0.000000 1134.915254
-581220.703136 -0.000000 1147.118644
-418275.487589 -0.000000 1159.322034
-255296.685263 -0.000000 1171.525424
-92320.625362 -0.000000 1183.728814
70690.243064 0.000000 1195.932203
233695.087349 0.000000 1208.135593
396736.255707 0.000000 1220.338983
559768.750522 0.000000 1232.542373
722839.185193 0.000000 1244.745763
885898.646257 0.000000 1256.949153
1048997.586806 0.000000 1269.152542
1212083.319524 0.000000 1281.355932
1375209.789853 0.000000 1293.559322
1538320.634063 0.000000 1305.762712
1701472.978053 0.000000 1317.966102
1864606.796019 0.000000 1330.169492
2027782.121309 0.000000 1342.372881
2190935.223905 0.000000 1354.576271
2354128.776727 0.000000 1366.779661
2517295.241717 0.000000 1378.983051
2680499.653948 0.000000 1391.186441
2843670.506837 0.000000 1403.389831
3006874.914502 0.000000 1415.593220
3170037.157696 0.000000 1427.796610
3333226.116580 0.000000 1440.000000
3496361.544311 0.000000 1452.203390
3659513.736593 0.000000 1464.406780
3822597.513662 0.000000 1476.610169
3985684.206383 0.000000 1488.813559
4148683.173793 0.000000 1501.016949
4311666.350832 0.000000 1513.220339
4474536.986434 0.000000 1525.423729
4637367.141272 0.000000 1537.627119
4800053.142913 0.000000 1549.830508
4962666.662456 0.000000 1562.033898
5125096.108662 0.000000 1574.237288
5287412.205851 0.000000 1586.440678
5449494.242288 0.000000 1598.644068
5611411.418692 0.000000 1610.847458
5773032.471873 0.000000 1623.050847
5934424.526707 0.000000 1635.254237
6095444.159383 0.000000 1647.457627
6256155.912185 0.000000 1659.661017
6416402.572375 0.000000 1671.864407
6576245.723026 0.000000 1684.067797
6735513.129915 0.000000 1696.271186
6894263.172905 0.000000 1708.474576
7052308.774480 0.000000 1720.677966
7209704.864891 0.000000 1732.881356
7366253.176130 0.000000 1745.084746
7522004.387238 0.000000 1757.288136
7676760.243735 0.000000 1769.491525
7830564.288820 0.000000 1781.694915
7983244.500174 0.000000 1793.898305
8134829.413738 0.000000 1806.101695
8285227.735233 0.000000 1818.305085
8434437.080978 0.000000 1830.508475
8582553.554432 0.000000 1842.711864
8729526.552468 0.000000 1854.915254
8875847.046421 0.000000 1867.118644
9021452.406628 0.000000 1879.322034
9167658.179478 0.000000 1891.525424
9314702.608987 0.000000 1903.728814
9465734.169114 0.000000 1915.932203
9622576.203010 0.000000 1928.135593
9792844.599966 0.000000 1940.338983
9983669.195964 0.000000 1952.542373
10213248.968914 0.000000 1964.745763
10497991.481430 0.000000 1976.949153
10871032.269422 0.000000 1989.152542
11316587.922762 0.000000 2001.355932
11728686.637691 0.000000 2013.559322
12336584.746497 0.000000 2025.762712
12932379.561808 0.000000 2037.966102
13067250.854152 0.000000 2050.169492
13214158.520169 0.000000 2062.372881
13232842.401305 0.000000 2074.576271
10870860.980564 0.000000 2086.779661
5224007.653550 0.000000 2098.983051
-3715185.946506 -0.000000 2111.186441
-14091581.966214 -0.000000 2123.389831
-33852190.601906 -0.000000 2135.593220
-82859877.148140 -0.000000 2147.796610
-22334095.276006 -0.000000 2160.000000
-15481606.250778 -0.000000 2172.203390
-15787051.313668 -0.000000 2184.406780
-19171369.522995 -0.000000 2196.610169
-23347594.474312 -0.000000 2208.813559
-27469977.040569 -0.000000 2221.016949
-31099539.863225 -0.000000 2233.220339
-30079903.682590 -0.000000 2245.423729
-25930835.479277 -0.000000 2257.627119
-22919842.005987 -0.000000 2269.830508
-20189286.950230 -0.000000 2282.033898
-17675015.266905 -0.000000 2294.237288
-16697954.881375 -0.000000 2306.440678
-16837535.905685 -0.000000 2318.644068
-17305583.669021 -0.000000 2330.847458
-17037362.936657 -0.000000 2343.050847
-17386137.213565 -0.000000 2355.254237
-19645864.970225 -0.000000 2367.457627
-24830950.068866 -0.000000 2379.661017
-28720503.898759 -0.000000 2391.864407
-12907699.156736 -0.000000 2404.067797
-9738643.747164 -0.000000 2416.271186
-7863147.714548 -0.000000 2428.474576
-4618608.849936 -0.000000 2440.677966
-1457202.213620 -0.000000 2452.881356
1289374.038078 0.000000 2465.084746
3592505.566315 0.000000 2477.288136
5510770.341094 0.000000 2489.491525
7130435.068869 0.000000 2501.694915
8517011.885855 0.000000 2513.898305
9727834.111164 0.000000 2526.101695
10793251.327814 0.000000 2538.305085
11739025.866014 0.000000 2550.508475
12574538.488102 0.000000 2562.711864
13310312.358386 0.000000 2574.915254
13948057.497438 0.000000 2587.118644
14494963.108995 0.000000 2599.322034
14933473.896711 0.000000 2611.525424
15233094.973910 0.000000 2623.728814
15431238.662034 0.000000 2635.932203
15549218.874966 0.000000 2648.135593
15601784.136072 0.000000 2660.338983
15615774.576089 0.000000 2672.542373
15613158.256985 0.000000 2684.745763
15611665.241278 0.000000 2696.949153
15610942.659335 0.000000 2709.152542
15592317.158577 0.000000 2721.355932
15531255.603602 0.000000 2733.559322
15485559.215441 0.000000 2745.762712
15518423.138304 0.000000 2757.966102
15591905.177682 0.000000 2770.169492
15623058.675727 0.000000 2782.372881
15593893.060299 0.000000 2794.576271
15521957.286897 0.000000 2806.779661
15433772.911485 0.000000 2818.983051
15397249.008752 0.000000 2831.186441
15508750.429822 0.000000 2843.389831
15707278.726531 0.000000 2855.593220
15837207.236159 0.000000 2867.796610
15861714.296459 0.000000 2880.000000
15826759.403404 0.000000 2892.203390
15790270.117727 0.000000 2904.406780
15773888.282392 0.000000 2916.610169
15712770.889968 0.000000 2928.813559
15637080.740084 0.000000 2941.016949
15927187.230797 0.000000 2953.220339
16756529.030272 0.000000 2965.423729
17821159.975380 0.000000 2977.627119
15770826.098230 0.000000 2989.830508
8794584.798566 0.000000 3002.033898
2020712.967415 0.000000 3014.237288
-1615438.094068 -0.000000 3026.440678
5714629.069868 0.000000 3038.644068
24953229.655132 0.000000 3050.847458
31286257.042466 0.000000 3063.050847
30363752.962856 0.000000 3075.254237
30656185.930775 0.000000 3087.457627
31572959.999667 0.000000 3099.661017
32215494.130059 0.000000 3111.864407
32191107.949715 0.000000 3124.067797
31862043.493964 0.000000 3136.271186
31273849.948744 0.000000 3148.474576
31004390.882661 0.000000 3160.677966
30875045.437724 0.000000 3172.881356
30526793.518611 0.000000 3185.084746
30244614.487456 0.000000 3197.288136
30000451.651590 0.000000 3209.491525
29805247.255782 0.000000 3221.694915
29661647.633933 0.000000 3233.898305
29540771.452980 0.000000 3246.101695
29429225.567427 0.000000 3258.305085
29315848.784716 0.000000 3270.508475
29201364.810611 0.000000 3282.711864
29086068.899077 0.000000 3294.915254
28984824.179070 0.000000 3307.118644
28922219.732567 0.000000 3319.322034
28929574.202171 0.000000 3331.525424
29124087.507755 0.000000 3343.728814
29477725.937699 0.000000 3355.932203
29286326.320011 0.000000 3368.135593
29668507.688899 0.000000 3380.338983
32785795.972829 0.000000 3392.542373
35156367.988048 0.000000 3404.745763
35148893.509210 0.000000 3416.949153
33368682.111486 0.000000 3429.152542
32535370.857401 0.000000 3441.355932
30828089.000938 0.000000 3453.559322
27889604.961500 0.000000 3465.762712
2989232.896549 0.000000 3477.966102
105730131.357575 0.000000 3490.169492
224308.288646 0.000000 3502.372881
358147.218443 0.000000 3514.576271
477959.866581 0.000000 3526.779661
581654.927230 0.000000 3538.983051
668944.251953 0.000000 3551.186441
739024.634882 0.000000 3563.389831
791644.346667 0.000000 3575.593220
826686.466432 0.000000 3587.796610
844185.669668 0.000000 3600.000000
