17405.437943 0.000000 0.000000
17492.059557 0.000000 12.203390
17665.342240 0.000000 24.406780
17926.445258 0.000000 36.610169
18275.653166 0.000000 48.813559
18715.021060 0.000000 61.016949
19245.140247 0.000000 73.220339
19869.098042 0.000000 85.423729
20587.722566 0.000000 97.627119
21405.170903 0.000000 109.830508
22322.494036 0.000000 122.033898
23344.958713 0.000000 134.237288
24473.827310 0.000000 146.440678
25715.524517 0.000000 158.644068
27071.509502 0.000000 170.847458
28549.424334 0.000000 183.050847
30150.907554 0.000000 195.254237
31884.889163 0.000000 207.457627
33753.166283 0.000000 219.661017
35766.038551 0.000000 231.864407
37925.436794 0.000000 244.067797
40243.124280 0.000000 256.271186
42721.136075 0.000000 268.474576
45372.804730 0.000000 280.677966
48200.236107 0.000000 292.881356
51218.449686 0.000000 305.084746
54429.582623 0.000000 317.288136
57850.471591 0.000000 329.491525
61483.241662 0.000000 341.694915
65346.687566 0.000000 353.898305
69442.875814 0.000000 366.101695
73792.711091 0.000000 378.305085
78398.151413 0.000000 390.508475
83282.372834 0.000000 402.711864
88447.176187 0.000000 414.915254
93918.174011 0.000000 427.118644
99696.965377 0.000000 439.322034
105811.766774 0.000000 451.525424
112263.936184 0.000000 463.728814
119084.452368 0.000000 475.932203
126274.406058 0.000000 488.135593
133867.670788 0.000000 500.338983
141865.057578 0.000000 512.542373
150303.422513 0.000000 524.745763
159183.294834 0.000000 536.949153
168544.515121 0.000000 549.152542
178387.331990 0.000000 561.355932
188754.425806 0.000000 573.559322
199645.736792 0.000000 585.762712
211106.402150 0.000000 597.966102
223135.930420 0.000000 610.169492
235781.134148 0.000000 622.372881
249040.738101 0.000000 634.576271
262961.795644 0.000000 646.779661
277541.398530 0.000000 658.983051
292824.316163 0.000000 671.186441
308804.155696 0.000000 683.389831
325519.025114 0.000000 695.593220
342955.240316 0.000000 707.796610
361136.667371 0.000000 720.000000
380034.771567 0.000000 732.203390
399645.910022 0.000000 744.406780
419912.007792 0.000000 756.610169
440778.379792 0.000000 768.813559
462129.246237 0.000000 781.016949
483816.511463 0.000000 793.220339
505613.240858 0.000000 805.423729
527201.034379 0.000000 817.627119
548142.005395 0.000000 829.830508
567809.254755 0.000000 842.033898
585374.874761 0.000000 854.237288
599668.676966 0.000000 866.440678
609185.923550 0.000000 878.644068
611886.213011 0.000000 890.847458
605285.611319 0.000000 903.050847
586343.732785 0.000000 915.254237
551941.970889 0.000000 927.457627
499348.936125 0.000000 939.661017
427667.209818 0.000000 951.864407
339181.754647 0.000000 964.067797
241051.752676 0.000000 976.271186
145110.028446 0.000000 988.474576
65935.601805 0.000000 1000.677966
315757287.623983 0.000000 1012.881356
-6764157.631507 -0.000000 1025.084746
-13716856.431594 -0.000000 1037.288136
-13334490.949542 -0.000000 1049.491525
-12974766.872711 -0.000000 1061.694915
-12867587.446053 -0.000000 1073.898305
-12864412.989290 -0.000000 1086.101695
-12886425.519026 -0.000000 1098.305085
-12862343.179127 -0.000000 1110.508475
-12745159.313564 -0.000000 1122.711864
-12612641.696728 -0.000000 1134.915254
-12581254.191716 -0.000000 1147.118644
-12651105.234517 -0.000000 1159.322034
-12737821.705620 -0.000000 1171.525424
-12767738.297076 -0.000000 1183.728814
-12758786.498285 -0.000000 1195.932203
-12762280.499295 -0.000000 1208.135593
-12774890.705360 -0.000000 1220.338983
-12777157.357912 -0.000000 1232.542373
-12767872.046673 -0.000000 1244.745763
-12762119.897060 -0.000000 1256.949153
-12756056.246303 -0.000000 1269.152542
-12748070.771012 -0.000000 1281.355932
-12738625.600596 -0.000000 1293.559322
-12726532.677761 -0.000000 1305.762712
-12703732.840109 -0.000000 1317.966102
-12677222.483848 -0.000000 1330.169492
-12638839.942262 -0.000000 1342.372881
-12594310.352572 -0.000000 1354.576271
-12534829.485261 -0.000000 1366.779661
-12454810.120815 -0.000000 1378.983051
-12373618.348210 -0.000000 1391.186441
-12287191.038343 -0.000000 1403.389831
-12194751.263407 -0.000000 1415.593220
-12092881.514885 -0.000000 1427.796610
-11965882.741449 -0.000000 1440.000000
-11822145.814335 -0.000000 1452.203390
-11707345.748546 -0.000000 1464.406780
-11621545.532849 -0.000000 1476.610169
-11526359.374365 -0.000000 1488.813559
-11406871.986052 -0.000000 1501.016949
-11269583.803728 -0.000000 1513.220339
-11124018.783533 -0.000000 1525.423729
-10981432.986549 -0.000000 1537.627119
-10845863.067849 -0.000000 1549.830508
-10714586.389911 -0.000000 1562.033898
-10584084.147778 -0.000000 1574.237288
-10449738.087066 -0.000000 1586.440678
-10310618.069569 -0.000000 1598.644068
-10165591.932598 -0.000000 1610.847458
-10019255.918199 -0.000000 1623.050847
-9876403.185977 -0.000000 1635.254237
-9740077.409214 -0.000000 1647.457627
-9601629.940075 -0.000000 1659.661017
-9439951.763944 -0.000000 1671.864407
-9229746.438467 -0.000000 1684.067797
-8948535.444162 -0.000000 1696.271186
-8581933.560214 -0.000000 1708.474576
-8109597.336923 -0.000000 1720.677966
-7492778.825320 -0.000000 1732.881356
-6647927.039803 -0.000000 1745.084746
-5454783.069534 -0.000000 1757.288136
-3777179.821691 -0.000000 1769.491525
-1477418.526946 -0.000000 1781.694915
1569418.068466 0.000000 1793.898305
5396491.126388 0.000000 1806.101695
9951394.417056 0.000000 1818.305085
13012297.945597 0.000000 1830.508475
13436445.817242 0.000000 1842.711864
14420788.816686 0.000000 1854.915254
11637411.182863 0.000000 1867.118644
-6808160.174859 -0.000000 1879.322034
-18794616.672448 -0.000000 1891.525424
-18586695.197958 -0.000000 1903.728814
-57680943.314972 -0.000000 1915.932203
-23674129.347997 -0.000000 1928.135593
-15949137.607249 -0.000000 1940.338983
-13646260.278101 -0.000000 1952.542373
-13021001.361573 -0.000000 1964.745763
-13899579.090409 -0.000000 1976.949153
-15611928.027509 -0.000000 1989.152542
-17372912.968850 -0.000000 2001.355932
-19361517.904773 -0.000000 2013.559322
-21669127.821287 -0.000000 2025.762712
-24751986.951198 -0.000000 2037.966102
-29135391.792315 -0.000000 2050.169492
-24392745.353632 -0.000000 2062.372881
-310141798.518028 -0.000000 2074.576271
-109729762.769223 -0.000000 2086.779661
2372138.754191 0.000000 2098.983051
7631880.603910 0.000000 2111.186441
10177235.333998 0.000000 2123.389831
4275614.237437 0.000000 2135.593220
5326678665.924028 0.000000 2147.796610
11835492.537261 0.000000 2160.000000
15379545.326624 0.000000 2172.203390
20585503.029801 0.000000 2184.406780
30075145.367321 0.000000 2196.610169
38068329.063619 0.000000 2208.813559
15979023.312692 0.000000 2221.016949
9862377.393460 0.000000 2233.220339
5045427.694433 0.000000 2245.423729
53916.004637 0.000000 2257.627119
-2399844.913545 -0.000000 2269.830508
-2833842.277097 -0.000000 2282.033898
-2054021.203503 -0.000000 2294.237288
-731500.572421 -0.000000 2306.440678
728509.997687 0.000000 2318.644068
2118880.739433 0.000000 2330.847458
3355890.995008 0.000000 2343.050847
4421603.965039 0.000000 2355.254237
5333538.915421 0.000000 2367.457627
6118013.549707 0.000000 2379.661017
6803378.352683 0.000000 2391.864407
7410843.616605 0.000000 2404.067797
7957724.487067 0.000000 2416.271186
8454321.895613 0.000000 2428.474576
8909240.135707 0.000000 2440.677966
9326587.026896 0.000000 2452.881356
9711042.459206 0.000000 2465.084746
10064160.555956 0.000000 2477.288136
10389129.162422 0.000000 2489.491525
10686600.092484 0.000000 2501.694915
10959287.717825 0.000000 2513.898305
11208047.206234 0.000000 2526.101695
11435690.420329 0.000000 2538.305085
11644044.871555 0.000000 2550.508475
11835755.025835 0.000000 2562.711864
12013267.007001 0.000000 2574.915254
12177134.354704 0.000000 2587.118644
12327119.053181 0.000000 2599.322034
12454657.911611 0.000000 2611.525424
12549578.205841 0.000000 2623.728814
12602725.960318 0.000000 2635.932203
12638182.669144 0.000000 2648.135593
12700997.387370 0.000000 2660.338983
12821751.539913 0.000000 2672.542373
12968836.246058 0.000000 2684.745763
13090731.060397 0.000000 2696.949153
13149786.725409 0.000000 2709.152542
13138414.621825 0.000000 2721.355932
13076132.685952 0.000000 2733.559322
13010975.708533 0.000000 2745.762712
12975774.582734 0.000000 2757.966102
12927375.696951 0.000000 2770.169492
12744987.510320 0.000000 2782.372881
12281078.983678 0.000000 2794.576271
11396966.642387 0.000000 2806.779661
9945096.112595 0.000000 2818.983051
7705108.822277 0.000000 2831.186441
4569892.272213 0.000000 2843.389831
1166323.683422 0.000000 2855.593220
-24716.664308 -0.000000 2867.796610
5263741.036291 0.000000 2880.000000
19080699.217392 0.000000 2892.203390
29529065.789576 0.000000 2904.406780
29908100.675010 0.000000 2916.610169
29951389.333933 0.000000 2928.813559
30492684.501324 0.000000 2941.016949
30672154.716245 0.000000 2953.220339
30755457.393357 0.000000 2965.423729
30467529.349485 0.000000 2977.627119
29996130.726464 0.000000 2989.830508
29861318.286891 0.000000 3002.033898
29550012.170867 0.000000 3014.237288
29171456.291539 0.000000 3026.440678
28844139.538850 0.000000 3038.644068
28523311.700775 0.000000 3050.847458
28298708.049516 0.000000 3063.050847
28152078.472491 0.000000 3075.254237
28071348.744905 0.000000 3087.457627
28021093.129085 0.000000 3099.661017
27979491.118745 0.000000 3111.864407
27926426.071752 0.000000 3124.067797
27865141.267862 0.000000 3136.271186
27805783.164319 0.000000 3148.474576
27775186.114000 0.000000 3160.677966
27821800.742512 0.000000 3172.881356
28069328.387982 0.000000 3185.084746
28519305.200481 0.000000 3197.288136
28399142.521593 0.000000 3209.491525
28840781.375398 0.000000 3221.694915
31795318.301083 0.000000 3233.898305
34028259.543582 0.000000 3246.101695
33498675.034534 0.000000 3258.305085
31757164.286844 0.000000 3270.508475
30188188.283965 0.000000 3282.711864
26657037.686707 0.000000 3294.915254
26479105.497797 0.000000 3307.118644
5207080.027730 0.000000 3319.322034
5207150.221281 0.000000 3331.525424
16666.727675 0.000000 3343.728814
30048.423961 0.000000 3355.932203
43667.221655 0.000000 3368.135593
56791.675273 0.000000 3380.338983
69247.223221 0.000000 3392.542373
80573.921418 0.000000 3404.745763
90628.934899 0.000000 3416.949153
99284.554821 0.000000 3429.152542
106578.645142 0.000000 3441.355932
112580.934176 0.000000 3453.559322
117433.935631 0.000000 3465.762712
121280.150038 0.000000 3477.966102
124281.917219 0.000000 3490.169492
126580.948154 0.000000 3502.372881
128315.661247 0.000000 3514.576271
129598.362408 0.000000 3526.779661
130531.064768 0.000000 3538.983051
131191.992354 0.000000 3551.186441
131648.361522 0.000000 3563.389831
131948.160763 0.000000 3575.593220
132129.031313 0.000000 3587.796610
132213.412386 0.000000 3600.000000
