7803.475060 0.000000 0.000000
7810.902460 0.000000 12.203390
7825.875480 0.000000 24.406780
7848.246288 0.000000 36.610169
7878.170757 0.000000 48.813559
7915.683353 0.000000 61.016949
7960.904087 0.000000 73.220339
8013.913278 0.000000 85.423729
8074.881900 0.000000 97.627119
8143.932287 0.000000 109.830508
8221.302408 0.000000 122.033898
8307.165360 0.000000 134.237288
8401.841641 0.000000 146.440678
8505.565447 0.000000 158.644068
8618.755805 0.000000 170.847458
8741.719875 0.000000 183.050847
8874.992760 0.000000 195.254237
9018.966637 0.000000 207.457627
9174.311293 0.000000 219.661017
9341.515422 0.000000 231.864407
9521.402577 0.000000 244.067797
9714.569146 0.000000 256.271186
9922.011948 0.000000 268.474576
10144.445035 0.000000 280.677966
10383.059318 0.000000 292.881356
10638.695528 0.000000 305.084746
10912.759142 0.000000 317.288136
11206.226534 0.000000 329.491525
11520.740096 0.000000 341.694915
11857.419581 0.000000 353.898305
12218.169200 0.000000 366.101695
12604.260099 0.000000 378.305085
13017.884528 0.000000 390.508475
13460.474198 0.000000 402.711864
13934.540041 0.000000 414.915254
14441.682829 0.000000 427.118644
14984.767370 0.000000 439.322034
15565.574677 0.000000 451.525424
16187.361715 0.000000 463.728814
16852.102184 0.000000 475.932203
17563.490451 0.000000 488.135593
18323.705100 0.000000 500.338983
19136.929071 0.000000 512.542373
20005.560717 0.000000 524.745763
20934.327160 0.000000 536.949153
21925.861823 0.000000 549.152542
22985.499683 0.000000 561.355932
24116.123141 0.000000 573.559322
25323.744758 0.000000 585.762712
26611.511345 0.000000 597.966102
27986.188879 0.000000 610.169492
29451.200957 0.000000 622.372881
31014.151154 0.000000 634.576271
32678.750754 0.000000 646.779661
34453.531781 0.000000 658.983051
36342.501968 0.000000 671.186441
38355.220785 0.000000 683.389831
40495.996403 0.000000 695.593220
42775.524488 0.000000 707.796610
45198.414529 0.000000 720.000000
47776.616366 0.000000 732.203390
50515.036794 0.000000 744.406780
53427.008790 0.000000 756.610169
56517.727193 0.000000 768.813559
59802.050317 0.000000 781.016949
63285.446666 0.000000 793.220339
66984.454719 0.000000 805.423729
70904.797273 0.000000 817.627119
75064.864148 0.000000 829.830508
79470.605997 0.000000 842.033898
84142.451140 0.000000 854.237288
89086.547672 0.000000 866.440678
94325.566803 0.000000 878.644068
99865.818361 0.000000 890.847458
105732.438660 0.000000 903.050847
111931.857971 0.000000 915.254237
118491.917495 0.000000 927.457627
125419.122269 0.000000 939.661017
132744.273122 0.000000 951.864407
140473.901887 0.000000 964.067797
148642.034442 0.000000 976.271186
157255.178564 0.000000 988.474576
166350.852380 0.000000 1000.677966
175935.487885 0.000000 1012.881356
186050.354447 0.000000 1025.084746
196701.754413 0.000000 1037.288136
207934.935808 0.000000 1049.491525
219756.013076 0.000000 1061.694915
232214.377360 0.000000 1073.898305
245315.883132 0.000000 1086.101695
259114.115546 0.000000 1098.305085
273614.559340 0.000000 1110.508475
288874.847331 0.000000 1122.711864
304899.896697 0.000000 1134.915254
321750.915296 0.000000 1147.118644
339431.864072 0.000000 1159.322034
358006.507542 0.000000 1171.525424
377477.074095 0.000000 1183.728814
397907.962153 0.000000 1195.932203
419298.120046 0.000000 1208.135593
441709.137102 0.000000 1220.338983
465133.642211 0.000000 1232.542373
489624.372569 0.000000 1244.745763
515161.761475 0.000000 1256.949153
541779.113998 0.000000 1269.152542
569433.406314 0.000000 1281.355932
598119.849419 0.000000 1293.559322
627750.522321 0.000000 1305.762712
658249.207109 0.000000 1317.966102
689442.393743 0.000000 1330.169492
721122.074898 0.000000 1342.372881
752952.243149 0.000000 1354.576271
784482.960083 0.000000 1366.779661
815072.010196 0.000000 1378.983051
843828.412432 0.000000 1391.186441
869544.719880 0.000000 1403.389831
890547.836839 0.000000 1415.593220
904646.132123 0.000000 1427.796610
908902.022325 0.000000 1440.000000
899685.434962 0.000000 1452.203390
872578.851277 0.000000 1464.406780
822977.007498 0.000000 1476.610169
746840.359705 0.000000 1488.813559
642692.691683 0.000000 1501.016949
513641.534059 0.000000 1513.220339
369668.382463 0.000000 1525.423729
227386.765567 0.000000 1537.627119
107318.184774 0.000000 1549.830508
321121421.170193 0.000000 1562.033898
-3464003.952939 -0.000000 1574.237288
-10236446.815038 -0.000000 1586.440678
-13412542.830753 -0.000000 1598.644068
-13277716.913683 -0.000000 1610.847458
-12972571.682888 -0.000000 1623.050847
-12904557.581774 -0.000000 1635.254237
-12922638.362989 -0.000000 1647.457627
-12898832.814554 -0.000000 1659.661017
-12739238.062226 -0.000000 1671.864407
-12405895.171708 -0.000000 1684.067797
-12181204.353969 -0.000000 1696.271186
-12030086.584174 -0.000000 1708.474576
-11650494.527679 -0.000000 1720.677966
-11038432.724397 -0.000000 1732.881356
-10168640.405023 -0.000000 1745.084746
-8973492.974429 -0.000000 1757.288136
-7349330.464215 -0.000000 1769.491525
-5145086.014200 -0.000000 1781.694915
-2276745.801471 -0.000000 1793.898305
1233643.720561 0.000000 1806.101695
5144282.543853 0.000000 1818.305085
9170260.905817 0.000000 1830.508475
12177688.879138 0.000000 1842.711864
13394031.412851 0.000000 1854.915254
12956932.275326 0.000000 1867.118644
4070243.626645 0.000000 1879.322034
-11728855.572561 -0.000000 1891.525424
-16610177.486484 -0.000000 1903.728814
-69623506.098848 -0.000000 1915.932203
-30665265.637240 -0.000000 1928.135593
-17870197.414905 -0.000000 1940.338983
-14381579.633965 -0.000000 1952.542373
-13351790.276902 -0.000000 1964.745763
-14075556.800532 -0.000000 1976.949153
-16174398.790624 -0.000000 1989.152542
-18557541.864166 -0.000000 2001.355932
-20851311.919852 -0.000000 2013.559322
-23094765.913113 -0.000000 2025.762712
-25281507.673667 -0.000000 2037.966102
-27598880.815443 -0.000000 2050.169492
-30085079.453505 -0.000000 2062.372881
-33827611.729545 -0.000000 2074.576271
-29175822.510353 -0.000000 2086.779661
-82600173.624687 -0.000000 2098.983051
-908334644.251827 -0.000000 2111.186441
2524702.176308 0.000000 2123.389831
-3485276.986693 -0.000000 2135.593220
6298341.400536 0.000000 2147.796610
530769683.238838 0.000000 2160.000000
7513198.477968 0.000000 2172.203390
5954650.433238 0.000000 2184.406780
11134934.759563 0.000000 2196.610169
124943273.966428 0.000000 2208.813559
52072710.151887 0.000000 2221.016949
8677544.735610 0.000000 2233.220339
11503233.159510 0.000000 2245.423729
10139399.569095 0.000000 2257.627119
7479040.190918 0.000000 2269.830508
4638658.342543 0.000000 2282.033898
2501736.689844 0.000000 2294.237288
1516637.808651 0.000000 2306.440678
1539905.162812 0.000000 2318.644068
2226445.784786 0.000000 2330.847458
3235694.556090 0.000000 2343.050847
4339753.753078 0.000000 2355.254237
5395202.378249 0.000000 2367.457627
6344088.169527 0.000000 2379.661017
7161907.291974 0.000000 2391.864407
7857917.831436 0.000000 2404.067797
8443054.609074 0.000000 2416.271186
8938971.540732 0.000000 2428.474576
9359093.771533 0.000000 2440.677966
9720640.199600 0.000000 2452.881356
10032039.137625 0.000000 2465.084746
10304143.517961 0.000000 2477.288136
10541038.758458 0.000000 2489.491525
10749320.924848 0.000000 2501.694915
10931166.450230 0.000000 2513.898305
11091191.977809 0.000000 2526.101695
11231409.030962 0.000000 2538.305085
11355454.309191 0.000000 2550.508475
11465624.120387 0.000000 2562.711864
11563928.333797 0.000000 2574.915254
11650490.380176 0.000000 2587.118644
11720156.916345 0.000000 2599.322034
11764440.588538 0.000000 2611.525424
11774729.782670 0.000000 2623.728814
11759687.815309 0.000000 2635.932203
11742358.172130 0.000000 2648.135593
11750755.962576 0.000000 2660.338983
11801763.768437 0.000000 2672.542373
11889297.675578 0.000000 2684.745763
11967401.373719 0.000000 2696.949153
11985150.354741 0.000000 2709.152542
11938640.787288 0.000000 2721.355932
11875841.608151 0.000000 2733.559322
11855990.836915 0.000000 2745.762712
11901564.553308 0.000000 2757.966102
11991064.387855 0.000000 2770.169492
12063246.394188 0.000000 2782.372881
12053019.366867 0.000000 2794.576271
11902127.065833 0.000000 2806.779661
11544547.887997 0.000000 2818.983051
10876994.794002 0.000000 2831.186441
9745829.003597 0.000000 2843.389831
7958940.394943 0.000000 2855.593220
5347447.240816 0.000000 2867.796610
2095107.620034 0.000000 2880.000000
-621282.429510 -0.000000 2892.203390
-209569.271852 -0.000000 2904.406780
7705508.645210 0.000000 2916.610169
22139497.897118 0.000000 2928.813559
29888300.571131 0.000000 2941.016949
29922940.750022 0.000000 2953.220339
29997382.326495 0.000000 2965.423729
30434910.051118 0.000000 2977.627119
30682768.757791 0.000000 2989.830508
30677590.404786 0.000000 3002.033898
30181554.655227 0.000000 3014.237288
29849436.488574 0.000000 3026.440678
29657205.045690 0.000000 3038.644068
29265464.599579 0.000000 3050.847458
28960505.859346 0.000000 3063.050847
28677063.374234 0.000000 3075.254237
28439840.962564 0.000000 3087.457627
28263316.508702 0.000000 3099.661017
28120747.942412 0.000000 3111.864407
28000074.799045 0.000000 3124.067797
27890017.213830 0.000000 3136.271186
27788899.406889 0.000000 3148.474576
27696920.246041 0.000000 3160.677966
27626390.797562 0.000000 3172.881356
27588001.959285 0.000000 3185.084746
27624602.819622 0.000000 3197.288136
27770380.414015 0.000000 3209.491525
28184347.886390 0.000000 3221.694915
28591136.000721 0.000000 3233.898305
28361394.224399 0.000000 3246.101695
29670502.044794 0.000000 3258.305085
32879122.159218 0.000000 3270.508475
34001403.141625 0.000000 3282.711864
32711784.867923 0.000000 3294.915254
30515295.767792 0.000000 3307.118644
28856347.213106 0.000000 3319.322034
27986438.787604 0.000000 3331.525424
23895891.088945 0.000000 3343.728814
930636.762349 0.000000 3355.932203
304549.124280 0.000000 3368.135593
3265.827623 0.000000 3380.338983
6770.594882 0.000000 3392.542373
10183.748575 0.000000 3404.745763
13080.687378 0.000000 3416.949153
15814.810279 0.000000 3429.152542
18193.121563 0.000000 3441.355932
20294.373965 0.000000 3453.559322
22083.452166 0.000000 3465.762712
23602.013635 0.000000 3477.966102
24864.211371 0.000000 3490.169492
25906.573126 0.000000 3502.372881
26754.554722 0.000000 3514.576271
27438.214708 0.000000 3526.779661
27980.269087 0.000000 3538.983051
28402.384320 0.000000 3551.186441
28720.587223 0.000000 3563.389831
28948.423273 0.000000 3575.593220
29094.974640 0.000000 3587.796610
29166.821408 0.000000 3600.000000
