15737.001948 0.000000 0.000000
15821.630610 0.000000 12.203390
15991.181432 0.000000 24.406780
16246.448594 0.000000 36.610169
16588.479823 0.000000 48.813559
17018.599356 0.000000 61.016949
17538.681231 0.000000 73.220339
18150.703497 0.000000 85.423729
18857.316814 0.000000 97.627119
19661.173978 0.000000 109.830508
20565.715222 0.000000 122.033898
21574.285294 0.000000 134.237288
22691.137052 0.000000 146.440678
23920.326059 0.000000 158.644068
25266.945624 0.000000 170.847458
26735.784930 0.000000 183.050847
28332.810991 0.000000 195.254237
30063.572940 0.000000 207.457627
31934.950179 0.000000 219.661017
33953.281524 0.000000 231.864407
36126.402838 0.000000 244.067797
38461.476821 0.000000 256.271186
40967.345676 0.000000 268.474576
43652.034260 0.000000 280.677966
46525.448197 0.000000 292.881356
49596.517634 0.000000 305.084746
52876.274490 0.000000 317.288136
56374.603516 0.000000 329.491525
60103.734088 0.000000 341.694915
64074.560078 0.000000 353.898305
68300.588309 0.000000 366.101695
72793.783462 0.000000 378.305085
77569.017206 0.000000 390.508475
82639.394793 0.000000 402.711864
88021.250298 0.000000 414.915254
93728.905377 0.000000 427.118644
99780.264137 0.000000 439.322034
106190.951100 0.000000 451.525424
112980.555516 0.000000 463.728814
120166.099956 0.000000 475.932203
127768.984994 0.000000 488.135593
135807.733307 0.000000 500.338983
144305.690969 0.000000 512.542373
153282.993709 0.000000 524.745763
162765.070960 0.000000 536.949153
172773.789609 0.000000 549.152542
183336.802365 0.000000 561.355932
194477.824185 0.000000 573.559322
206226.860782 0.000000 585.762712
218609.584026 0.000000 597.966102
231658.453942 0.000000 610.169492
245401.174016 0.000000 622.372881
259872.701648 0.000000 634.576271
275102.775914 0.000000 646.779661
291128.776010 0.000000 658.983051
307982.337486 0.000000 671.186441
325702.966861 0.000000 683.389831
344323.782209 0.000000 695.593220
363885.727646 0.000000 707.796610
384422.489752 0.000000 720.000000
405975.046839 0.000000 732.203390
428575.816548 0.000000 744.406780
452263.129968 0.000000 756.610169
477064.639559 0.000000 768.813559
503011.057188 0.000000 781.016949
530118.748255 0.000000 793.220339
558401.683680 0.000000 805.423729
587852.895716 0.000000 817.627119
618452.926432 0.000000 829.830508
650149.237947 0.000000 842.033898
682858.298785 0.000000 854.237288
716440.844979 0.000000 866.440678
750692.702044 0.000000 878.644068
785311.460921 0.000000 890.847458
819867.661186 0.000000 903.050847
853754.380890 0.000000 915.254237
886125.324543 0.000000 927.457627
915813.909227 0.000000 939.661017
941221.987362 0.000000 951.864407
960199.847794 0.000000 964.067797
969894.083160 0.000000 976.271186
966649.179946 0.000000 988.474576
945981.958665 0.000000 1000.677966
902870.888618 0.000000 1012.881356
832502.111717 0.000000 1025.084746
731826.218040 0.000000 1037.288136
601803.258636 0.000000 1049.491525
449907.160982 0.000000 1061.694915
291373.023367 0.000000 1073.898305
147667.223963 0.000000 1086.101695
188316296.630432 0.000000 1098.305085
-1297806.570686 -0.000000 1110.508475
-7047104.105526 -0.000000 1122.711864
-12360225.028794 -0.000000 1134.915254
-13527715.524749 -0.000000 1147.118644
-13136000.099408 -0.000000 1159.322034
-12997601.065491 -0.000000 1171.525424
-12994937.962804 -0.000000 1183.728814
-12992750.369139 -0.000000 1195.932203
-12829477.470764 -0.000000 1208.135593
-12452460.822215 -0.000000 1220.338983
-12237081.954103 -0.000000 1232.542373
-12210578.301436 -0.000000 1244.745763
-12092630.838646 -0.000000 1256.949153
-11940186.135987 -0.000000 1269.152542
-11792276.048263 -0.000000 1281.355932
-11637666.301012 -0.000000 1293.559322
-11473786.712090 -0.000000 1305.762712
-11303967.921381 -0.000000 1317.966102
-11121355.273020 -0.000000 1330.169492
-10934674.888916 -0.000000 1342.372881
-10744604.055947 -0.000000 1354.576271
-10560441.609265 -0.000000 1366.779661
-10372357.084400 -0.000000 1378.983051
-10176894.384786 -0.000000 1391.186441
-9972436.320632 -0.000000 1403.389831
-9767314.571296 -0.000000 1415.593220
-9562424.005635 -0.000000 1427.796610
-9356324.193623 -0.000000 1440.000000
-9147424.961083 -0.000000 1452.203390
-8936231.333856 -0.000000 1464.406780
-8725037.258080 -0.000000 1476.610169
-8513790.697927 -0.000000 1488.813559
-8302771.788496 -0.000000 1501.016949
-8085481.872198 -0.000000 1513.220339
-7848406.684099 -0.000000 1525.423729
-7586591.904562 -0.000000 1537.627119
-7343891.904691 -0.000000 1549.830508
-7157390.189937 -0.000000 1562.033898
-6993567.919826 -0.000000 1574.237288
-6813340.908587 -0.000000 1586.440678
-6625116.052398 -0.000000 1598.644068
-6443386.483021 -0.000000 1610.847458
-6265835.117129 -0.000000 1623.050847
-6078900.489737 -0.000000 1635.254237
-5869089.595597 -0.000000 1647.457627
-5631868.456847 -0.000000 1659.661017
-5368598.081429 -0.000000 1671.864407
-5081683.453964 -0.000000 1684.067797
-4765887.041021 -0.000000 1696.271186
-4411153.709850 -0.000000 1708.474576
-3998591.578349 -0.000000 1720.677966
-3502654.700793 -0.000000 1732.881356
-2876595.710669 -0.000000 1745.084746
-2049785.198876 -0.000000 1757.288136
-918695.620000 -0.000000 1769.491525
627726.013514 0.000000 1781.694915
2711998.854618 0.000000 1793.898305
5324638.337518 0.000000 1806.101695
8511397.744583 0.000000 1818.305085
11949468.979405 0.000000 1830.508475
13516601.241046 0.000000 1842.711864
13691454.187546 0.000000 1854.915254
12634051.996734 0.000000 1867.118644
4417439.501100 0.000000 1879.322034
-9862958.167443 -0.000000 1891.525424
-19060210.697900 -0.000000 1903.728814
-59230727.706444 -0.000000 1915.932203
-30157925.932404 -0.000000 1928.135593
-18085185.678219 -0.000000 1940.338983
-14611173.875437 -0.000000 1952.542373
-13389632.812784 -0.000000 1964.745763
-13977055.027713 -0.000000 1976.949153
-16126799.507400 -0.000000 1989.152542
-18588208.164132 -0.000000 2001.355932
-21017734.473512 -0.000000 2013.559322
-23757984.206260 -0.000000 2025.762712
-26745501.886542 -0.000000 2037.966102
-31491279.491812 -0.000000 2050.169492
-32430930.767193 -0.000000 2062.372881
-29189015.633390 -0.000000 2074.576271
-6997657249.047398 -0.000000 2086.779661
-2568088.741055 -0.000000 2098.983051
10551304.289533 0.000000 2111.186441
13323006.279125 0.000000 2123.389831
11320415.099400 0.000000 2135.593220
4007848.330904 0.000000 2147.796610
2053088016.017750 0.000000 2160.000000
21953550.508834 0.000000 2172.203390
38579504.176375 0.000000 2184.406780
35501472.349351 0.000000 2196.610169
12005989.086129 0.000000 2208.813559
8580574.745870 0.000000 2221.016949
4558317.598898 0.000000 2233.220339
-205734.461854 -0.000000 2245.423729
-3662832.728552 -0.000000 2257.627119
-5756870.910061 -0.000000 2269.830508
-6600283.620691 -0.000000 2282.033898
-6501003.217630 -0.000000 2294.237288
-5836811.499407 -0.000000 2306.440678
-4927879.346532 -0.000000 2318.644068
-3961936.286322 -0.000000 2330.847458
-3040009.116790 -0.000000 2343.050847
-2183238.711694 -0.000000 2355.254237
-1408700.893867 -0.000000 2367.457627
-712604.771399 -0.000000 2379.661017
-98039.896990 -0.000000 2391.864407
451626.691036 0.000000 2404.067797
945056.473674 0.000000 2416.271186
1398136.917683 0.000000 2428.474576
1815615.557355 0.000000 2440.677966
2205739.410024 0.000000 2452.881356
2569424.109908 0.000000 2465.084746
2911208.829399 0.000000 2477.288136
3231220.596749 0.000000 2489.491525
3533034.101086 0.000000 2501.694915
3816877.832820 0.000000 2513.898305
4085811.436919 0.000000 2526.101695
4339501.411790 0.000000 2538.305085
4580062.885212 0.000000 2550.508475
4806474.666577 0.000000 2562.711864
5020365.475462 0.000000 2574.915254
5220857.325684 0.000000 2587.118644
5409532.736547 0.000000 2599.322034
5586162.203270 0.000000 2611.525424
5752045.948798 0.000000 2623.728814
5907970.388962 0.000000 2635.932203
6054745.025759 0.000000 2648.135593
6194534.385130 0.000000 2660.338983
6326879.872581 0.000000 2672.542373
6453851.406809 0.000000 2684.745763
6570135.262705 0.000000 2696.949153
6672343.142543 0.000000 2709.152542
6748991.676402 0.000000 2721.355932
6801406.551862 0.000000 2733.559322
6831923.627393 0.000000 2745.762712
6833231.531907 0.000000 2757.966102
6747838.886121 0.000000 2770.169492
6478692.029326 0.000000 2782.372881
5925684.917607 0.000000 2794.576271
4985759.514792 0.000000 2806.779661
3562795.019951 0.000000 2818.983051
1568205.923237 0.000000 2831.186441
-836715.745166 -0.000000 2843.389831
-2994672.106875 -0.000000 2855.593220
-3247393.315155 -0.000000 2867.796610
1004333.106139 0.000000 2880.000000
12681981.594456 0.000000 2892.203390
25538386.097834 0.000000 2904.406780
29605134.954890 0.000000 2916.610169
29724670.353880 0.000000 2928.813559
29820598.873847 0.000000 2941.016949
30279582.935769 0.000000 2953.220339
30317119.546572 0.000000 2965.423729
29848644.730829 0.000000 2977.627119
29579150.172006 0.000000 2989.830508
29196650.924974 0.000000 3002.033898
28734524.807448 0.000000 3014.237288
28384921.802734 0.000000 3026.440678
28077567.607424 0.000000 3038.644068
27868531.420814 0.000000 3050.847458
27731254.127014 0.000000 3063.050847
27626934.899154 0.000000 3075.254237
27535547.641253 0.000000 3087.457627
27450669.614158 0.000000 3099.661017
27376691.431888 0.000000 3111.864407
27321401.682556 0.000000 3124.067797
27294219.809694 0.000000 3136.271186
27298271.344577 0.000000 3148.474576
27342417.744765 0.000000 3160.677966
27456494.577741 0.000000 3172.881356
27717198.084547 0.000000 3185.084746
28172658.081316 0.000000 3197.288136
28378387.738114 0.000000 3209.491525
28505620.318557 0.000000 3221.694915
30345595.958243 0.000000 3233.898305
32707828.667655 0.000000 3246.101695
32986681.325450 0.000000 3258.305085
31674840.778767 0.000000 3270.508475
29682807.054031 0.000000 3282.711864
27514236.929042 0.000000 3294.915254
26695959.178190 0.000000 3307.118644
14413404.162140 0.000000 3319.322034
-4081428.866741 -0.000000 3331.525424
-1319186.255731 -0.000000 3343.728814
-34832.201487 -0.000000 3355.932203
-59787.941599 -0.000000 3368.135593
-85325.473014 -0.000000 3380.338983
-110357.032598 -0.000000 3392.542373
-133910.384823 -0.000000 3404.745763
-155248.505771 -0.000000 3416.949153
-173962.084709 -0.000000 3429.152542
-189899.993374 -0.000000 3441.355932
-203119.730999 -0.000000 3453.559322
-213825.266733 -0.000000 3465.762712
-222300.420290 -0.000000 3477.966102
-228866.763813 -0.000000 3490.169492
-233844.481641 -0.000000 3502.372881
-237536.211963 -0.000000 3514.576271
-240209.652529 -0.000000 3526.779661
-242098.002722 -0.000000 3538.983051
-243393.003503 -0.000000 3551.186441
-244251.766153 -0.000000 3563.389831
-244793.778167 -0.000000 3575.593220
-245107.764435 -0.000000 3587.796610
-245250.516194 -0.000000 3600.000000
