18957.830725 0.000000 0.000000
18969.966405 0.000000 12.203390
18994.171508 0.000000 24.406780
19030.613069 0.000000 36.610169
19079.265062 0.000000 48.813559
19140.177491 0.000000 61.016949
19213.430081 0.000000 73.220339
19299.074976 0.000000 85.423729
19397.228267 0.000000 97.627119
19507.950033 0.000000 109.830508
19631.383354 0.000000 122.033898
19767.593606 0.000000 134.237288
19916.746590 0.000000 146.440678
20078.908324 0.000000 158.644068
20254.263203 0.000000 170.847458
20442.874097 0.000000 183.050847
20644.941100 0.000000 195.254237
20860.521017 0.000000 207.457627
21089.828134 0.000000 219.661017
21332.911127 0.000000 231.864407
21589.998316 0.000000 244.067797
21861.129960 0.000000 256.271186
22146.549620 0.000000 268.474576
22446.289767 0.000000 280.677966
22760.612526 0.000000 292.881356
23089.544247 0.000000 305.084746
23433.368865 0.000000 317.288136
23792.109711 0.000000 329.491525
24166.077229 0.000000 341.694915
24555.294427 0.000000 353.898305
24960.104038 0.000000 366.101695
25380.531905 0.000000 378.305085
25816.957759 0.000000 390.508475
26269.414039 0.000000 402.711864
26738.323269 0.000000 414.915254
27223.726353 0.000000 427.118644
27726.095021 0.000000 439.322034
28245.482071 0.000000 451.525424
28782.413104 0.000000 463.728814
29336.956091 0.000000 475.932203
29909.697363 0.000000 488.135593
30500.721804 0.000000 500.338983
31110.684167 0.000000 512.542373
31739.690378 0.000000 524.745763
32388.470538 0.000000 536.949153
33057.156134 0.000000 549.152542
33746.562786 0.000000 561.355932
34456.851603 0.000000 573.559322
35188.935040 0.000000 585.762712
35943.011461 0.000000 597.966102
36720.102912 0.000000 610.169492
37520.452556 0.000000 622.372881
38345.208645 0.000000 634.576271
39194.669361 0.000000 646.779661
40070.127850 0.000000 658.983051
40971.950640 0.000000 671.186441
41901.597857 0.000000 683.389831
42859.519135 0.000000 695.593220
43847.368629 0.000000 707.796610
44865.698229 0.000000 720.000000
45916.386896 0.000000 732.203390
47000.110503 0.000000 744.406780
48119.008186 0.000000 756.610169
49273.905197 0.000000 768.813559
50467.241890 0.000000 781.016949
51700.021343 0.000000 793.220339
52975.029434 0.000000 805.423729
54293.478695 0.000000 817.627119
55658.550206 0.000000 829.830508
57071.697445 0.000000 842.033898
58536.548951 0.000000 854.237288
60054.832567 0.000000 866.440678
61630.678066 0.000000 878.644068
63266.119300 0.000000 890.847458
64965.841720 0.000000 903.050847
66732.212399 0.000000 915.254237
68570.525793 0.000000 927.457627
70483.503271 0.000000 939.661017
72477.098464 0.000000 951.864407
74554.400511 0.000000 964.067797
76722.066720 0.000000 976.271186
78983.555364 0.000000 988.474576
81346.263358 0.000000 1000.677966
83814.005807 0.000000 1012.881356
86394.947355 0.000000 1025.084746
89093.229493 0.000000 1037.288136
91917.799609 0.000000 1049.491525
94873.075000 0.000000 1061.694915
97968.787139 0.000000 1073.898305
101209.554970 0.000000 1086.101695
104605.880546 0.000000 1098.305085
108162.483343 0.000000 1110.508475
111890.604341 0.000000 1122.711864
115794.932376 0.000000 1134.915254
119887.399246 0.000000 1147.118644
124172.498734 0.000000 1159.322034
128662.785573 0.000000 1171.525424
133362.360907 0.000000 1183.728814
138284.317616 0.000000 1195.932203
143432.130065 0.000000 1208.135593
148819.331047 0.000000 1220.338983
154448.497466 0.000000 1232.542373
160333.495185 0.000000 1244.745763
166475.703030 0.000000 1256.949153
172889.212536 0.000000 1269.152542
179573.875603 0.000000 1281.355932
186543.914093 0.000000 1293.559322
193797.308521 0.000000 1305.762712
201348.347032 0.000000 1317.966102
209192.787438 0.000000 1330.169492
217344.970059 0.000000 1342.372881
225798.093477 0.000000 1354.576271
234566.611042 0.000000 1366.779661
243640.850403 0.000000 1378.983051
253035.539723 0.000000 1391.186441
262737.872742 0.000000 1403.389831
272763.133386 0.000000 1415.593220
283095.165854 0.000000 1427.796610
293750.218313 0.000000 1440.000000
304708.614249 0.000000 1452.203390
315988.080986 0.000000 1464.406780
327565.258544 0.000000 1476.610169
339459.920278 0.000000 1488.813559
351644.781546 0.000000 1501.016949
364142.146820 0.000000 1513.220339
376920.351927 0.000000 1525.423729
390004.408542 0.000000 1537.627119
403357.357147 0.000000 1549.830508
417006.392119 0.000000 1562.033898
430907.497481 0.000000 1574.237288
445088.182505 0.000000 1586.440678
459494.157257 0.000000 1598.644068
474148.968868 0.000000 1610.847458
488982.353888 0.000000 1623.050847
504005.439083 0.000000 1635.254237
519122.060532 0.000000 1647.457627
534315.195828 0.000000 1659.661017
549445.491022 0.000000 1671.864407
564439.336045 0.000000 1684.067797
579083.683539 0.000000 1696.271186
593197.287028 0.000000 1708.474576
606438.573762 0.000000 1720.677966
618426.933038 0.000000 1732.881356
628591.992870 0.000000 1745.084746
636188.552955 0.000000 1757.288136
640232.890843 0.000000 1769.491525
639319.982653 0.000000 1781.694915
631719.019057 0.000000 1793.898305
614856.926908 0.000000 1806.101695
585692.726421 0.000000 1818.305085
539702.884503 0.000000 1830.508475
471756.583086 0.000000 1842.711864
374520.573284 0.000000 1854.915254
240242.601962 0.000000 1867.118644
58833.020678 0.000000 1879.322034
-179154.062902 -0.000000 1891.525424
-483978.639532 -0.000000 1903.728814
-864276.870590 -0.000000 1915.932203
-1325090.592840 -0.000000 1928.135593
-1869536.922528 -0.000000 1940.338983
-2479985.639134 -0.000000 1952.542373
-3059698.477547 -0.000000 1964.745763
-3430397.235844 -0.000000 1976.949153
-7915984.106211 -0.000000 1989.152542
-21999285.152402 -0.000000 2001.355932
-30919373.317761 -0.000000 2013.559322
-32727789.667403 -0.000000 2025.762712
-33834374.674570 -0.000000 2037.966102
-25483576.247513 -0.000000 2050.169492
-15227311.810629 -0.000000 2062.372881
-9159567.889609 -0.000000 2074.576271
-13161599.634059 -0.000000 2086.779661
-1346476.993499 -0.000000 2098.983051
7458698.382507 0.000000 2111.186441
4111889.110713 0.000000 2123.389831
4169836.810897 0.000000 2135.593220
4956906.800900 0.000000 2147.796610
22453621.567634 0.000000 2160.000000
326114020.989852 0.000000 2172.203390
7509122.015054 0.000000 2184.406780
10589250.392906 0.000000 2196.610169
14135720.183782 0.000000 2208.813559
14865385.562324 0.000000 2221.016949
13115341.692245 0.000000 2233.220339
10863364.858390 0.000000 2245.423729
9112509.642202 0.000000 2257.627119
8281435.703522 0.000000 2269.830508
8340683.395830 0.000000 2282.033898
8963929.568870 0.000000 2294.237288
9858655.687688 0.000000 2306.440678
10800117.525796 0.000000 2318.644068
11691020.788431 0.000000 2330.847458
12512716.698639 0.000000 2343.050847
13257269.017673 0.000000 2355.254237
13904112.285502 0.000000 2367.457627
14434893.499654 0.000000 2379.661017
14852591.623130 0.000000 2391.864407
15146058.268458 0.000000 2404.067797
15334176.015243 0.000000 2416.271186
15450593.233192 0.000000 2428.474576
15481952.902217 0.000000 2440.677966
15488853.534777 0.000000 2452.881356
15507965.394240 0.000000 2465.084746
15493946.600534 0.000000 2477.288136
15487695.057292 0.000000 2489.491525
15509864.778404 0.000000 2501.694915
15517658.689407 0.000000 2513.898305
15505127.812432 0.000000 2526.101695
15484324.892165 0.000000 2538.305085
15471366.736047 0.000000 2550.508475
15464124.280619 0.000000 2562.711864
15472172.256430 0.000000 2574.915254
15489151.541658 0.000000 2587.118644
15504838.746876 0.000000 2599.322034
15504479.133266 0.000000 2611.525424
15501190.033703 0.000000 2623.728814
15498604.751559 0.000000 2635.932203
15494264.502364 0.000000 2648.135593
15479689.150342 0.000000 2660.338983
15466914.744820 0.000000 2672.542373
15466349.453302 0.000000 2684.745763
15470413.683567 0.000000 2696.949153
15470284.057608 0.000000 2709.152542
15468513.716693 0.000000 2721.355932
15481957.483212 0.000000 2733.559322
15497907.242862 0.000000 2745.762712
15516190.953175 0.000000 2757.966102
15549917.355991 0.000000 2770.169492
15624515.183441 0.000000 2782.372881
15590264.355280 0.000000 2794.576271
15189935.766396 0.000000 2806.779661
14309055.331784 0.000000 2818.983051
12228729.756902 0.000000 2831.186441
7826650.201994 0.000000 2843.389831
2340937.195546 0.000000 2855.593220
-721215.995773 -0.000000 2867.796610
6997533.194007 0.000000 2880.000000
24413860.162942 0.000000 2892.203390
30159469.234406 0.000000 2904.406780
29414857.542621 0.000000 2916.610169
29705942.957038 0.000000 2928.813559
30382256.147113 0.000000 2941.016949
30755659.632253 0.000000 2953.220339
30685700.387763 0.000000 2965.423729
30379269.183834 0.000000 2977.627119
29830746.893119 0.000000 2989.830508
29625608.426474 0.000000 3002.033898
29511201.268149 0.000000 3014.237288
29176471.118406 0.000000 3026.440678
28928064.502274 0.000000 3038.644068
28708570.756416 0.000000 3050.847458
28522173.856011 0.000000 3063.050847
28381562.246558 0.000000 3075.254237
28259013.741147 0.000000 3087.457627
28141689.742106 0.000000 3099.661017
28016941.237348 0.000000 3111.864407
27877071.938400 0.000000 3124.067797
27735646.749073 0.000000 3136.271186
27611089.907604 0.000000 3148.474576
27553781.245157 0.000000 3160.677966
27608549.582635 0.000000 3172.881356
27963495.252524 0.000000 3185.084746
28283512.094661 0.000000 3197.288136
27878798.176759 0.000000 3209.491525
29434406.151309 0.000000 3221.694915
33071912.322683 0.000000 3233.898305
34210051.223542 0.000000 3246.101695
32854670.318705 0.000000 3258.305085
30655636.504701 0.000000 3270.508475
28695882.039558 0.000000 3282.711864
27335548.697868 0.000000 3294.915254
21369768.362894 0.000000 3307.118644
711257.721888 0.000000 3319.322034
11131261.846654 0.000000 3331.525424
49330.084456 0.000000 3343.728814
86883.258999 0.000000 3355.932203
125625.873226 0.000000 3368.135593
163559.141782 0.000000 3380.338983
199660.613151 0.000000 3392.542373
232670.713716 0.000000 3404.745763
261985.375871 0.000000 3416.949153
287238.619877 0.000000 3429.152542
308469.187976 0.000000 3441.355932
325887.093566 0.000000 3453.559322
339888.759101 0.000000 3465.762712
350905.782069 0.000000 3477.966102
359415.297614 0.000000 3490.169492
365849.938646 0.000000 3502.372881
370624.360752 0.000000 3514.576271
374083.581149 0.000000 3526.779661
376536.170742 0.000000 3538.983051
378223.625858 0.000000 3551.186441
379350.412156 0.000000 3563.389831
380065.246045 0.000000 3575.593220
380482.863437 0.000000 3587.796610
380673.246643 0.000000 3600.000000
