190569.037564 0.000000 0.000000
191236.513091 0.000000 12.203390
192572.782966 0.000000 24.406780
194580.471491 0.000000 36.610169
197263.707873 0.000000 48.813559
200627.462756 0.000000 61.016949
204678.773873 0.000000 73.220339
209425.030995 0.000000 85.423729
214876.169930 0.000000 97.627119
221041.933846 0.000000 109.830508
227935.197860 0.000000 122.033898
235567.927721 0.000000 134.237288
243955.947302 0.000000 146.440678
253113.213528 0.000000 158.644068
263058.410792 0.000000 170.847458
273807.086236 0.000000 183.050847
285380.491931 0.000000 195.254237
297795.068508 0.000000 207.457627
311073.949193 0.000000 219.661017
325233.247718 0.000000 231.864407
340296.565594 0.000000 244.067797
356277.544429 0.000000 256.271186
373197.520459 0.000000 268.474576
391063.850830 0.000000 280.677966
409890.493770 0.000000 292.881356
429671.683170 0.000000 305.084746
450404.580745 0.000000 317.288136
472057.904208 0.000000 329.491525
494594.768589 0.000000 341.694915
517935.696695 0.000000 353.898305
541978.144316 0.000000 366.101695
566552.649170 0.000000 378.305085
591433.005766 0.000000 390.508475
616282.694746 0.000000 402.711864
640646.044315 0.000000 414.915254
663879.413788 0.000000 427.118644
685110.101476 0.000000 439.322034
703146.206879 0.000000 451.525424
716395.154359 0.000000 463.728814
722766.781807 0.000000 475.932203
719596.885400 0.000000 488.135593
703671.597803 0.000000 500.338983
671409.780335 0.000000 512.542373
619440.501669 0.000000 524.745763
545605.309105 0.000000 536.949153
450534.095426 0.000000 549.152542
339260.461964 0.000000 561.355932
222256.968874 0.000000 573.559322
114549.440938 0.000000 585.762712
187697216.657286 0.000000 597.966102
-3482307.520768 -0.000000 610.169492
-10711606.669866 -0.000000 622.372881
-13617597.980150 -0.000000 634.576271
-13248992.773035 -0.000000 646.779661
-13001009.284228 -0.000000 658.983051
-12916628.569656 -0.000000 671.186441
-12919401.832923 -0.000000 683.389831
-12906105.960080 -0.000000 695.593220
-12838120.388951 -0.000000 707.796610
-12707299.814400 -0.000000 720.000000
-12591308.245840 -0.000000 732.203390
-12633367.741850 -0.000000 744.406780
-12736590.232912 -0.000000 756.610169
-12774816.095003 -0.000000 768.813559
-12784354.785520 -0.000000 781.016949
-12778017.479091 -0.000000 793.220339
-12760385.067561 -0.000000 805.423729
-12732114.472904 -0.000000 817.627119
-12696134.561724 -0.000000 829.830508
-12654421.033010 -0.000000 842.033898
-12611201.747605 -0.000000 854.237288
-12546837.959488 -0.000000 866.440678
-12457963.342509 -0.000000 878.644068
-12358174.324671 -0.000000 890.847458
-12239239.151963 -0.000000 903.050847
-12105233.396049 -0.000000 915.254237
-11964257.647126 -0.000000 927.457627
-11816046.253160 -0.000000 939.661017
-11663372.410662 -0.000000 951.864407
-11507928.686738 -0.000000 964.067797
-11351131.870353 -0.000000 976.271186
-11193344.701865 -0.000000 988.474576
-11034903.212737 -0.000000 1000.677966
-10875994.244346 -0.000000 1012.881356
-10717699.015329 -0.000000 1025.084746
-10561531.152694 -0.000000 1037.288136
-10409677.629398 -0.000000 1049.491525
-10263368.269765 -0.000000 1061.694915
-10122403.461680 -0.000000 1073.898305
-9984164.427721 -0.000000 1086.101695
-9844970.235909 -0.000000 1098.305085
-9701091.691589 -0.000000 1110.508475
-9550782.683217 -0.000000 1122.711864
-9394386.512878 -0.000000 1134.915254
-9234161.416911 -0.000000 1147.118644
-9072590.907718 -0.000000 1159.322034
-8911714.834081 -0.000000 1171.525424
-8752452.799698 -0.000000 1183.728814
-8595107.059447 -0.000000 1195.932203
-8439436.846604 -0.000000 1208.135593
-8285175.383218 -0.000000 1220.338983
-8131936.168566 -0.000000 1232.542373
-7979475.935305 -0.000000 1244.745763
-7827513.585968 -0.000000 1256.949153
-7675912.043131 -0.000000 1269.152542
-7524502.959986 -0.000000 1281.355932
-7373237.923855 -0.000000 1293.559322
-7222029.416478 -0.000000 1305.762712
-7070882.032860 -0.000000 1317.966102
-6919754.493742 -0.000000 1330.169492
-6768672.569756 -0.000000 1342.372881
-6617616.440194 -0.000000 1354.576271
-6466609.487438 -0.000000 1366.779661
-6315635.811833 -0.000000 1378.983051
-6164695.767451 -0.000000 1391.186441
-6013760.336144 -0.000000 1403.389831
-5862784.650202 -0.000000 1415.593220
-5711708.836284 -0.000000 1427.796610
-5560425.004356 -0.000000 1440.000000
-5408837.188975 -0.000000 1452.203390
-5256783.569637 -0.000000 1464.406780
-5104178.020687 -0.000000 1476.610169
-4950926.749475 -0.000000 1488.813559
-4797240.917894 -0.000000 1501.016949
-4643638.370384 -0.000000 1513.220339
-4491360.841759 -0.000000 1525.423729
-4341964.868284 -0.000000 1537.627119
-4196898.941315 -0.000000 1549.830508
-4056040.899153 -0.000000 1562.033898
-3917418.428337 -0.000000 1574.237288
-3777535.702489 -0.000000 1586.440678
-3633572.021962 -0.000000 1598.644068
-3484257.469271 -0.000000 1610.847458
-3330234.036774 -0.000000 1623.050847
-3172562.452547 -0.000000 1635.254237
-3012835.042282 -0.000000 1647.457627
-2853376.555429 -0.000000 1659.661017
-2698835.662244 -0.000000 1671.864407
-2554604.894997 -0.000000 1684.067797
-2423335.335613 -0.000000 1696.271186
-2300117.787835 -0.000000 1708.474576
-2174756.751879 -0.000000 1720.677966
-2038804.060726 -0.000000 1732.881356
-1891778.443963 -0.000000 1745.084746
-1738541.441672 -0.000000 1757.288136
-1583989.465675 -0.000000 1769.491525
-1429206.131880 -0.000000 1781.694915
-1271056.425036 -0.000000 1793.898305
-1103100.992810 -0.000000 1806.101695
-914023.985786 -0.000000 1818.305085
-687540.094443 -0.000000 1830.508475
-395160.013626 -0.000000 1842.711864
4390.628916 -0.000000 1854.915254
580781.402298 0.000000 1867.118644
1427417.321822 0.000000 1879.322034
2682321.424785 0.000000 1891.525424
4494225.100618 0.000000 1903.728814
6909539.295580 0.000000 1915.932203
10468004.305869 0.000000 1928.135593
13474819.701943 0.000000 1940.338983
13506039.775866 0.000000 1952.542373
13650265.351076 0.000000 1964.745763
13622451.828665 0.000000 1976.949153
727415.394449 0.000000 1989.152542
-15618859.031337 -0.000000 2001.355932
-18723212.221483 -0.000000 2013.559322
-26057097.809707 -0.000000 2025.762712
-23999614.550576 -0.000000 2037.966102
-11989293.457049 -0.000000 2050.169492
-14144149.278257 -0.000000 2062.372881
-19373162.311287 -0.000000 2074.576271
-15406972.789792 -0.000000 2086.779661
-13480661.301959 -0.000000 2098.983051
-12788449.375927 -0.000000 2111.186441
-13053622.089745 -0.000000 2123.389831
-13940886.707071 -0.000000 2135.593220
-15435346.193120 -0.000000 2147.796610
-13316376.561042 -0.000000 2160.000000
-8864051.699074 -0.000000 2172.203390
-13951531.606421 -0.000000 2184.406780
-21607391.616859 -0.000000 2196.610169
-27606495.331607 -0.000000 2208.813559
-24639109.486926 -0.000000 2221.016949
-40732438.243225 -0.000000 2233.220339
-1189335620.257730 -0.000000 2245.423729
-10010933.400004 -0.000000 2257.627119
7858667.394206 0.000000 2269.830508
8008575.536338 0.000000 2282.033898
6352475.229591 0.000000 2294.237288
4383034.674605 0.000000 2306.440678
1747486.070147 0.000000 2318.644068
-251890.357583 -0.000000 2330.847458
-1120175.396725 -0.000000 2343.050847
-900597.495138 -0.000000 2355.254237
77.811679 0.000000 2367.457627
1236007.483039 0.000000 2379.661017
2532310.143460 0.000000 2391.864407
3768629.250412 0.000000 2404.067797
4876018.276751 0.000000 2416.271186
5857557.420157 0.000000 2428.474576
6715803.446463 0.000000 2440.677966
7477013.112226 0.000000 2452.881356
8151498.459572 0.000000 2465.084746
8758453.632731 0.000000 2477.288136
9303461.780012 0.000000 2489.491525
9798099.194696 0.000000 2501.694915
10244796.164448 0.000000 2513.898305
10651206.538221 0.000000 2526.101695
11018730.303085 0.000000 2538.305085
11353565.970384 0.000000 2550.508475
11656723.402922 0.000000 2562.711864
11933717.854404 0.000000 2574.915254
12184797.205132 0.000000 2587.118644
12415213.537158 0.000000 2599.322034
12624369.092204 0.000000 2611.525424
12817684.028047 0.000000 2623.728814
12993080.067730 0.000000 2635.932203
13153520.334233 0.000000 2648.135593
13288942.395916 0.000000 2660.338983
13391551.149293 0.000000 2672.542373
13451426.600329 0.000000 2684.745763
13493631.264341 0.000000 2696.949153
13562491.161800 0.000000 2709.152542
13680114.076376 0.000000 2721.355932
13801720.837908 0.000000 2733.559322
13863599.506124 0.000000 2745.762712
13854851.843720 0.000000 2757.966102
13821663.845169 0.000000 2770.169492
13830032.323683 0.000000 2782.372881
13902107.096161 0.000000 2794.576271
14021623.728074 0.000000 2806.779661
14123080.003957 0.000000 2818.983051
14148644.105922 0.000000 2831.186441
14040397.149935 0.000000 2843.389831
13747499.223462 0.000000 2855.593220
13170487.117020 0.000000 2867.796610
12174831.213539 0.000000 2880.000000
10524872.895477 0.000000 2892.203390
7902725.973092 0.000000 2904.406780
4206742.980164 0.000000 2916.610169
652637.308332 0.000000 2928.813559
233767.803001 0.000000 2941.016949
7998572.617556 0.000000 2953.220339
23199704.875374 0.000000 2965.423729
30537941.224228 0.000000 2977.627119
30285394.125071 0.000000 2989.830508
30524284.122123 0.000000 3002.033898
30979068.760670 0.000000 3014.237288
31118227.281916 0.000000 3026.440678
31189924.067903 0.000000 3038.644068
30748992.007520 0.000000 3050.847458
30299267.912901 0.000000 3063.050847
30184930.215340 0.000000 3075.254237
29828147.403466 0.000000 3087.457627
29508374.236360 0.000000 3099.661017
29234541.912413 0.000000 3111.864407
28980773.588311 0.000000 3124.067797
28804140.365332 0.000000 3136.271186
28662419.708946 0.000000 3148.474576
28548636.810415 0.000000 3160.677966
28446015.451522 0.000000 3172.881356
28353879.398270 0.000000 3185.084746
28267650.475482 0.000000 3197.288136
28201466.567147 0.000000 3209.491525
28163847.376226 0.000000 3221.694915
28196572.519584 0.000000 3233.898305
28338550.100456 0.000000 3246.101695
28737636.891117 0.000000 3258.305085
29101840.194396 0.000000 3270.508475
28913010.415345 0.000000 3282.711864
30211100.426151 0.000000 3294.915254
33246938.977126 0.000000 3307.118644
34399897.930321 0.000000 3319.322034
33237136.892926 0.000000 3331.525424
31054420.838911 0.000000 3343.728814
29276514.873327 0.000000 3355.932203
28510385.771041 0.000000 3368.135593
21182888.097200 0.000000 3380.338983
-480812.176856 -0.000000 3392.542373
6877506.186544 0.000000 3404.745763
36807.959356 0.000000 3416.949153
62466.562427 0.000000 3429.152542
87686.855216 0.000000 3441.355932
111442.501507 0.000000 3453.559322
133449.435425 0.000000 3465.762712
153194.297290 0.000000 3477.966102
170506.826708 0.000000 3490.169492
185308.942408 0.000000 3502.372881
197699.892555 0.000000 3514.576271
207846.124041 0.000000 3526.779661
215976.688792 0.000000 3538.983051
222322.567825 0.000000 3551.186441
227108.171769 0.000000 3563.389831
230521.484467 0.000000 3575.593220
232712.905682 0.000000 3587.796610
233782.685938 0.000000 3600.000000
