27436.465049 0.000000 0.000000
27450.423570 0.000000 12.203390
27478.260966 0.000000 24.406780
27520.124702 0.000000 36.610169
27575.927981 0.000000 48.813559
27645.720104 0.000000 61.016949
27729.467819 0.000000 73.220339
27827.231147 0.000000 85.423729
27938.974675 0.000000 97.627119
28064.780263 0.000000 109.830508
28204.607539 0.000000 122.033898
28358.564071 0.000000 134.237288
28526.605579 0.000000 146.440678
28708.866500 0.000000 158.644068
28905.297801 0.000000 170.847458
29116.060520 0.000000 183.050847
29341.098562 0.000000 195.254237
29580.597278 0.000000 207.457627
29834.488907 0.000000 219.661017
30102.978521 0.000000 231.864407
30385.979935 0.000000 244.067797
30683.711835 0.000000 256.271186
30996.061198 0.000000 268.474576
31323.252965 0.000000 280.677966
31665.138343 0.000000 292.881356
32021.940970 0.000000 305.084746
32393.466748 0.000000 317.288136
32779.931322 0.000000 329.491525
33181.086808 0.000000 341.694915
33597.135818 0.000000 353.898305
34027.770863 0.000000 366.101695
34473.178147 0.000000 378.305085
34932.985769 0.000000 390.508475
35407.364107 0.000000 402.711864
35895.874964 0.000000 414.915254
36398.674866 0.000000 427.118644
36915.260682 0.000000 439.322034
37445.780165 0.000000 451.525424
37989.667123 0.000000 463.728814
38547.068704 0.000000 475.932203
39117.359449 0.000000 488.135593
39700.693996 0.000000 500.338983
40296.393380 0.000000 512.542373
40904.629877 0.000000 524.745763
41524.676078 0.000000 536.949153
42156.733969 0.000000 549.152542
42800.033942 0.000000 561.355932
43454.818556 0.000000 573.559322
44120.283105 0.000000 585.762712
44796.726167 0.000000 597.966102
45483.314938 0.000000 610.169492
46180.418768 0.000000 622.372881
46887.187109 0.000000 634.576271
47604.078493 0.000000 646.779661
48330.235296 0.000000 658.983051
49066.227119 0.000000 671.186441
49811.203021 0.000000 683.389831
50565.867888 0.000000 695.593220
51329.393625 0.000000 707.796610
52102.648823 0.000000 720.000000
52884.846197 0.000000 732.203390
53677.049543 0.000000 744.406780
54478.531654 0.000000 756.610169
55290.584459 0.000000 768.813559
56112.561914 0.000000 781.016949
56946.019307 0.000000 793.220339
57790.410366 0.000000 805.423729
58647.591405 0.000000 817.627119
59517.134434 0.000000 829.830508
60401.230392 0.000000 842.033898
61299.585351 0.000000 854.237288
62214.761192 0.000000 866.440678
63146.609353 0.000000 878.644068
64098.095344 0.000000 890.847458
65069.222502 0.000000 903.050847
66063.392202 0.000000 915.254237
67080.761272 0.000000 927.457627
68125.193967 0.000000 939.661017
69196.996231 0.000000 951.864407
70300.521255 0.000000 964.067797
71436.211931 0.000000 976.271186
72608.933009 0.000000 988.474576
73819.242662 0.000000 1000.677966
75072.535751 0.000000 1012.881356
76369.457953 0.000000 1025.084746
77715.948824 0.000000 1037.288136
79112.699564 0.000000 1049.491525
80566.203733 0.000000 1061.694915
82077.146989 0.000000 1073.898305
83652.582714 0.000000 1086.101695
85293.124118 0.000000 1098.305085
87006.384065 0.000000 1110.508475
88792.824166 0.000000 1122.711864
90660.612799 0.000000 1134.915254
92609.963588 0.000000 1147.118644
94649.591758 0.000000 1159.322034
96779.352339 0.000000 1171.525424
99008.499059 0.000000 1183.728814
101336.401985 0.000000 1195.932203
103772.847879 0.000000 1208.135593
106316.583920 0.000000 1220.338983
108977.930824 0.000000 1232.542373
111754.865399 0.000000 1244.745763
114658.262870 0.000000 1256.949153
117685.177827 0.000000 1269.152542
120847.082152 0.000000 1281.355932
124139.959134 0.000000 1293.559322
127575.957125 0.000000 1305.762712
131149.844093 0.000000 1317.966102
134874.568473 0.000000 1330.169492
138743.549005 0.000000 1342.372881
142770.707571 0.000000 1354.576271
146947.986684 0.000000 1366.779661
151290.501815 0.000000 1378.983051
155788.582392 0.000000 1391.186441
160458.796398 0.000000 1403.389831
165289.680530 0.000000 1415.593220
170299.508597 0.000000 1427.796610
175474.754033 0.000000 1440.000000
180835.585370 0.000000 1452.203390
186365.951365 0.000000 1464.406780
192087.941473 0.000000 1476.610169
197982.203445 0.000000 1488.813559
204072.456251 0.000000 1501.016949
210334.766707 0.000000 1513.220339
216793.672295 0.000000 1525.423729
223418.632481 0.000000 1537.627119
230233.384569 0.000000 1549.830508
237197.675885 0.000000 1562.033898
244331.647055 0.000000 1574.237288
251580.731229 0.000000 1586.440678
258956.982588 0.000000 1598.644068
266384.840944 0.000000 1610.847458
273861.394358 0.000000 1623.050847
281280.542654 0.000000 1635.254237
288614.105245 0.000000 1647.457627
295711.879597 0.000000 1659.661017
302505.169125 0.000000 1671.864407
308780.355342 0.000000 1684.067797
314405.639207 0.000000 1696.271186
319076.239840 0.000000 1708.474576
322563.578599 0.000000 1720.677966
324431.356521 0.000000 1732.881356
324303.569226 0.000000 1745.084746
321553.064040 0.000000 1757.288136
315579.851570 0.000000 1769.491525
305478.404114 0.000000 1781.694915
290309.694461 0.000000 1793.898305
268762.496025 0.000000 1806.101695
239390.619493 0.000000 1818.305085
200300.755588 0.000000 1830.508475
149311.568513 0.000000 1842.711864
83733.688915 0.000000 1854.915254
398.001674 0.000000 1867.118644
-104344.979745 -0.000000 1879.322034
-234754.774286 -0.000000 1891.525424
-395251.636081 -0.000000 1903.728814
-590583.574242 -0.000000 1915.932203
-824596.633008 -0.000000 1928.135593
-1099671.337447 -0.000000 1940.338983
-1415122.055154 -0.000000 1952.542373
-1759839.741866 -0.000000 1964.745763
-2128647.783382 -0.000000 1976.949153
-2410725.528366 -0.000000 1989.152542
-2839630.149444 -0.000000 2001.355932
-3984079.153644 -0.000000 2013.559322
-10508746.250374 -0.000000 2025.762712
-20135946.169066 -0.000000 2037.966102
-20368919.502507 -0.000000 2050.169492
-32003309.909077 -0.000000 2062.372881
-1787409347.110212 -0.000000 2074.576271
-9538165.080914 -0.000000 2086.779661
-4281436.094223 -0.000000 2098.983051
-5552351.208221 -0.000000 2111.186441
-5552548.658192 -0.000000 2123.389831
-6466256.537179 -0.000000 2135.593220
-7350308.323272 -0.000000 2147.796610
-7672686.705811 -0.000000 2160.000000
-7210744.945464 -0.000000 2172.203390
-6027987.184185 -0.000000 2184.406780
-4324711.120350 -0.000000 2196.610169
-2373101.084678 -0.000000 2208.813559
-422344.323202 -0.000000 2221.016949
1367167.523049 0.000000 2233.220339
2935923.053720 0.000000 2245.423729
4293981.428269 0.000000 2257.627119
5476156.229139 0.000000 2269.830508
6526594.871438 0.000000 2282.033898
7471663.649276 0.000000 2294.237288
8336591.839399 0.000000 2306.440678
9127771.067979 0.000000 2318.644068
9856915.126458 0.000000 2330.847458
10523315.526322 0.000000 2343.050847
11134587.378464 0.000000 2355.254237
11690079.784509 0.000000 2367.457627
12196558.500951 0.000000 2379.661017
12654798.872323 0.000000 2391.864407
13070885.701245 0.000000 2404.067797
13446459.100984 0.000000 2416.271186
13787083.877298 0.000000 2428.474576
14094782.784330 0.000000 2440.677966
14374931.624229 0.000000 2452.881356
14628602.035377 0.000000 2465.084746
14858346.272453 0.000000 2477.288136
15056412.690011 0.000000 2489.491525
15208210.117750 0.000000 2501.694915
15300555.749396 0.000000 2513.898305
15347864.876251 0.000000 2526.101695
15372846.251490 0.000000 2538.305085
15411355.873518 0.000000 2550.508475
15443378.585220 0.000000 2562.711864
15459721.957303 0.000000 2574.915254
15466261.684314 0.000000 2587.118644
15482975.249769 0.000000 2599.322034
15466910.329706 0.000000 2611.525424
15332796.424045 0.000000 2623.728814
15005485.226830 0.000000 2635.932203
14401249.793746 0.000000 2648.135593
13222669.763237 0.000000 2660.338983
10899970.531597 0.000000 2672.542373
6705314.185372 0.000000 2684.745763
1799677.055433 0.000000 2696.949153
-565632.482905 -0.000000 2709.152542
7093211.659053 0.000000 2721.355932
23632059.349109 0.000000 2733.559322
29565669.692670 0.000000 2745.762712
29122204.054824 0.000000 2757.966102
29499234.438035 0.000000 2770.169492
30191538.153194 0.000000 2782.372881
30600381.234459 0.000000 2794.576271
30627688.404780 0.000000 2806.779661
30380002.556767 0.000000 2818.983051
29938206.746273 0.000000 2831.186441
29795635.399874 0.000000 2843.389831
29652676.050430 0.000000 2855.593220
29305481.566300 0.000000 2867.796610
29010174.043727 0.000000 2880.000000
28742502.646530 0.000000 2892.203390
28537766.327063 0.000000 2904.406780
28402489.861314 0.000000 2916.610169
28308176.058760 0.000000 2928.813559
28228066.770116 0.000000 2941.016949
28141931.993731 0.000000 2953.220339
28045371.726247 0.000000 2965.423729
27959963.050505 0.000000 2977.627119
27907903.386429 0.000000 2989.830508
27937482.972103 0.000000 3002.033898
28064193.948850 0.000000 3014.237288
28416840.056420 0.000000 3026.440678
28741705.008017 0.000000 3038.644068
28565123.311833 0.000000 3050.847458
29401198.304867 0.000000 3063.050847
32164625.850284 0.000000 3075.254237
33538636.271404 0.000000 3087.457627
32956123.922412 0.000000 3099.661017
31033636.820480 0.000000 3111.864407
30055161.339153 0.000000 3124.067797
27922717.240756 0.000000 3136.271186
26349843.721214 0.000000 3148.474576
-914887.089496 -0.000000 3160.677966
14242754.581340 0.000000 3172.881356
28777.045888 0.000000 3185.084746
53042.044809 0.000000 3197.288136
80102.714907 0.000000 3209.491525
107612.459530 0.000000 3221.694915
134380.421155 0.000000 3233.898305
159126.942461 0.000000 3246.101695
181075.912839 0.000000 3258.305085
199773.552306 0.000000 3270.508475
215100.614987 0.000000 3282.711864
227158.150730 0.000000 3294.915254
236212.159216 0.000000 3307.118644
242599.982611 0.000000 3319.322034
246705.261738 0.000000 3331.525424
248894.314151 0.000000 3343.728814
249524.879257 0.000000 3355.932203
248904.299452 0.000000 3368.135593
247316.383930 0.000000 3380.338983
244990.885457 0.000000 3392.542373
242136.133610 0.000000 3404.745763
238913.747545 0.000000 3416.949153
235470.638584 0.000000 3429.152542
231916.604818 0.000000 3441.355932
228353.064343 0.000000 3453.559322
224852.995500 0.000000 3465.762712
221485.554301 0.000000 3477.966102
218298.466769 0.000000 3490.169492
215338.415712 0.000000 3502.372881
212636.114579 0.000000 3514.576271
210222.605264 0.000000 3526.779661
208117.198449 0.000000 3538.983051
206339.882733 0.000000 3551.186441
204902.245501 0.000000 3563.389831
203816.165632 0.000000 3575.593220
203087.843117 0.000000 3587.796610
202722.688210 0.000000 3600.000000
