29570.466107 0.000000 0.000000
29708.831113 0.000000 12.203390
29985.800408 0.000000 24.406780
30402.423301 0.000000 36.610169
30959.579533 0.000000 48.813559
31659.109240 0.000000 61.016949
32502.598011 0.000000 73.220339
33492.797959 0.000000 85.423729
34631.943590 0.000000 97.627119
35923.720016 0.000000 109.830508
37371.011994 0.000000 122.033898
38978.455930 0.000000 134.237288
40749.595497 0.000000 146.440678
42690.039711 0.000000 158.644068
44804.002220 0.000000 170.847458
47098.091763 0.000000 183.050847
49577.206348 0.000000 195.254237
52248.987359 0.000000 207.457627
55119.035043 0.000000 219.661017
58196.061893 0.000000 231.864407
61486.391913 0.000000 244.067797
64999.853634 0.000000 256.271186
68743.519805 0.000000 268.474576
72728.384621 0.000000 280.677966
76962.298856 0.000000 292.881356
81457.474949 0.000000 305.084746
86222.572110 0.000000 317.288136
91271.073283 0.000000 329.491525
96612.477214 0.000000 341.694915
102261.579926 0.000000 353.898305
108228.746009 0.000000 366.101695
114530.105443 0.000000 378.305085
121176.897769 0.000000 390.508475
128186.562531 0.000000 402.711864
135571.188176 0.000000 414.915254
143349.410386 0.000000 427.118644
151534.067119 0.000000 439.322034
160144.722476 0.000000 451.525424
169194.717054 0.000000 463.728814
178703.997780 0.000000 475.932203
188685.886832 0.000000 488.135593
199159.679150 0.000000 500.338983
210137.637976 0.000000 512.542373
221636.521263 0.000000 524.745763
233665.521247 0.000000 536.949153
246235.465483 0.000000 549.152542
259348.657454 0.000000 561.355932
273003.907834 0.000000 573.559322
287189.435706 0.000000 585.762712
301881.081173 0.000000 597.966102
317039.452192 0.000000 610.169492
332597.536388 0.000000 622.372881
348462.921061 0.000000 634.576271
364489.386054 0.000000 646.779661
380483.916662 0.000000 658.983051
396154.584194 0.000000 671.186441
411120.024595 0.000000 683.389831
424823.552941 0.000000 695.593220
436541.487232 0.000000 707.796610
445256.086105 0.000000 720.000000
449670.119081 0.000000 732.203390
448064.153887 0.000000 744.406780
438396.645910 0.000000 756.610169
418312.379215 0.000000 768.813559
385624.476193 0.000000 781.016949
338881.417036 0.000000 793.220339
278572.766576 0.000000 805.423729
208125.743744 0.000000 817.627119
134677.766200 0.000000 829.830508
68157.772485 0.000000 842.033898
38924918.395610 0.000000 854.237288
-2631099.047459 -0.000000 866.440678
-11194691.210664 -0.000000 878.644068
-13720744.807389 -0.000000 890.847458
-13077745.034509 -0.000000 903.050847
-12812688.248981 -0.000000 915.254237
-12793471.224446 -0.000000 927.457627
-12855889.480666 -0.000000 939.661017
-12859783.624695 -0.000000 951.864407
-12777660.468149 -0.000000 964.067797
-12653279.613221 -0.000000 976.271186
-12584350.273793 -0.000000 988.474576
-12600768.538957 -0.000000 1000.677966
-12670471.976474 -0.000000 1012.881356
-12739056.436992 -0.000000 1025.084746
-12775164.548212 -0.000000 1037.288136
-12780425.367007 -0.000000 1049.491525
-12772273.829774 -0.000000 1061.694915
-12767770.648285 -0.000000 1073.898305
-12767767.489968 -0.000000 1086.101695
-12760672.099519 -0.000000 1098.305085
-12749487.204696 -0.000000 1110.508475
-12743494.506350 -0.000000 1122.711864
-12743624.685126 -0.000000 1134.915254
-12746522.250468 -0.000000 1147.118644
-12750862.242814 -0.000000 1159.322034
-12753078.619513 -0.000000 1171.525424
-12751078.234503 -0.000000 1183.728814
-12751169.186606 -0.000000 1195.932203
-12745230.679451 -0.000000 1208.135593
-12736787.066530 -0.000000 1220.338983
-12739979.477754 -0.000000 1232.542373
-12752311.202854 -0.000000 1244.745763
-12762427.725216 -0.000000 1256.949153
-12767343.828199 -0.000000 1269.152542
-12757784.492192 -0.000000 1281.355932
-12733499.259590 -0.000000 1293.559322
-12718235.280591 -0.000000 1305.762712
-12735514.489609 -0.000000 1317.966102
-12754236.076817 -0.000000 1330.169492
-12748937.780303 -0.000000 1342.372881
-12724898.324125 -0.000000 1354.576271
-12697542.024342 -0.000000 1366.779661
-12674177.032021 -0.000000 1378.983051
-12648438.435508 -0.000000 1391.186441
-12621259.010888 -0.000000 1403.389831
-12593366.901679 -0.000000 1415.593220
-12565288.181146 -0.000000 1427.796610
-12534987.287042 -0.000000 1440.000000
-12481940.863962 -0.000000 1452.203390
-12405017.092343 -0.000000 1464.406780
-12327843.999830 -0.000000 1476.610169
-12254889.579074 -0.000000 1488.813559
-12186524.061548 -0.000000 1501.016949
-12124640.399472 -0.000000 1513.220339
-12058056.015071 -0.000000 1525.423729
-11980873.838557 -0.000000 1537.627119
-11890339.550102 -0.000000 1549.830508
-11795225.231190 -0.000000 1562.033898
-11701182.504412 -0.000000 1574.237288
-11610361.256248 -0.000000 1586.440678
-11514127.869181 -0.000000 1598.644068
-11412136.477243 -0.000000 1610.847458
-11313603.593849 -0.000000 1623.050847
-11228831.058054 -0.000000 1635.254237
-11154283.007291 -0.000000 1647.457627
-11076683.961204 -0.000000 1659.661017
-10974109.765648 -0.000000 1671.864407
-10818186.275377 -0.000000 1684.067797
-10613314.664014 -0.000000 1696.271186
-10447250.859283 -0.000000 1708.474576
-10352279.276704 -0.000000 1720.677966
-10235058.172518 -0.000000 1732.881356
-10021631.838614 -0.000000 1745.084746
-9697705.973205 -0.000000 1757.288136
-9236716.251703 -0.000000 1769.491525
-8581390.495319 -0.000000 1781.694915
-7663302.766339 -0.000000 1793.898305
-6377360.207262 -0.000000 1806.101695
-4601159.814090 -0.000000 1818.305085
-2185441.671288 -0.000000 1830.508475
977751.409113 0.000000 1842.711864
4826936.373638 0.000000 1854.915254
9295094.131760 0.000000 1867.118644
12358619.906962 0.000000 1879.322034
13320167.032183 0.000000 1891.525424
14489038.534152 0.000000 1903.728814
12622570.464006 0.000000 1915.932203
-8142873.404937 -0.000000 1928.135593
-20720784.703058 -0.000000 1940.338983
-18404429.933040 -0.000000 1952.542373
-44319227.088589 -0.000000 1964.745763
-23129698.596717 -0.000000 1976.949153
-15890919.725326 -0.000000 1989.152542
-13618407.157493 -0.000000 2001.355932
-12623557.128329 -0.000000 2013.559322
-12839580.002130 -0.000000 2025.762712
-13943495.803535 -0.000000 2037.966102
-15156997.028781 -0.000000 2050.169492
-16793820.272461 -0.000000 2062.372881
-18789394.087202 -0.000000 2074.576271
-22697480.533368 -0.000000 2086.779661
-21734619.178079 -0.000000 2098.983051
-245721108.825656 -0.000000 2111.186441
-24536920.722676 -0.000000 2123.389831
303039.761128 0.000000 2135.593220
176957984.414267 0.000000 2147.796610
21862190.250622 0.000000 2160.000000
16409131.375696 0.000000 2172.203390
17277598.293985 0.000000 2184.406780
9237921.185304 0.000000 2196.610169
7239886.595581 0.000000 2208.813559
16683185.823095 0.000000 2221.016949
19298658.635707 0.000000 2233.220339
25617586.567484 0.000000 2245.423729
40356556.506109 0.000000 2257.627119
26521731.381950 0.000000 2269.830508
10592518.584269 0.000000 2282.033898
4087711.681444 0.000000 2294.237288
-1335445.923674 -0.000000 2306.440678
-3222792.671335 -0.000000 2318.644068
-2740629.864546 -0.000000 2330.847458
-1128545.919346 -0.000000 2343.050847
777170.500818 0.000000 2355.254237
2584785.751950 0.000000 2367.457627
4167160.197942 0.000000 2379.661017
5516521.524001 0.000000 2391.864407
6632202.960559 0.000000 2404.067797
7533706.033135 0.000000 2416.271186
8250588.383091 0.000000 2428.474576
8831617.586235 0.000000 2440.677966
9312178.580156 0.000000 2452.881356
9721630.765301 0.000000 2465.084746
10075064.729698 0.000000 2477.288136
10384943.879188 0.000000 2489.491525
10657720.652523 0.000000 2501.694915
10900205.043301 0.000000 2513.898305
11115520.542771 0.000000 2526.101695
11307525.354531 0.000000 2538.305085
11473757.521655 0.000000 2550.508475
11611037.669228 0.000000 2562.711864
11711756.634813 0.000000 2574.915254
11785720.579154 0.000000 2587.118644
11857820.303452 0.000000 2599.322034
11957403.139515 0.000000 2611.525424
12076058.919581 0.000000 2623.728814
12187301.401587 0.000000 2635.932203
12272086.079591 0.000000 2648.135593
12334805.874961 0.000000 2660.338983
12384196.984021 0.000000 2672.542373
12427566.297673 0.000000 2684.745763
12468880.393576 0.000000 2696.949153
12507804.776975 0.000000 2709.152542
12545009.398319 0.000000 2721.355932
12570500.014275 0.000000 2733.559322
12576095.098166 0.000000 2745.762712
12548064.055266 0.000000 2757.966102
12507389.239329 0.000000 2770.169492
12480717.376858 0.000000 2782.372881
12475603.092383 0.000000 2794.576271
12406042.887324 0.000000 2806.779661
12151121.917880 0.000000 2818.983051
11587373.916968 0.000000 2831.186441
10655382.085314 0.000000 2843.389831
9304834.270029 0.000000 2855.593220
7375614.629133 0.000000 2867.796610
4659248.804607 0.000000 2880.000000
1498867.815600 0.000000 2892.203390
35929.844784 0.000000 2904.406780
4504053.372998 0.000000 2916.610169
17587821.936486 0.000000 2928.813559
29047281.810426 0.000000 2941.016949
30207819.827872 0.000000 2953.220339
30228043.760673 0.000000 2965.423729
30698730.822700 0.000000 2977.627119
30949380.287239 0.000000 2989.830508
31084020.203252 0.000000 3002.033898
30756135.465792 0.000000 3014.237288
30270369.905531 0.000000 3026.440678
30081553.835629 0.000000 3038.644068
29705717.278470 0.000000 3050.847458
29342543.426117 0.000000 3063.050847
29045871.674029 0.000000 3075.254237
28766418.507044 0.000000 3087.457627
28577333.823753 0.000000 3099.661017
28432786.388253 0.000000 3111.864407
28323097.978950 0.000000 3124.067797
28223913.994005 0.000000 3136.271186
28129403.536239 0.000000 3148.474576
28035086.623625 0.000000 3160.677966
27959636.628764 0.000000 3172.881356
27915911.629106 0.000000 3185.084746
27921435.212178 0.000000 3197.288136
28005809.556127 0.000000 3209.491525
28284400.295512 0.000000 3221.694915
28747779.745972 0.000000 3233.898305
28694338.079173 0.000000 3246.101695
29221562.572940 0.000000 3258.305085
31966847.098180 0.000000 3270.508475
34033725.319051 0.000000 3282.711864
33620133.182953 0.000000 3294.915254
31952196.300910 0.000000 3307.118644
30308869.981746 0.000000 3319.322034
26907872.396313 0.000000 3331.525424
27507176.733496 0.000000 3343.728814
5690633.538444 0.000000 3355.932203
4283083.554499 0.000000 3368.135593
10896.276756 0.000000 3380.338983
19578.356929 0.000000 3392.542373
28155.128149 0.000000 3404.745763
36188.880862 0.000000 3416.949153
43710.559617 0.000000 3429.152542
50468.512233 0.000000 3441.355932
56438.775408 0.000000 3453.559322
61566.292240 0.000000 3465.762712
65898.703372 0.000000 3477.966102
69483.788674 0.000000 3490.169492
72410.684162 0.000000 3502.372881
74759.585714 0.000000 3514.576271
76620.752478 0.000000 3526.779661
78068.433600 0.000000 3538.983051
79173.670813 0.000000 3551.186441
79990.614158 0.000000 3563.389831
80565.707213 0.000000 3575.593220
80930.703050 0.000000 3587.796610
81108.001114 0.000000 3600.000000
