585242.901245 0.000000 0.000000
586781.917042 0.000000 12.203390
589858.909304 0.000000 24.406780
594464.728003 0.000000 36.610169
600594.301328 0.000000 48.813559
608225.335738 0.000000 61.016949
617341.711087 0.000000 73.220339
627899.126101 0.000000 85.423729
639855.822633 0.000000 97.627119
653127.558398 0.000000 109.830508
667619.698896 0.000000 122.033898
683173.731794 0.000000 134.237288
699592.028546 0.000000 146.440678
716577.034819 0.000000 158.644068
733736.304961 0.000000 170.847458
750512.801253 0.000000 183.050847
766153.586944 0.000000 195.254237
779626.498587 0.000000 207.457627
789535.874819 0.000000 219.661017
794028.205681 0.000000 231.864407
790667.711543 0.000000 244.067797
776401.244098 0.000000 256.271186
747555.260557 0.000000 268.474576
700186.596563 0.000000 280.677966
630745.577252 0.000000 292.881356
537493.754818 0.000000 305.084746
422341.634504 0.000000 317.288136
292821.544933 0.000000 329.491525
162659.850249 0.000000 341.694915
5714475.978633 0.000000 353.898305
-849554.780651 -0.000000 366.101695
-6896155.969206 -0.000000 378.305085
-13109887.062912 -0.000000 390.508475
-13458072.991880 -0.000000 402.711864
-13090225.524041 -0.000000 414.915254
-12993296.944736 -0.000000 427.118644
-12960080.589994 -0.000000 439.322034
-12953403.569294 -0.000000 451.525424
-12902829.149183 -0.000000 463.728814
-12804069.074635 -0.000000 475.932203
-12674407.492123 -0.000000 488.135593
-12621442.271810 -0.000000 500.338983
-12716381.651472 -0.000000 512.542373
-12801138.150277 -0.000000 524.745763
-12820678.701810 -0.000000 536.949153
-12826059.865857 -0.000000 549.152542
-12823262.530210 -0.000000 561.355932
-12810831.795359 -0.000000 573.559322
-12786885.102096 -0.000000 585.762712
-12754969.672514 -0.000000 597.966102
-12720843.058426 -0.000000 610.169492
-12681079.298696 -0.000000 622.372881
-12638499.611554 -0.000000 634.576271
-12575578.725268 -0.000000 646.779661
-12492017.847852 -0.000000 658.983051
-12392302.760502 -0.000000 671.186441
-12271647.243634 -0.000000 683.389831
-12141387.222247 -0.000000 695.593220
-12008640.302289 -0.000000 707.796610
-11873196.839069 -0.000000 720.000000
-11735591.338296 -0.000000 732.203390
-11596060.674866 -0.000000 744.406780
-11454552.349791 -0.000000 756.610169
-11311430.631447 -0.000000 768.813559
-11166668.426152 -0.000000 781.016949
-11021266.584122 -0.000000 793.220339
-10876198.646025 -0.000000 805.423729
-10733837.282367 -0.000000 817.627119
-10595620.833557 -0.000000 829.830508
-10462379.383277 -0.000000 842.033898
-10331590.519165 -0.000000 854.237288
-10199849.670966 -0.000000 866.440678
-10063124.667413 -0.000000 878.644068
-9920660.957443 -0.000000 890.847458
-9773181.940465 -0.000000 903.050847
-9623616.997800 -0.000000 915.254237
-9473581.528577 -0.000000 927.457627
-9324845.509675 -0.000000 939.661017
-9177275.109245 -0.000000 951.864407
-9031367.190793 -0.000000 964.067797
-8886327.138865 -0.000000 976.271186
-8742459.189890 -0.000000 988.474576
-8598950.457696 -0.000000 1000.677966
-8456186.186261 -0.000000 1012.881356
-8313422.010807 -0.000000 1025.084746
-8171141.154388 -0.000000 1037.288136
-8028658.751004 -0.000000 1049.491525
-7886536.889409 -0.000000 1061.694915
-7744122.781764 -0.000000 1073.898305
-7602031.161397 -0.000000 1086.101695
-7459613.752057 -0.000000 1098.305085
-7317516.943531 -0.000000 1110.508475
-7175074.850720 -0.000000 1122.711864
-7032948.959542 -0.000000 1134.915254
-6890435.124889 -0.000000 1147.118644
-6748192.525715 -0.000000 1159.322034
-6605456.225573 -0.000000 1171.525424
-6462864.221785 -0.000000 1183.728814
-6319570.606918 -0.000000 1195.932203
-6176179.531821 -0.000000 1208.135593
-6031763.402835 -0.000000 1220.338983
-5886938.620704 -0.000000 1232.542373
-5740871.126727 -0.000000 1244.745763
-5594623.722272 -0.000000 1256.949153
-5448211.803343 -0.000000 1269.152542
-5303917.340318 -0.000000 1281.355932
-5162534.460559 -0.000000 1293.559322
-5025635.337294 -0.000000 1305.762712
-4891217.736666 -0.000000 1317.966102
-4757273.336911 -0.000000 1330.169492
-4619910.791182 -0.000000 1342.372881
-4478518.771362 -0.000000 1354.576271
-4332780.633248 -0.000000 1366.779661
-4185295.845049 -0.000000 1378.983051
-4036936.089813 -0.000000 1391.186441
-3889682.867801 -0.000000 1403.389831
-3743130.292607 -0.000000 1415.593220
-3598185.890297 -0.000000 1427.796610
-3453861.095434 -0.000000 1440.000000
-3310825.014037 -0.000000 1452.203390
-3168061.527778 -0.000000 1464.406780
-3026260.718386 -0.000000 1476.610169
-2884481.031262 -0.000000 1488.813559
-2743463.100974 -0.000000 1501.016949
-2602345.092029 -0.000000 1513.220339
-2461906.774171 -0.000000 1525.423729
-2321348.180819 -0.000000 1537.627119
-2181466.040058 -0.000000 1549.830508
-2041500.506999 -0.000000 1562.033898
-1902244.943688 -0.000000 1574.237288
-1762960.043987 -0.000000 1586.440678
-1624417.483562 -0.000000 1598.644068
-1485877.978736 -0.000000 1610.847458
-1348072.248558 -0.000000 1623.050847
-1210238.147657 -0.000000 1635.254237
-1073048.071385 -0.000000 1647.457627
-935696.546184 -0.000000 1659.661017
-798796.364988 -0.000000 1671.864407
-661524.760554 -0.000000 1684.067797
-524589.804862 -0.000000 1696.271186
-387517.241443 -0.000000 1708.474576
-251785.245080 -0.000000 1720.677966
-117918.186011 -0.000000 1732.881356
11932.627098 0.000000 1745.084746
138101.916924 0.000000 1757.288136
261114.065576 0.000000 1769.491525
384995.103512 0.000000 1781.694915
512375.702640 0.000000 1793.898305
646899.125900 0.000000 1806.101695
788957.796335 0.000000 1818.305085
941177.895166 0.000000 1830.508475
1105473.040157 0.000000 1842.711864
1289342.231817 0.000000 1854.915254
1502261.378462 0.000000 1867.118644
1762564.027041 0.000000 1879.322034
2095066.902766 0.000000 1891.525424
2539874.838502 0.000000 1903.728814
3151967.636711 0.000000 1915.932203
4007932.796166 0.000000 1928.135593
5196400.070567 0.000000 1940.338983
6801223.613003 0.000000 1952.542373
8716758.093789 0.000000 1964.745763
11445569.465376 0.000000 1976.949153
13534256.690139 0.000000 1989.152542
13461926.693410 0.000000 2001.355932
13697199.398303 0.000000 2013.559322
12157054.584557 0.000000 2025.762712
3349739.462512 0.000000 2037.966102
-9493960.743913 -0.000000 2050.169492
-21996343.899211 -0.000000 2062.372881
-47256570.721852 -0.000000 2074.576271
-32100935.189124 -0.000000 2086.779661
-18881939.640584 -0.000000 2098.983051
-14861638.506326 -0.000000 2111.186441
-13885516.951687 -0.000000 2123.389831
-15249683.982659 -0.000000 2135.593220
-17877447.898874 -0.000000 2147.796610
-20342281.528603 -0.000000 2160.000000
-22363417.306855 -0.000000 2172.203390
-23897167.399290 -0.000000 2184.406780
-24918991.537169 -0.000000 2196.610169
-25226783.941002 -0.000000 2208.813559
-24848186.933108 -0.000000 2221.016949
-19017794.694882 -0.000000 2233.220339
-54430772.185116 -0.000000 2245.423729
-570761923.991773 -0.000000 2257.627119
284316.908625 0.000000 2269.830508
7163824.874960 0.000000 2282.033898
12176621.676679 0.000000 2294.237288
14368037.019746 0.000000 2306.440678
14287890.043980 0.000000 2318.644068
12010155.285447 0.000000 2330.847458
8400879.696070 0.000000 2343.050847
4871288.648212 0.000000 2355.254237
2469171.622554 0.000000 2367.457627
1491837.465923 0.000000 2379.661017
1671281.600392 0.000000 2391.864407
2530603.138845 0.000000 2404.067797
3692103.967377 0.000000 2416.271186
4898413.922856 0.000000 2428.474576
6039821.537595 0.000000 2440.677966
7060966.858954 0.000000 2452.881356
7967292.396574 0.000000 2465.084746
8763818.349523 0.000000 2477.288136
9473814.102597 0.000000 2489.491525
10107700.019613 0.000000 2501.694915
10681432.142843 0.000000 2513.898305
11201243.179085 0.000000 2526.101695
11675708.148999 0.000000 2538.305085
12108323.961089 0.000000 2550.508475
12503853.477918 0.000000 2562.711864
12864987.994817 0.000000 2574.915254
13194880.726082 0.000000 2587.118644
13495931.832822 0.000000 2599.322034
13770384.892479 0.000000 2611.525424
14020283.990270 0.000000 2623.728814
14247339.739594 0.000000 2635.932203
14453274.576010 0.000000 2648.135593
14639523.497506 0.000000 2660.338983
14807274.780759 0.000000 2672.542373
14957772.923637 0.000000 2684.745763
15091145.718874 0.000000 2696.949153
15209527.080044 0.000000 2709.152542
15305767.325995 0.000000 2721.355932
15378331.655159 0.000000 2733.559322
15430822.601448 0.000000 2745.762712
15460340.088816 0.000000 2757.966102
15478592.074108 0.000000 2770.169492
15498797.239239 0.000000 2782.372881
15516327.892242 0.000000 2794.576271
15533367.730589 0.000000 2806.779661
15542712.217875 0.000000 2818.983051
15551504.622554 0.000000 2831.186441
15560970.024138 0.000000 2843.389831
15577281.219418 0.000000 2855.593220
15603072.262763 0.000000 2867.796610
15531442.769295 0.000000 2880.000000
15258883.814672 0.000000 2892.203390
14745787.605932 0.000000 2904.406780
13890397.462040 0.000000 2916.610169
12426454.371593 0.000000 2928.813559
9702392.003306 0.000000 2941.016949
5213924.273394 0.000000 2953.220339
1209989.402911 0.000000 2965.423729
1556905.848929 0.000000 2977.627119
14109899.039190 0.000000 2989.830508
29027550.130821 0.000000 3002.033898
30330866.028159 0.000000 3014.237288
30248929.187388 0.000000 3026.440678
30997715.321755 0.000000 3038.644068
31516859.253152 0.000000 3050.847458
31727082.796832 0.000000 3063.050847
31691219.947738 0.000000 3075.254237
31149492.176757 0.000000 3087.457627
30812180.021952 0.000000 3099.661017
30651983.459313 0.000000 3111.864407
30263634.568514 0.000000 3124.067797
29924984.317798 0.000000 3136.271186
29629551.556943 0.000000 3148.474576
29392377.545328 0.000000 3160.677966
29236967.521993 0.000000 3172.881356
29123414.703738 0.000000 3185.084746
29032133.506338 0.000000 3197.288136
28948179.526016 0.000000 3209.491525
28868018.222086 0.000000 3221.694915
28797948.400474 0.000000 3233.898305
28750941.249105 0.000000 3246.101695
28752322.943054 0.000000 3258.305085
28832467.862348 0.000000 3270.508475
29093399.853927 0.000000 3282.711864
29476700.043892 0.000000 3294.915254
29492857.399319 0.000000 3307.118644
29847600.108883 0.000000 3319.322034
31996074.971497 0.000000 3331.525424
34172903.170200 0.000000 3343.728814
34410349.465172 0.000000 3355.932203
33187988.604939 0.000000 3368.135593
31846291.923083 0.000000 3380.338983
29241244.185647 0.000000 3392.542373
31868404.422221 0.000000 3404.745763
8413215.427579 0.000000 3416.949153
88824060.463668 0.000000 3429.152542
72177.639024 0.000000 3441.355932
120109.322689 0.000000 3453.559322
166179.136301 0.000000 3465.762712
209174.482478 0.000000 3477.966102
248461.284441 0.000000 3490.169492
283360.223932 0.000000 3502.372881
313612.352886 0.000000 3514.576271
339153.182164 0.000000 3526.779661
360163.171074 0.000000 3538.983051
376924.702978 0.000000 3551.186441
389790.100255 0.000000 3563.389831
399093.062047 0.000000 3575.593220
405123.570647 0.000000 3587.796610
408084.936364 0.000000 3600.000000
