9624.179551 0.000000 0.000000
9676.423389 0.000000 12.203390
9781.172197 0.000000 24.406780
9938.792492 0.000000 36.610169
10150.233715 0.000000 48.813559
10415.967490 0.000000 61.016949
10737.707673 0.000000 73.220339
11116.148502 0.000000 85.423729
11553.728284 0.000000 97.627119
12051.378120 0.000000 109.830508
12612.285870 0.000000 122.033898
13237.627553 0.000000 134.237288
13931.379224 0.000000 146.440678
14694.968585 0.000000 158.644068
15533.206915 0.000000 170.847458
16447.780903 0.000000 183.050847
17444.393287 0.000000 195.254237
18524.996736 0.000000 207.457627
19696.251088 0.000000 219.661017
20960.381030 0.000000 231.864407
22325.078851 0.000000 244.067797
23792.846715 0.000000 256.271186
25372.495241 0.000000 268.474576
27066.807979 0.000000 280.677966
28885.812150 0.000000 292.881356
30832.575051 0.000000 305.084746
32918.450364 0.000000 317.288136
35146.790420 0.000000 329.491525
37530.399846 0.000000 341.694915
40072.914366 0.000000 353.898305
42788.729993 0.000000 366.101695
45681.761989 0.000000 378.305085
48768.153434 0.000000 390.508475
52052.092886 0.000000 402.711864
55551.644930 0.000000 414.915254
59271.259629 0.000000 427.118644
63231.116768 0.000000 439.322034
67435.913356 0.000000 451.525424
71908.155813 0.000000 463.728814
76652.767994 0.000000 475.932203
81694.816285 0.000000 488.135593
87039.423388 0.000000 500.338983
92714.469329 0.000000 512.542373
98725.243381 0.000000 524.745763
105102.711138 0.000000 536.949153
111852.289355 0.000000 549.152542
119008.321615 0.000000 561.355932
126576.306131 0.000000 573.559322
134594.272816 0.000000 585.762712
143067.754242 0.000000 597.966102
152038.786643 0.000000 610.169492
161512.887712 0.000000 622.372881
171536.427130 0.000000 634.576271
182114.863605 0.000000 646.779661
193299.220972 0.000000 658.983051
205094.865190 0.000000 671.186441
217557.772117 0.000000 683.389831
230693.194625 0.000000 695.593220
244562.309756 0.000000 707.796610
259170.257414 0.000000 720.000000
274583.571296 0.000000 732.203390
290807.287887 0.000000 744.406780
307913.291489 0.000000 756.610169
325906.518570 0.000000 768.813559
344863.931823 0.000000 781.016949
364790.303007 0.000000 793.220339
385766.958708 0.000000 805.423729
407798.249655 0.000000 817.627119
430968.434265 0.000000 829.830508
455280.733411 0.000000 842.033898
480819.719514 0.000000 854.237288
507585.832845 0.000000 866.440678
535659.363081 0.000000 878.644068
565034.429070 0.000000 890.847458
595779.077028 0.000000 903.050847
627873.898873 0.000000 915.254237
661360.894458 0.000000 927.457627
696192.935799 0.000000 939.661017
732361.786481 0.000000 951.864407
769765.186648 0.000000 964.067797
808301.659357 0.000000 976.271186
847761.483616 0.000000 988.474576
887872.378397 0.000000 1000.677966
928218.220268 0.000000 1012.881356
968214.975457 0.000000 1025.084746
1007055.923515 0.000000 1037.288136
1043591.864860 0.000000 1049.491525
1076295.896190 0.000000 1061.694915
1103023.442630 0.000000 1073.898305
1121001.333785 0.000000 1086.101695
1126492.667474 0.000000 1098.305085
1114927.875401 0.000000 1110.508475
1080748.906733 0.000000 1122.711864
1018232.527221 0.000000 1134.915254
922401.235787 0.000000 1147.118644
791571.967330 0.000000 1159.322034
629836.015556 0.000000 1171.525424
449987.190424 0.000000 1183.728814
273257.522080 0.000000 1195.932203
125967.928871 0.000000 1208.135593
468019117.588546 0.000000 1220.338983
-2729236.567835 -0.000000 1232.542373
-8975289.650050 -0.000000 1244.745763
-12826590.724332 -0.000000 1256.949153
-13367602.842013 -0.000000 1269.152542
-13068069.874870 -0.000000 1281.355932
-13015987.319848 -0.000000 1293.559322
-13023105.589122 -0.000000 1305.762712
-12875219.161759 -0.000000 1317.966102
-12356845.713494 -0.000000 1330.169492
-11965292.220771 -0.000000 1342.372881
-11768631.551281 -0.000000 1354.576271
-11506764.792299 -0.000000 1366.779661
-11243443.570431 -0.000000 1378.983051
-11005257.093780 -0.000000 1391.186441
-10760028.759911 -0.000000 1403.389831
-10514432.772856 -0.000000 1415.593220
-10245803.919824 -0.000000 1427.796610
-9958318.649817 -0.000000 1440.000000
-9690665.807831 -0.000000 1452.203390
-9482604.879741 -0.000000 1464.406780
-9294963.647969 -0.000000 1476.610169
-9085482.004037 -0.000000 1488.813559
-8856362.415609 -0.000000 1501.016949
-8621461.343694 -0.000000 1513.220339
-8385447.212693 -0.000000 1525.423729
-8149298.401037 -0.000000 1537.627119
-7913643.350019 -0.000000 1549.830508
-7678480.651837 -0.000000 1562.033898
-7443884.787076 -0.000000 1574.237288
-7209136.846089 -0.000000 1586.440678
-6974276.691890 -0.000000 1598.644068
-6738330.614573 -0.000000 1610.847458
-6501698.486217 -0.000000 1623.050847
-6263817.814443 -0.000000 1635.254237
-6026256.582697 -0.000000 1647.457627
-5789040.963509 -0.000000 1659.661017
-5552977.023021 -0.000000 1671.864407
-5313491.219341 -0.000000 1684.067797
-5063248.110214 -0.000000 1696.271186
-4787786.208830 -0.000000 1708.474576
-4471020.584175 -0.000000 1720.677966
-4091510.232178 -0.000000 1732.881356
-3622035.847369 -0.000000 1745.084746
-3023323.383835 -0.000000 1757.288136
-2235685.954588 -0.000000 1769.491525
-1180317.040781 -0.000000 1781.694915
250888.954718 0.000000 1793.898305
2172662.367181 0.000000 1806.101695
4663163.115055 0.000000 1818.305085
7742737.018925 0.000000 1830.508475
11420527.393407 0.000000 1842.711864
13560542.557685 0.000000 1854.915254
13618817.944262 0.000000 1867.118644
13499045.216081 0.000000 1879.322034
7458031.549612 0.000000 1891.525424
-6900660.100026 -0.000000 1903.728814
-16817315.421521 -0.000000 1915.932203
-31743557.775105 -0.000000 1928.135593
-41864021.269446 -0.000000 1940.338983
-21406574.182642 -0.000000 1952.542373
-15703804.222100 -0.000000 1964.745763
-13770266.003764 -0.000000 1976.949153
-14074388.072927 -0.000000 1989.152542
-16561781.764414 -0.000000 2001.355932
-19965096.942409 -0.000000 2013.559322
-23444483.909637 -0.000000 2025.762712
-26924715.293476 -0.000000 2037.966102
-30627447.584720 -0.000000 2050.169492
-34562672.861961 -0.000000 2062.372881
-40285983.635370 -0.000000 2074.576271
-36901445.265048 -0.000000 2086.779661
-30781965.769628 -0.000000 2098.983051
-7473339677.905071 -0.000000 2111.186441
8661.733558 0.000000 2123.389831
13123022.392008 0.000000 2135.593220
11015887.428681 0.000000 2147.796610
571816.866552 0.000000 2160.000000
6499537784.973225 0.000000 2172.203390
18827329.896249 0.000000 2184.406780
53554233.421498 0.000000 2196.610169
55988005.849544 0.000000 2208.813559
13206526.415222 0.000000 2221.016949
11065038.413216 0.000000 2233.220339
7773981.087233 0.000000 2245.423729
2698282.115493 0.000000 2257.627119
-1417604.775587 -0.000000 2269.830508
-4121123.234596 -0.000000 2282.033898
-5243027.219374 -0.000000 2294.237288
-5122726.614244 -0.000000 2306.440678
-4284832.206187 -0.000000 2318.644068
-3121356.530848 -0.000000 2330.847458
-1907383.535048 -0.000000 2343.050847
-753672.702100 -0.000000 2355.254237
290924.053600 0.000000 2367.457627
1226142.747249 0.000000 2379.661017
2036691.612803 0.000000 2391.864407
2733919.301031 0.000000 2404.067797
3328577.077359 0.000000 2416.271186
3847006.546299 0.000000 2428.474576
4302464.500183 0.000000 2440.677966
4710699.113110 0.000000 2452.881356
5077527.532441 0.000000 2465.084746
5410761.758814 0.000000 2477.288136
5713239.464142 0.000000 2489.491525
5989323.825559 0.000000 2501.694915
6239923.874967 0.000000 2513.898305
6465872.704084 0.000000 2526.101695
6661475.879104 0.000000 2538.305085
6820454.575360 0.000000 2550.508475
6938852.732400 0.000000 2562.711864
7038886.951597 0.000000 2574.915254
7157758.800594 0.000000 2587.118644
7320358.348385 0.000000 2599.322034
7504017.285455 0.000000 2611.525424
7675097.438285 0.000000 2623.728814
7815539.153339 0.000000 2635.932203
7931512.927487 0.000000 2648.135593
8032543.448183 0.000000 2660.338983
8125657.234123 0.000000 2672.542373
8215014.551588 0.000000 2684.745763
8299953.367769 0.000000 2696.949153
8379555.185832 0.000000 2709.152542
8440278.655656 0.000000 2721.355932
8463568.851639 0.000000 2733.559322
8425287.777385 0.000000 2745.762712
8336192.200102 0.000000 2757.966102
8242061.235809 0.000000 2770.169492
8177889.839067 0.000000 2782.372881
8080651.896294 0.000000 2794.576271
7791809.725920 0.000000 2806.779661
7130211.995714 0.000000 2818.983051
5934504.536443 0.000000 2831.186441
4104614.257256 0.000000 2843.389831
1656081.891940 0.000000 2855.593220
-990033.256997 -0.000000 2867.796610
-2714851.659806 -0.000000 2880.000000
-1181837.961340 -0.000000 2892.203390
7575922.572224 0.000000 2904.406780
21496440.020783 0.000000 2916.610169
29338691.699622 0.000000 2928.813559
29911649.560130 0.000000 2941.016949
29772600.065923 0.000000 2953.220339
30194894.709926 0.000000 2965.423729
30555194.269273 0.000000 2977.627119
30168326.153125 0.000000 2989.830508
29760579.042567 0.000000 3002.033898
29566847.855326 0.000000 3014.237288
29143210.620236 0.000000 3026.440678
28792382.061218 0.000000 3038.644068
28495217.701027 0.000000 3050.847458
28230574.561710 0.000000 3063.050847
28057637.366825 0.000000 3075.254237
27922309.937325 0.000000 3087.457627
27813799.713326 0.000000 3099.661017
27717797.411562 0.000000 3111.864407
27624899.736089 0.000000 3124.067797
27537999.545313 0.000000 3136.271186
27465048.699590 0.000000 3148.474576
27433170.319414 0.000000 3160.677966
27458199.126587 0.000000 3172.881356
27572232.924269 0.000000 3185.084746
27815705.099816 0.000000 3197.288136
28271833.295672 0.000000 3209.491525
28613444.936577 0.000000 3221.694915
28631546.748311 0.000000 3233.898305
30032636.616483 0.000000 3246.101695
32550206.712169 0.000000 3258.305085
33311088.268894 0.000000 3270.508475
32172389.367661 0.000000 3282.711864
30065951.583808 0.000000 3294.915254
28148903.361435 0.000000 3307.118644
27434660.499543 0.000000 3319.322034
19776010.530753 0.000000 3331.525424
-966676.816100 -0.000000 3343.728814
-5015194.491987 -0.000000 3355.932203
-24513.944423 -0.000000 3368.135593
-41318.388981 -0.000000 3380.338983
-58681.753796 -0.000000 3392.542373
-76007.746799 -0.000000 3404.745763
-92473.365669 -0.000000 3416.949153
-107616.612478 -0.000000 3429.152542
-121073.668193 -0.000000 3441.355932
-132699.646093 -0.000000 3453.559322
-142483.702863 -0.000000 3465.762712
-150528.498311 -0.000000 3477.966102
-157005.799990 -0.000000 3490.169492
-162117.455516 -0.000000 3502.372881
-166078.171843 -0.000000 3514.576271
-169087.919380 -0.000000 3526.779661
-171332.134644 -0.000000 3538.983051
-172966.028085 -0.000000 3551.186441
-174121.811750 -0.000000 3563.389831
-174900.324181 -0.000000 3575.593220
-175378.392945 -0.000000 3587.796610
-175604.947631 -0.000000 3600.000000
