12722.515459 0.000000 0.000000
12792.445034 0.000000 12.203390
12932.551179 0.000000 24.406780
13143.571468 0.000000 36.610169
13426.408007 0.000000 48.813559
13782.284813 0.000000 61.016949
14212.829554 0.000000 73.220339
14719.877039 0.000000 85.423729
15305.734484 0.000000 97.627119
15972.875683 0.000000 109.830508
16724.302010 0.000000 122.033898
17563.153334 0.000000 134.237288
18493.149626 0.000000 146.440678
19518.127984 0.000000 158.644068
20642.555588 0.000000 170.847458
21871.003912 0.000000 183.050847
23208.720508 0.000000 195.254237
24661.053867 0.000000 207.457627
26234.068746 0.000000 219.661017
27933.938634 0.000000 231.864407
29767.585469 0.000000 244.067797
31742.061641 0.000000 256.271186
33865.189064 0.000000 268.474576
36144.958832 0.000000 280.677966
38590.138788 0.000000 292.881356
41209.725082 0.000000 305.084746
44013.479120 0.000000 317.288136
47011.476354 0.000000 329.491525
50214.521922 0.000000 341.694915
53633.853265 0.000000 353.898305
57281.372734 0.000000 366.101695
61169.572174 0.000000 378.305085
65311.505782 0.000000 390.508475
69721.025283 0.000000 402.711864
74412.394121 0.000000 414.915254
79400.942040 0.000000 427.118644
84702.202263 0.000000 439.322034
90333.117639 0.000000 451.525424
96310.552112 0.000000 463.728814
102653.216536 0.000000 475.932203
109379.367983 0.000000 488.135593
116509.659915 0.000000 500.338983
124063.806009 0.000000 512.542373
132064.601969 0.000000 524.745763
140533.278800 0.000000 536.949153
149495.001748 0.000000 549.152542
158972.576161 0.000000 561.355932
168993.789994 0.000000 573.559322
179583.072862 0.000000 585.762712
190771.121534 0.000000 597.966102
202584.026165 0.000000 610.169492
215055.702616 0.000000 622.372881
228213.919796 0.000000 634.576271
242096.145441 0.000000 646.779661
256731.810392 0.000000 658.983051
272162.272190 0.000000 671.186441
288418.555851 0.000000 683.389831
305546.220924 0.000000 695.593220
323577.730195 0.000000 707.796610
342563.076189 0.000000 720.000000
362535.854515 0.000000 732.203390
383550.533545 0.000000 744.406780
405641.278428 0.000000 756.610169
428866.705653 0.000000 768.813559
453260.534973 0.000000 781.016949
478884.510029 0.000000 793.220339
505770.075500 0.000000 805.423729
533979.823231 0.000000 817.627119
563539.627493 0.000000 829.830508
594508.369656 0.000000 842.033898
626900.377750 0.000000 854.237288
660762.200453 0.000000 866.440678
696085.686840 0.000000 878.644068
732889.070296 0.000000 890.847458
771121.546757 0.000000 903.050847
810743.650388 0.000000 915.254237
851624.385399 0.000000 927.457627
893612.456387 0.000000 939.661017
936426.324557 0.000000 951.864407
979702.786537 0.000000 964.067797
1022877.669232 0.000000 976.271186
1065191.001602 0.000000 988.474576
1105550.756214 0.000000 1000.677966
1142465.852402 0.000000 1012.881356
1173881.883432 0.000000 1025.084746
1197018.836519 0.000000 1037.288136
1208199.674263 0.000000 1049.491525
1202664.992130 0.000000 1061.694915
1174633.578604 0.000000 1073.898305
1117602.530181 0.000000 1086.101695
1025556.720987 0.000000 1098.305085
894979.356058 0.000000 1110.508475
728121.009371 0.000000 1122.711864
535955.322801 0.000000 1134.915254
339512.021075 0.000000 1147.118644
166689.968408 0.000000 1159.322034
153733859.329406 0.000000 1171.525424
25844.367160 0.000000 1183.728814
-4748226.865434 -0.000000 1195.932203
-10827240.506818 -0.000000 1208.135593
-13560362.526629 -0.000000 1220.338983
-13344504.836979 -0.000000 1232.542373
-13107509.859634 -0.000000 1244.745763
-13103397.707283 -0.000000 1256.949153
-13030411.877249 -0.000000 1269.152542
-12551473.524506 -0.000000 1281.355932
-11937855.950617 -0.000000 1293.559322
-11592492.816219 -0.000000 1305.762712
-11233208.123362 -0.000000 1317.966102
-10866592.825541 -0.000000 1330.169492
-10563202.245788 -0.000000 1342.372881
-10282201.696575 -0.000000 1354.576271
-10015366.335893 -0.000000 1366.779661
-9756296.007163 -0.000000 1378.983051
-9511456.002367 -0.000000 1391.186441
-9284510.060724 -0.000000 1403.389831
-9071063.393949 -0.000000 1415.593220
-8853227.319801 -0.000000 1427.796610
-8616322.221963 -0.000000 1440.000000
-8354865.339406 -0.000000 1452.203390
-8076904.606990 -0.000000 1464.406780
-7789660.943371 -0.000000 1476.610169
-7499650.987358 -0.000000 1488.813559
-7208561.764327 -0.000000 1501.016949
-6924257.049751 -0.000000 1513.220339
-6656759.133933 -0.000000 1525.423729
-6420381.095864 -0.000000 1537.627119
-6216243.526488 -0.000000 1549.830508
-6031468.162839 -0.000000 1562.033898
-5834593.121067 -0.000000 1574.237288
-5603308.103947 -0.000000 1586.440678
-5337142.307813 -0.000000 1598.644068
-5059626.249981 -0.000000 1610.847458
-4786509.007978 -0.000000 1623.050847
-4522590.421781 -0.000000 1635.254237
-4262590.485123 -0.000000 1647.457627
-4004183.367217 -0.000000 1659.661017
-3745572.965346 -0.000000 1671.864407
-3487062.741895 -0.000000 1684.067797
-3227203.180789 -0.000000 1696.271186
-2963451.567846 -0.000000 1708.474576
-2691116.359132 -0.000000 1720.677966
-2402948.151945 -0.000000 1732.881356
-2088030.811682 -0.000000 1745.084746
-1729758.441261 -0.000000 1757.288136
-1302940.376271 -0.000000 1769.491525
-770265.248993 -0.000000 1781.694915
-77433.086777 -0.000000 1793.898305
851735.230416 0.000000 1806.101695
2106134.262602 0.000000 1818.305085
3810994.965350 0.000000 1830.508475
5937011.956873 0.000000 1842.711864
8751389.644071 0.000000 1854.915254
12164439.426189 0.000000 1867.118644
13609099.261407 0.000000 1879.322034
13500846.234821 0.000000 1891.525424
14025034.875041 0.000000 1903.728814
9730285.826004 0.000000 1915.932203
-4072233.952905 -0.000000 1928.135593
-14514367.393013 -0.000000 1940.338983
-29232300.806441 -0.000000 1952.542373
-47070941.269768 -0.000000 1964.745763
-22747437.576943 -0.000000 1976.949153
-16170267.508324 -0.000000 1989.152542
-14007824.903647 -0.000000 2001.355932
-14381490.207668 -0.000000 2013.559322
-17010283.567570 -0.000000 2025.762712
-20388934.042278 -0.000000 2037.966102
-23559965.865712 -0.000000 2050.169492
-26360940.804351 -0.000000 2062.372881
-28708167.454061 -0.000000 2074.576271
-30696122.363087 -0.000000 2086.779661
-32426431.169108 -0.000000 2098.983051
-33756966.340220 -0.000000 2111.186441
-33112788.839345 -0.000000 2123.389831
-26552359.337377 -0.000000 2135.593220
-22206845.173678 -0.000000 2147.796610
-39382383.595326 -0.000000 2160.000000
-40315805.630201 -0.000000 2172.203390
-23637421.158677 -0.000000 2184.406780
-18436614.452834 -0.000000 2196.610169
-14120168.106159 -0.000000 2208.813559
-13885394.833092 -0.000000 2221.016949
-14431729.289396 -0.000000 2233.220339
-12640651.409497 -0.000000 2245.423729
-10028038.169814 -0.000000 2257.627119
-7658201.122505 -0.000000 2269.830508
-5480745.988329 -0.000000 2282.033898
-3488606.862255 -0.000000 2294.237288
-1834079.146980 -0.000000 2306.440678
-530881.084970 -0.000000 2318.644068
495006.012622 0.000000 2330.847458
1329149.558432 0.000000 2343.050847
2045326.783968 0.000000 2355.254237
2685495.912718 0.000000 2367.457627
3275743.314301 0.000000 2379.661017
3824384.485490 0.000000 2391.864407
4337074.920010 0.000000 2404.067797
4813405.939146 0.000000 2416.271186
5254532.936129 0.000000 2428.474576
5658329.521597 0.000000 2440.677966
6021388.518001 0.000000 2452.881356
6339100.082184 0.000000 2465.084746
6613125.622677 0.000000 2477.288136
6864043.054075 0.000000 2489.491525
7117936.624022 0.000000 2501.694915
7383352.532097 0.000000 2513.898305
7637988.405441 0.000000 2526.101695
7865106.159441 0.000000 2538.305085
8059633.240993 0.000000 2550.508475
8231999.387357 0.000000 2562.711864
8386328.423802 0.000000 2574.915254
8527424.204546 0.000000 2587.118644
8649246.552164 0.000000 2599.322034
8748323.809684 0.000000 2611.525424
8822910.623012 0.000000 2623.728814
8893691.146318 0.000000 2635.932203
8987172.385159 0.000000 2648.135593
9110213.677026 0.000000 2660.338983
9238242.911604 0.000000 2672.542373
9342833.389551 0.000000 2684.745763
9408770.167310 0.000000 2696.949153
9414063.764214 0.000000 2709.152542
9323544.623994 0.000000 2721.355932
9071820.084008 0.000000 2733.559322
8592005.453214 0.000000 2745.762712
7797953.993914 0.000000 2757.966102
6581008.714029 0.000000 2770.169492
4802260.643827 0.000000 2782.372881
2410831.417020 0.000000 2794.576271
-260698.320900 -0.000000 2806.779661
-2042337.119457 -0.000000 2818.983051
-717083.470401 -0.000000 2831.186441
7830951.033958 0.000000 2843.389831
22016551.789897 0.000000 2855.593220
29383046.918227 0.000000 2867.796610
29759919.700509 0.000000 2880.000000
29793898.050463 0.000000 2892.203390
30297652.994489 0.000000 2904.406780
30711270.565375 0.000000 2916.610169
30530038.730593 0.000000 2928.813559
30135881.904586 0.000000 2941.016949
29943561.320089 0.000000 2953.220339
29575732.872461 0.000000 2965.423729
29159499.586947 0.000000 2977.627119
28816838.399716 0.000000 2989.830508
28486504.745234 0.000000 3002.033898
28266847.059763 0.000000 3014.237288
28121925.361480 0.000000 3026.440678
28035018.115175 0.000000 3038.644068
27977653.906652 0.000000 3050.847458
27934183.778375 0.000000 3063.050847
27899499.748777 0.000000 3075.254237
27875108.754895 0.000000 3087.457627
27875560.264375 0.000000 3099.661017
27913889.876744 0.000000 3111.864407
28023719.143411 0.000000 3124.067797
28258579.212282 0.000000 3136.271186
28637737.122877 0.000000 3148.474576
28910690.261668 0.000000 3160.677966
28994024.538328 0.000000 3172.881356
30197268.793604 0.000000 3185.084746
32390044.927584 0.000000 3197.288136
33259796.004060 0.000000 3209.491525
32565181.943143 0.000000 3221.694915
30879629.330499 0.000000 3233.898305
29182939.388751 0.000000 3246.101695
29161924.361798 0.000000 3258.305085
22049922.969446 0.000000 3270.508475
-1721413.889659 -0.000000 3282.711864
-2199740.387590 -0.000000 3294.915254
-7191.195259 -0.000000 3307.118644
-12497.107748 -0.000000 3319.322034
-18438.950910 -0.000000 3331.525424
-24745.932708 -0.000000 3343.728814
-30936.748782 -0.000000 3355.932203
-36735.706017 -0.000000 3368.135593
-41909.789790 -0.000000 3380.338983
-46341.734675 -0.000000 3392.542373
-49987.474378 -0.000000 3404.745763
-52867.565458 -0.000000 3416.949153
-55044.558966 -0.000000 3429.152542
-56603.266378 -0.000000 3441.355932
-57640.867299 -0.000000 3453.559322
-58252.515365 -0.000000 3465.762712
-58530.564269 -0.000000 3477.966102
-58556.029473 -0.000000 3490.169492
-58402.317808 -0.000000 3502.372881
-58130.138868 -0.000000 3514.576271
-57792.494594 -0.000000 3526.779661
-57431.351838 -0.000000 3538.983051
-57082.237468 -0.000000 3551.186441
-56771.917791 -0.000000 3563.389831
-56521.918199 -0.000000 3575.593220
-56346.896798 -0.000000 3587.796610
-56257.081514 -0.000000 3600.000000
