299305.097367 0.000000 0.000000
300194.887421 0.000000 12.203390
301975.074482 0.000000 24.406780
304648.732610 0.000000 36.610169
308217.734392 0.000000 48.813559
312687.467139 0.000000 61.016949
318060.740103 0.000000 73.220339
324344.243996 0.000000 85.423729
331540.778467 0.000000 97.627119
339656.295677 0.000000 109.830508
348691.764488 0.000000 122.033898
358648.837174 0.000000 134.237288
369523.080338 0.000000 146.440678
381305.682225 0.000000 158.644068
393979.950114 0.000000 170.847458
407515.821603 0.000000 183.050847
421871.369113 0.000000 195.254237
436976.097390 0.000000 207.457627
452738.495956 0.000000 219.661017
469013.024082 0.000000 231.864407
485613.209287 0.000000 244.067797
502255.605504 0.000000 256.271186
518575.286915 0.000000 268.474576
534038.047454 0.000000 280.677966
547952.366564 0.000000 292.881356
559341.650919 0.000000 305.084746
566951.307182 0.000000 317.288136
569092.362209 0.000000 329.491525
563687.642504 0.000000 341.694915
548196.099846 0.000000 353.898305
519913.147525 0.000000 366.101695
476329.000654 0.000000 378.305085
416116.079520 0.000000 390.508475
340210.598840 0.000000 402.711864
253164.035198 0.000000 414.915254
163514.490146 0.000000 427.118644
82917.703627 0.000000 439.322034
329952743.791125 0.000000 451.525424
-5400370.307792 -0.000000 463.728814
-13254310.307293 -0.000000 475.932203
-13507215.863816 -0.000000 488.135593
-13049749.032414 -0.000000 500.338983
-12890879.827338 -0.000000 512.542373
-12870785.956621 -0.000000 524.745763
-12899880.954376 -0.000000 536.949153
-12879560.445310 -0.000000 549.152542
-12807592.770078 -0.000000 561.355932
-12698291.733254 -0.000000 573.559322
-12622032.424857 -0.000000 585.762712
-12647805.977233 -0.000000 597.966102
-12730358.813958 -0.000000 610.169492
-12782864.036910 -0.000000 622.372881
-12802158.589949 -0.000000 634.576271
-12811138.314117 -0.000000 646.779661
-12804004.300851 -0.000000 658.983051
-12795597.521472 -0.000000 671.186441
-12791814.097682 -0.000000 683.389831
-12784939.984765 -0.000000 695.593220
-12782958.451322 -0.000000 707.796610
-12787731.559535 -0.000000 720.000000
-12786256.677046 -0.000000 732.203390
-12785236.362587 -0.000000 744.406780
-12784366.393673 -0.000000 756.610169
-12784247.327899 -0.000000 768.813559
-12779579.043969 -0.000000 781.016949
-12772417.475091 -0.000000 793.220339
-12754049.400914 -0.000000 805.423729
-12729404.047564 -0.000000 817.627119
-12704847.265803 -0.000000 829.830508
-12676168.974974 -0.000000 842.033898
-12644668.262280 -0.000000 854.237288
-12613547.490193 -0.000000 866.440678
-12577154.912881 -0.000000 878.644068
-12520050.877320 -0.000000 890.847458
-12444808.672907 -0.000000 903.050847
-12357560.196459 -0.000000 915.254237
-12257969.266483 -0.000000 927.457627
-12153541.041026 -0.000000 939.661017
-12046864.236032 -0.000000 951.864407
-11938552.965214 -0.000000 964.067797
-11828909.760619 -0.000000 976.271186
-11718126.561677 -0.000000 988.474576
-11606157.427583 -0.000000 1000.677966
-11492749.102742 -0.000000 1012.881356
-11377391.633283 -0.000000 1025.084746
-11259570.010764 -0.000000 1037.288136
-11139352.790039 -0.000000 1049.491525
-11018465.034472 -0.000000 1061.694915
-10900837.928288 -0.000000 1073.898305
-10791365.530608 -0.000000 1086.101695
-10691787.304756 -0.000000 1098.305085
-10597343.828232 -0.000000 1110.508475
-10498439.689804 -0.000000 1122.711864
-10387958.319523 -0.000000 1134.915254
-10265496.048189 -0.000000 1147.118644
-10135772.804026 -0.000000 1159.322034
-10003641.019613 -0.000000 1171.525424
-9873292.188582 -0.000000 1183.728814
-9748957.422466 -0.000000 1195.932203
-9636084.230068 -0.000000 1208.135593
-9536952.104860 -0.000000 1220.338983
-9446932.832303 -0.000000 1232.542373
-9354359.372829 -0.000000 1244.745763
-9249672.130691 -0.000000 1256.949153
-9131292.311623 -0.000000 1269.152542
-9005442.496720 -0.000000 1281.355932
-8878928.640171 -0.000000 1293.559322
-8756064.972843 -0.000000 1305.762712
-8637411.478608 -0.000000 1317.966102
-8522303.137040 -0.000000 1330.169492
-8409291.545159 -0.000000 1342.372881
-8297601.823002 -0.000000 1354.576271
-8186437.988730 -0.000000 1366.779661
-8075637.257822 -0.000000 1378.983051
-7964872.107095 -0.000000 1391.186441
-7854230.104258 -0.000000 1403.389831
-7743501.105955 -0.000000 1415.593220
-7632770.304939 -0.000000 1427.796610
-7521678.195571 -0.000000 1440.000000
-7410066.519892 -0.000000 1452.203390
-7297125.030511 -0.000000 1464.406780
-7182307.481819 -0.000000 1476.610169
-7064750.016197 -0.000000 1488.813559
-6945278.483996 -0.000000 1501.016949
-6826361.573967 -0.000000 1513.220339
-6713355.731655 -0.000000 1525.423729
-6610114.833740 -0.000000 1537.627119
-6515843.764073 -0.000000 1549.830508
-6422399.727892 -0.000000 1562.033898
-6321526.250332 -0.000000 1574.237288
-6209774.468594 -0.000000 1586.440678
-6091030.890995 -0.000000 1598.644068
-5970441.096212 -0.000000 1610.847458
-5852300.573447 -0.000000 1623.050847
-5737451.179960 -0.000000 1635.254237
-5625914.079228 -0.000000 1647.457627
-5516444.034020 -0.000000 1659.661017
-5408654.190410 -0.000000 1671.864407
-5301810.559390 -0.000000 1684.067797
-5196204.734268 -0.000000 1696.271186
-5091946.894397 -0.000000 1708.474576
-4990332.552332 -0.000000 1720.677966
-4892892.290885 -0.000000 1732.881356
-4803117.419567 -0.000000 1745.084746
-4725653.875931 -0.000000 1757.288136
-4668846.983435 -0.000000 1769.491525
-4643466.913410 -0.000000 1781.694915
-4666454.868194 -0.000000 1793.898305
-4756518.979022 -0.000000 1806.101695
-4938805.917857 -0.000000 1818.305085
-5228367.884459 -0.000000 1830.508475
-5641351.027117 -0.000000 1842.711864
-6148934.572403 -0.000000 1854.915254
-6767614.569696 -0.000000 1867.118644
-7386311.074136 -0.000000 1879.322034
-7780777.182338 -0.000000 1891.525424
-1361048.402303 -0.000000 1903.728814
7304037.668788 0.000000 1915.932203
9396639.349914 0.000000 1928.135593
9538437.404710 0.000000 1940.338983
9907467.634194 0.000000 1952.542373
10972917.098404 0.000000 1964.745763
13029301.441508 0.000000 1976.949153
13792742.126476 0.000000 1989.152542
13520796.504129 0.000000 2001.355932
13705830.795057 0.000000 2013.559322
13759544.631795 0.000000 2025.762712
8237310.503462 0.000000 2037.966102
-4750303.593573 -0.000000 2050.169492
-15661092.246861 -0.000000 2062.372881
-29908583.392672 -0.000000 2074.576271
-20752287.423503 -0.000000 2086.779661
-16598052.642299 -0.000000 2098.983051
-35872190.880543 -0.000000 2111.186441
-19659670.300487 -0.000000 2123.389831
-21161245.986989 -0.000000 2135.593220
-20860748.259112 -0.000000 2147.796610
-20766629.073248 -0.000000 2160.000000
-20814472.035043 -0.000000 2172.203390
-20784665.014124 -0.000000 2184.406780
-20549746.940365 -0.000000 2196.610169
-18796138.379000 -0.000000 2208.813559
-21593030.186835 -0.000000 2221.016949
-897184230.175810 -0.000000 2233.220339
-2040551.492586 -0.000000 2245.423729
48957092.948572 0.000000 2257.627119
20361863.019562 0.000000 2269.830508
18334165.081635 0.000000 2282.033898
21384380.788754 0.000000 2294.237288
26252254.602625 0.000000 2306.440678
19093893.446188 0.000000 2318.644068
11707319.981351 0.000000 2330.847458
5334599.036536 0.000000 2343.050847
1005970.674252 0.000000 2355.254237
-19662.619513 0.000000 2367.457627
858662.902153 0.000000 2379.661017
2461972.269288 0.000000 2391.864407
4140906.407068 0.000000 2404.067797
5622508.200572 0.000000 2416.271186
6842378.981678 0.000000 2428.474576
7820616.496465 0.000000 2440.677966
8607138.313256 0.000000 2452.881356
9250892.695772 0.000000 2465.084746
9792231.872802 0.000000 2477.288136
10259180.736332 0.000000 2489.491525
10671422.802206 0.000000 2501.694915
11040737.485261 0.000000 2513.898305
11375432.610658 0.000000 2526.101695
11679823.842321 0.000000 2538.305085
11957690.174272 0.000000 2550.508475
12210744.143488 0.000000 2562.711864
12441488.364417 0.000000 2574.915254
12650983.791391 0.000000 2587.118644
12841606.865338 0.000000 2599.322034
13014410.369521 0.000000 2611.525424
13171888.308455 0.000000 2623.728814
13315174.977649 0.000000 2635.932203
13446475.072299 0.000000 2648.135593
13566836.922959 0.000000 2660.338983
13677140.979882 0.000000 2672.542373
13776533.220838 0.000000 2684.745763
13859379.116568 0.000000 2696.949153
13918968.012051 0.000000 2709.152542
13952549.941482 0.000000 2721.355932
13983500.096015 0.000000 2733.559322
14042529.359547 0.000000 2745.762712
14141430.079151 0.000000 2757.966102
14246215.687281 0.000000 2770.169492
14325399.068068 0.000000 2782.372881
14351504.651829 0.000000 2794.576271
14320387.752221 0.000000 2806.779661
14241367.392633 0.000000 2818.983051
14162978.926112 0.000000 2831.186441
14113816.363464 0.000000 2843.389831
14052698.301813 0.000000 2855.593220
13850330.602933 0.000000 2867.796610
13347237.275311 0.000000 2880.000000
12388177.067565 0.000000 2892.203390
10720627.284331 0.000000 2904.406780
7981543.204244 0.000000 2916.610169
4057374.473500 0.000000 2928.813559
435151.147471 0.000000 2941.016949
396192.641117 0.000000 2953.220339
9054918.359397 0.000000 2965.423729
24290510.070881 0.000000 2977.627119
30516553.849054 0.000000 2989.830508
30269791.792838 0.000000 3002.033898
30572288.910214 0.000000 3014.237288
30988699.560714 0.000000 3026.440678
31119746.545433 0.000000 3038.644068
31180369.067731 0.000000 3050.847458
30746602.514199 0.000000 3063.050847
30301431.583047 0.000000 3075.254237
30172838.005773 0.000000 3087.457627
29795560.615711 0.000000 3099.661017
29447209.653313 0.000000 3111.864407
29154684.997600 0.000000 3124.067797
28894273.929576 0.000000 3136.271186
28729325.791203 0.000000 3148.474576
28612288.681811 0.000000 3160.677966
28521654.770705 0.000000 3172.881356
28429323.037597 0.000000 3185.084746
28331886.611911 0.000000 3197.288136
28228729.881016 0.000000 3209.491525
28137747.718386 0.000000 3221.694915
28075602.657279 0.000000 3233.898305
28086873.737196 0.000000 3246.101695
28213446.740481 0.000000 3258.305085
28613309.479201 0.000000 3270.508475
28991583.217538 0.000000 3282.711864
28826254.825300 0.000000 3294.915254
30180906.855876 0.000000 3307.118644
33265136.495850 0.000000 3319.322034
34419023.734494 0.000000 3331.525424
33243311.334015 0.000000 3343.728814
31079812.307490 0.000000 3355.932203
29289785.667821 0.000000 3368.135593
28486950.114311 0.000000 3380.338983
18570261.263794 0.000000 3392.542373
-332678.512210 -0.000000 3404.745763
2321418.808272 0.000000 3416.949153
41267.163067 0.000000 3429.152542
69522.100898 0.000000 3441.355932
97056.515404 0.000000 3453.559322
122823.778563 0.000000 3465.762712
146557.900591 0.000000 3477.966102
167751.277806 0.000000 3490.169492
186247.375960 0.000000 3502.372881
201981.628964 0.000000 3514.576271
215066.816211 0.000000 3526.779661
225680.067386 0.000000 3538.983051
234055.719123 0.000000 3551.186441
240423.526145 0.000000 3563.389831
244997.655220 0.000000 3575.593220
247947.031757 0.000000 3587.796610
249391.587909 0.000000 3600.000000
