14997.887725 0.000000 0.000000
15009.103573 0.000000 12.203390
15031.650606 0.000000 24.406780
15065.325509 0.000000 36.610169
15110.242732 0.000000 48.813559
15166.375124 0.000000 61.016949
15233.746507 0.000000 73.220339
15312.343579 0.000000 85.423729
15402.192166 0.000000 97.627119
15503.281901 0.000000 109.830508
15615.648915 0.000000 122.033898
15739.287759 0.000000 134.237288
15874.250081 0.000000 146.440678
16020.538213 0.000000 158.644068
16178.223364 0.000000 170.847458
16347.319632 0.000000 183.050847
16527.922140 0.000000 195.254237
16720.060956 0.000000 207.457627
16923.859683 0.000000 219.661017
17139.368311 0.000000 231.864407
17366.743369 0.000000 244.067797
17606.059115 0.000000 256.271186
17857.509296 0.000000 268.474576
18121.196331 0.000000 280.677966
18397.356127 0.000000 292.881356
18686.122881 0.000000 305.084746
18987.778214 0.000000 317.288136
19302.492064 0.000000 329.491525
19630.595601 0.000000 341.694915
19972.297159 0.000000 353.898305
20327.981415 0.000000 366.101695
20697.897400 0.000000 378.305085
21082.485310 0.000000 390.508475
21482.037084 0.000000 402.711864
21897.050674 0.000000 414.915254
22327.860605 0.000000 427.118644
22775.024537 0.000000 439.322034
23238.920048 0.000000 451.525424
23720.163957 0.000000 463.728814
24219.176606 0.000000 475.932203
24736.634811 0.000000 488.135593
25272.999527 0.000000 500.338983
25829.008750 0.000000 512.542373
26405.164092 0.000000 524.745763
27002.265156 0.000000 536.949153
27620.855136 0.000000 549.152542
28261.799310 0.000000 561.355932
28925.683961 0.000000 573.559322
29613.446322 0.000000 585.762712
30325.722352 0.000000 597.966102
31063.530433 0.000000 610.169492
31827.564650 0.000000 622.372881
32618.939245 0.000000 634.576271
33438.419544 0.000000 646.779661
34287.233998 0.000000 658.983051
35166.237096 0.000000 671.186441
36076.794351 0.000000 683.389831
37019.869871 0.000000 695.593220
37996.994199 0.000000 707.796610
39009.265924 0.000000 720.000000
40058.411508 0.000000 732.203390
41145.690811 0.000000 744.406780
42273.059884 0.000000 756.610169
43441.968247 0.000000 768.813559
44654.638124 0.000000 781.016949
45912.737815 0.000000 793.220339
47218.792502 0.000000 805.423729
48574.718855 0.000000 817.627119
49983.383978 0.000000 829.830508
51446.980219 0.000000 842.033898
52968.755728 0.000000 854.237288
54551.206249 0.000000 866.440678
56198.000323 0.000000 878.644068
57911.963123 0.000000 890.847458
59697.223715 0.000000 903.050847
61556.959906 0.000000 915.254237
63495.802092 0.000000 927.457627
65517.301062 0.000000 939.661017
67626.629699 0.000000 951.864407
69827.729169 0.000000 964.067797
72126.355178 0.000000 976.271186
74526.850509 0.000000 988.474576
77035.591446 0.000000 1000.677966
79657.326420 0.000000 1012.881356
82399.088699 0.000000 1025.084746
85266.025040 0.000000 1037.288136
88265.855789 0.000000 1049.491525
91404.104862 0.000000 1061.694915
94689.202893 0.000000 1073.898305
98127.011690 0.000000 1086.101695
101726.686739 0.000000 1098.305085
105494.365838 0.000000 1110.508475
109439.931838 0.000000 1122.711864
113569.709169 0.000000 1134.915254
117894.299463 0.000000 1147.118644
122420.091805 0.000000 1159.322034
127158.383622 0.000000 1171.525424
132115.471139 0.000000 1183.728814
137303.312636 0.000000 1195.932203
142727.911901 0.000000 1208.135593
148401.844542 0.000000 1220.338983
154330.575601 0.000000 1232.542373
160527.251212 0.000000 1244.745763
166996.505041 0.000000 1256.949153
173752.012643 0.000000 1269.152542
180797.232003 0.000000 1281.355932
188146.347768 0.000000 1293.559322
195801.249546 0.000000 1305.762712
203776.655799 0.000000 1317.966102
212072.445735 0.000000 1330.169492
220703.970462 0.000000 1342.372881
229668.618355 0.000000 1354.576271
238982.589677 0.000000 1366.779661
248640.265013 0.000000 1378.983051
258659.086330 0.000000 1391.186441
269029.891599 0.000000 1403.389831
279772.004626 0.000000 1415.593220
290872.170314 0.000000 1427.796610
302352.574564 0.000000 1440.000000
314195.315981 0.000000 1452.203390
326426.870660 0.000000 1464.406780
339024.134780 0.000000 1476.610169
352019.886696 0.000000 1488.813559
365385.240724 0.000000 1501.016949
379162.017300 0.000000 1513.220339
393314.924475 0.000000 1525.423729
407898.461039 0.000000 1537.627119
422870.205974 0.000000 1549.830508
438302.037542 0.000000 1562.033898
454143.538315 0.000000 1574.237288
470489.874002 0.000000 1586.440678
487281.627278 0.000000 1598.644068
504644.385058 0.000000 1610.847458
522508.759557 0.000000 1623.050847
541038.797398 0.000000 1635.254237
560154.868635 0.000000 1647.457627
580067.104534 0.000000 1659.661017
600687.976144 0.000000 1671.864407
622277.075765 0.000000 1684.067797
644749.007387 0.000000 1696.271186
668401.594910 0.000000 1708.474576
693182.539270 0.000000 1720.677966
719375.598126 0.000000 1732.881356
747048.457442 0.000000 1745.084746
776312.268387 0.000000 1757.288136
807593.373518 0.000000 1769.491525
840415.086190 0.000000 1781.694915
876231.734759 0.000000 1793.898305
913002.287486 0.000000 1806.101695
955217.103731 0.000000 1818.305085
997181.476497 0.000000 1830.508475
1051904.392263 0.000000 1842.711864
1100106.848207 0.000000 1854.915254
1131431.156046 0.000000 1867.118644
1016997.688861 0.000000 1879.322034
568944.256426 0.000000 1891.525424
-649113.200405 -0.000000 1903.728814
-6536619.562840 -0.000000 1915.932203
-18047446.579482 -0.000000 1928.135593
-25537882.258027 -0.000000 1940.338983
-26418208.031930 -0.000000 1952.542373
-25514682.010085 -0.000000 1964.745763
-24759415.624922 -0.000000 1976.949153
-24649427.130631 -0.000000 1989.152542
-25068511.205549 -0.000000 2001.355932
-25833929.191539 -0.000000 2013.559322
-26826434.352240 -0.000000 2025.762712
-27970562.718788 -0.000000 2037.966102
-29487180.925071 -0.000000 2050.169492
-29850842.076205 -0.000000 2062.372881
-21163252.901486 -0.000000 2074.576271
-12747051.849439 -0.000000 2086.779661
-8710415.667754 -0.000000 2098.983051
-13148846.319157 -0.000000 2111.186441
-1394151.445166 -0.000000 2123.389831
7444794.203910 0.000000 2135.593220
7018949.382683 0.000000 2147.796610
5846352.425403 0.000000 2160.000000
11799002.310974 0.000000 2172.203390
83140490.400128 0.000000 2184.406780
53214575.238067 0.000000 2196.610169
12114245.894716 0.000000 2208.813559
13051268.952664 0.000000 2221.016949
11780343.830185 0.000000 2233.220339
9098567.218307 0.000000 2245.423729
6672832.018024 0.000000 2257.627119
5190566.438234 0.000000 2269.830508
4813381.898424 0.000000 2282.033898
5215718.426265 0.000000 2294.237288
6049762.541797 0.000000 2306.440678
7037331.918745 0.000000 2318.644068
8023637.179984 0.000000 2330.847458
8943026.178513 0.000000 2343.050847
9787362.646000 0.000000 2355.254237
10542571.023434 0.000000 2367.457627
11192791.382713 0.000000 2379.661017
11736087.038922 0.000000 2391.864407
12187744.122409 0.000000 2404.067797
12569589.264300 0.000000 2416.271186
12895595.528415 0.000000 2428.474576
13179373.922777 0.000000 2440.677966
13425618.050579 0.000000 2452.881356
13642548.961193 0.000000 2465.084746
13831209.789778 0.000000 2477.288136
13997165.249071 0.000000 2489.491525
14140313.513469 0.000000 2501.694915
14264709.368586 0.000000 2513.898305
14370334.280045 0.000000 2526.101695
14460400.279055 0.000000 2538.305085
14535504.532086 0.000000 2550.508475
14598435.297205 0.000000 2562.711864
14650256.382922 0.000000 2574.915254
14693237.296333 0.000000 2587.118644
14728231.859533 0.000000 2599.322034
14757034.422636 0.000000 2611.525424
14780132.633204 0.000000 2623.728814
14799529.924501 0.000000 2635.932203
14815478.775183 0.000000 2648.135593
14830554.096454 0.000000 2660.338983
14844368.074819 0.000000 2672.542373
14858902.579936 0.000000 2684.745763
14869567.449254 0.000000 2696.949153
14871145.356415 0.000000 2709.152542
14853267.335673 0.000000 2721.355932
14820597.592450 0.000000 2733.559322
14791476.740753 0.000000 2745.762712
14772280.568035 0.000000 2757.966102
14714648.211320 0.000000 2770.169492
14522768.201213 0.000000 2782.372881
14115835.279390 0.000000 2794.576271
13422114.427370 0.000000 2806.779661
12355555.780225 0.000000 2818.983051
10633689.418302 0.000000 2831.186441
7812798.151521 0.000000 2843.389831
3755284.608650 0.000000 2855.593220
537011.141721 0.000000 2867.796610
1592689.311641 0.000000 2880.000000
13558581.377045 0.000000 2892.203390
27962666.803837 0.000000 2904.406780
29730755.969944 0.000000 2916.610169
29606215.918121 0.000000 2928.813559
30235674.504107 0.000000 2941.016949
30540997.335330 0.000000 2953.220339
30651913.340237 0.000000 2965.423729
30597587.726361 0.000000 2977.627119
29983374.353841 0.000000 2989.830508
29616736.678618 0.000000 3002.033898
29440374.523559 0.000000 3014.237288
29104747.141895 0.000000 3026.440678
28868938.800689 0.000000 3038.644068
28672383.706258 0.000000 3050.847458
28520823.055869 0.000000 3063.050847
28408439.187950 0.000000 3075.254237
28305034.714920 0.000000 3087.457627
28202735.512737 0.000000 3099.661017
28092229.346495 0.000000 3111.864407
27970939.690257 0.000000 3124.067797
27838533.699531 0.000000 3136.271186
27722027.611346 0.000000 3148.474576
27644883.615951 0.000000 3160.677966
27668853.435179 0.000000 3172.881356
27821804.266489 0.000000 3185.084746
28255289.228215 0.000000 3197.288136
28577167.107956 0.000000 3209.491525
28325980.364583 0.000000 3221.694915
29813514.848514 0.000000 3233.898305
32974839.358933 0.000000 3246.101695
33899883.790538 0.000000 3258.305085
32416932.819394 0.000000 3270.508475
30205331.026715 0.000000 3282.711864
28309539.833312 0.000000 3294.915254
27163899.899775 0.000000 3307.118644
17286652.690201 0.000000 3319.322034
-799996.736084 -0.000000 3331.525424
1273934.450414 0.000000 3343.728814
29180.905042 0.000000 3355.932203
51255.452231 0.000000 3368.135593
73798.346042 0.000000 3380.338983
95664.546780 0.000000 3392.542373
116370.954392 0.000000 3404.745763
135232.507219 0.000000 3416.949153
151956.392855 0.000000 3429.152542
166358.524950 0.000000 3441.355932
178485.718366 0.000000 3453.559322
188465.761497 0.000000 3465.762712
196530.376054 0.000000 3477.966102
202923.015543 0.000000 3490.169492
207911.029991 0.000000 3502.372881
211733.640248 0.000000 3514.576271
214617.972691 0.000000 3526.779661
216751.364594 0.000000 3538.983051
218298.347120 0.000000 3551.186441
219385.853520 0.000000 3563.389831
220117.227639 0.000000 3575.593220
220564.197743 0.000000 3587.796610
220776.187644 0.000000 3600.000000
