36863.569765 0.000000 0.000000
37029.396781 0.000000 12.203390
37361.425615 0.000000 24.406780
37860.681658 0.000000 36.610169
38528.495600 0.000000 48.813559
39366.585428 0.000000 61.016949
40377.315165 0.000000 73.220339
41563.252152 0.000000 85.423729
42927.708871 0.000000 97.627119
44474.130727 0.000000 109.830508
46206.764705 0.000000 122.033898
48129.960864 0.000000 134.237288
50248.891065 0.000000 146.440678
52568.843231 0.000000 158.644068
55095.902703 0.000000 170.847458
57836.339092 0.000000 183.050847
60797.138281 0.000000 195.254237
63985.607052 0.000000 207.457627
67409.616422 0.000000 219.661017
71077.577874 0.000000 231.864407
74998.228070 0.000000 244.067797
79181.164136 0.000000 256.271186
83635.961695 0.000000 268.474576
88373.495356 0.000000 280.677966
93404.142121 0.000000 292.881356
98740.152823 0.000000 305.084746
104392.646939 0.000000 317.288136
110375.348573 0.000000 329.491525
116700.027512 0.000000 341.694915
123381.956441 0.000000 353.898305
130433.405369 0.000000 366.101695
137871.217280 0.000000 378.305085
145707.910254 0.000000 390.508475
153961.805398 0.000000 402.711864
162645.242420 0.000000 414.915254
171777.704197 0.000000 427.118644
181370.619068 0.000000 439.322034
191443.906317 0.000000 451.525424
202006.801970 0.000000 463.728814
213078.185209 0.000000 475.932203
224662.843759 0.000000 488.135593
236775.777004 0.000000 500.338983
249413.296916 0.000000 512.542373
262581.217002 0.000000 524.745763
276260.099306 0.000000 536.949153
290436.748247 0.000000 549.152542
305062.703398 0.000000 561.355932
320087.616295 0.000000 573.559322
335409.567594 0.000000 585.762712
350907.538594 0.000000 597.966102
366381.017919 0.000000 610.169492
381576.674958 0.000000 622.372881
396112.917438 0.000000 634.576271
409493.454904 0.000000 646.779661
421011.483270 0.000000 658.983051
429744.527706 0.000000 671.186441
434442.992003 0.000000 683.389831
433528.656512 0.000000 695.593220
425036.261274 0.000000 707.796610
406762.347200 0.000000 720.000000
376526.258207 0.000000 732.203390
332843.935531 0.000000 744.406780
275853.776753 0.000000 756.610169
208472.234684 0.000000 768.813559
137045.009346 0.000000 781.016949
70901.865954 0.000000 793.220339
41428058.952834 0.000000 805.423729
-2714780.021255 -0.000000 817.627119
-11288280.873701 -0.000000 829.830508
-13721026.709377 -0.000000 842.033898
-13081615.528451 -0.000000 854.237288
-12812794.163091 -0.000000 866.440678
-12795933.440531 -0.000000 878.644068
-12856241.180718 -0.000000 890.847458
-12862925.732063 -0.000000 903.050847
-12787096.572351 -0.000000 915.254237
-12666472.135863 -0.000000 927.457627
-12599555.277789 -0.000000 939.661017
-12614414.732440 -0.000000 951.864407
-12679267.975278 -0.000000 964.067797
-12749473.498810 -0.000000 976.271186
-12787485.094403 -0.000000 988.474576
-12790927.495285 -0.000000 1000.677966
-12784811.021240 -0.000000 1012.881356
-12780609.995495 -0.000000 1025.084746
-12776779.073084 -0.000000 1037.288136
-12772902.404122 -0.000000 1049.491525
-12763641.280001 -0.000000 1061.694915
-12752903.877312 -0.000000 1073.898305
-12750779.106483 -0.000000 1086.101695
-12755848.757981 -0.000000 1098.305085
-12760540.087453 -0.000000 1110.508475
-12764922.914272 -0.000000 1122.711864
-12765254.088326 -0.000000 1134.915254
-12759146.716339 -0.000000 1147.118644
-12758297.054981 -0.000000 1159.322034
-12759744.607560 -0.000000 1171.525424
-12753974.666843 -0.000000 1183.728814
-12754833.557648 -0.000000 1195.932203
-12762103.010266 -0.000000 1208.135593
-12769647.550336 -0.000000 1220.338983
-12768667.883390 -0.000000 1232.542373
-12749103.499399 -0.000000 1244.745763
-12733706.105369 -0.000000 1256.949153
-12747574.735965 -0.000000 1269.152542
-12767673.950629 -0.000000 1281.355932
-12767883.948604 -0.000000 1293.559322
-12756623.274288 -0.000000 1305.762712
-12744677.754868 -0.000000 1317.966102
-12724201.169008 -0.000000 1330.169492
-12700658.522060 -0.000000 1342.372881
-12678180.009347 -0.000000 1354.576271
-12653116.914382 -0.000000 1366.779661
-12626829.404160 -0.000000 1378.983051
-12599790.411477 -0.000000 1391.186441
-12571454.864554 -0.000000 1403.389831
-12542267.892035 -0.000000 1415.593220
-12495079.005958 -0.000000 1427.796610
-12433996.340934 -0.000000 1440.000000
-12375890.218050 -0.000000 1452.203390
-12316786.791639 -0.000000 1464.406780
-12246281.551967 -0.000000 1476.610169
-12166206.126081 -0.000000 1488.813559
-12075585.422186 -0.000000 1501.016949
-11984749.481889 -0.000000 1513.220339
-11898073.455427 -0.000000 1525.423729
-11815987.203120 -0.000000 1537.627119
-11728499.505103 -0.000000 1549.830508
-11634121.582548 -0.000000 1562.033898
-11542991.371348 -0.000000 1574.237288
-11464976.157644 -0.000000 1586.440678
-11398749.809559 -0.000000 1598.644068
-11330662.512880 -0.000000 1610.847458
-11242545.969523 -0.000000 1623.050847
-11106624.795217 -0.000000 1635.254237
-10932730.115738 -0.000000 1647.457627
-10810535.718957 -0.000000 1659.661017
-10778856.182260 -0.000000 1671.864407
-10751082.600278 -0.000000 1684.067797
-10670578.563291 -0.000000 1696.271186
-10557071.159623 -0.000000 1708.474576
-10429289.614787 -0.000000 1720.677966
-10285365.932794 -0.000000 1732.881356
-10107681.010649 -0.000000 1745.084746
-9878297.283843 -0.000000 1757.288136
-9565152.780111 -0.000000 1769.491525
-9132700.153776 -0.000000 1781.694915
-8517278.896504 -0.000000 1793.898305
-7647832.378680 -0.000000 1806.101695
-6409910.547874 -0.000000 1818.305085
-4686565.234161 -0.000000 1830.508475
-2326983.481439 -0.000000 1842.711864
777168.661784 0.000000 1854.915254
4577708.818194 0.000000 1867.118644
9039317.453995 0.000000 1879.322034
12301862.078373 0.000000 1891.525424
13379774.511158 0.000000 1903.728814
14548225.586041 0.000000 1915.932203
11990786.172768 0.000000 1928.135593
-8434489.190393 -0.000000 1940.338983
-20580900.468706 -0.000000 1952.542373
-18929890.971023 -0.000000 1964.745763
-45668926.334643 -0.000000 1976.949153
-22470591.268962 -0.000000 1989.152542
-15670979.013656 -0.000000 2001.355932
-13593094.985403 -0.000000 2013.559322
-12508645.110954 -0.000000 2025.762712
-12557120.259629 -0.000000 2037.966102
-13580436.233509 -0.000000 2050.169492
-14863842.531316 -0.000000 2062.372881
-16426870.796238 -0.000000 2074.576271
-19515755.864567 -0.000000 2086.779661
-20711182.074140 -0.000000 2098.983051
-52592089.988040 -0.000000 2111.186441
-1157775539.116771 -0.000000 2123.389831
-2186360.324322 -0.000000 2135.593220
13196498.255233 0.000000 2147.796610
16095947.462588 0.000000 2160.000000
14437814.600453 0.000000 2172.203390
20273237.492713 0.000000 2184.406780
1517511.222265 0.000000 2196.610169
29348516.962979 0.000000 2208.813559
19400135.798172 0.000000 2221.016949
18733710.558436 0.000000 2233.220339
22151587.894805 0.000000 2245.423729
21651560.802458 0.000000 2257.627119
16779600.287749 0.000000 2269.830508
11786797.087662 0.000000 2282.033898
4814796.464499 0.000000 2294.237288
-407252.452888 -0.000000 2306.440678
-2134738.473211 -0.000000 2318.644068
-1583852.949515 -0.000000 2330.847458
11827.346602 0.000000 2343.050847
1858986.692634 0.000000 2355.254237
3580243.413813 0.000000 2367.457627
5035304.979898 0.000000 2379.661017
6215292.667609 0.000000 2391.864407
7153265.961175 0.000000 2404.067797
7904361.450899 0.000000 2416.271186
8512373.523452 0.000000 2428.474576
9017611.236046 0.000000 2440.677966
9444391.711415 0.000000 2452.881356
9813256.758064 0.000000 2465.084746
10134514.400149 0.000000 2477.288136
10417950.834920 0.000000 2489.491525
10667877.690882 0.000000 2501.694915
10889963.905447 0.000000 2513.898305
11086681.901274 0.000000 2526.101695
11262452.845245 0.000000 2538.305085
11419159.822462 0.000000 2550.508475
11560594.903813 0.000000 2562.711864
11687826.345394 0.000000 2574.915254
11803794.816406 0.000000 2587.118644
11908494.132229 0.000000 2599.322034
12004144.189543 0.000000 2611.525424
12090040.751400 0.000000 2623.728814
12168133.561815 0.000000 2635.932203
12237692.461821 0.000000 2648.135593
12300633.828490 0.000000 2660.338983
12356887.758734 0.000000 2672.542373
12408210.262153 0.000000 2684.745763
12456038.134837 0.000000 2696.949153
12501491.757652 0.000000 2709.152542
12547844.929721 0.000000 2721.355932
12593336.296025 0.000000 2733.559322
12639545.853101 0.000000 2745.762712
12672558.149067 0.000000 2757.966102
12680398.363752 0.000000 2770.169492
12635175.081188 0.000000 2782.372881
12537188.326278 0.000000 2794.576271
12381493.432830 0.000000 2806.779661
12147982.766899 0.000000 2818.983051
11737306.817960 0.000000 2831.186441
11005325.066524 0.000000 2843.389831
9767061.069687 0.000000 2855.593220
7795923.060723 0.000000 2867.796610
4956488.110051 0.000000 2880.000000
1592498.145216 0.000000 2892.203390
-269652.341217 -0.000000 2904.406780
3156859.686402 0.000000 2916.610169
15516096.855815 0.000000 2928.813559
28060326.836245 0.000000 2941.016949
30178898.275462 0.000000 2953.220339
30236949.186801 0.000000 2965.423729
30641621.295254 0.000000 2977.627119
30923912.952893 0.000000 2989.830508
31073731.794849 0.000000 3002.033898
30800010.689010 0.000000 3014.237288
30305306.183343 0.000000 3026.440678
30121518.403074 0.000000 3038.644068
29813807.492499 0.000000 3050.847458
29439234.065504 0.000000 3063.050847
29130100.242562 0.000000 3075.254237
28824670.063304 0.000000 3087.457627
28608395.563961 0.000000 3099.661017
28442515.065177 0.000000 3111.864407
28320598.151615 0.000000 3124.067797
28215838.656881 0.000000 3136.271186
28127203.921857 0.000000 3148.474576
28038252.111759 0.000000 3160.677966
27962709.443962 0.000000 3172.881356
27919371.482442 0.000000 3185.084746
27938227.642379 0.000000 3197.288136
28061784.753839 0.000000 3209.491525
28378152.313809 0.000000 3221.694915
28868951.549647 0.000000 3233.898305
28817750.247144 0.000000 3246.101695
29313961.302000 0.000000 3258.305085
31891867.158395 0.000000 3270.508475
33996698.015015 0.000000 3282.711864
33658797.664107 0.000000 3294.915254
32198714.795072 0.000000 3307.118644
30190795.188275 0.000000 3319.322034
27308926.793932 0.000000 3331.525424
28786074.511593 0.000000 3343.728814
8209151.586521 0.000000 3355.932203
10047132.517457 0.000000 3368.135593
12401.967803 0.000000 3380.338983
22261.824710 0.000000 3392.542373
32019.315093 0.000000 3404.745763
41174.290749 0.000000 3416.949153
49773.656569 0.000000 3429.152542
57503.434458 0.000000 3441.355932
64338.700236 0.000000 3453.559322
70206.633515 0.000000 3465.762712
75161.097986 0.000000 3477.966102
79254.855629 0.000000 3490.169492
82589.944952 0.000000 3502.372881
85259.697182 0.000000 3514.576271
87368.149758 0.000000 3526.779661
89002.837267 0.000000 3538.983051
90245.948470 0.000000 3551.186441
91161.771869 0.000000 3563.389831
91804.141046 0.000000 3575.593220
92210.927929 0.000000 3587.796610
92408.103025 0.000000 3600.000000
