9120.952417 0.000000 0.000000
9165.494968 0.000000 12.203390
9254.689453 0.000000 24.406780
9389.137321 0.000000 36.610169
9569.340873 0.000000 48.813559
9796.229571 0.000000 61.016949
10070.773864 0.000000 73.220339
10394.362867 0.000000 85.423729
10768.383392 0.000000 97.627119
11194.709839 0.000000 109.830508
11675.158438 0.000000 122.033898
12212.111139 0.000000 134.237288
12807.836070 0.000000 146.440678
13465.246910 0.000000 158.644068
14187.089660 0.000000 170.847458
14976.837456 0.000000 183.050847
15837.743923 0.000000 195.254237
16773.872081 0.000000 207.457627
17789.016095 0.000000 219.661017
18887.861574 0.000000 231.864407
20074.779092 0.000000 244.067797
21355.112217 0.000000 256.271186
22733.847095 0.000000 268.474576
24217.023041 0.000000 280.677966
25810.285479 0.000000 292.881356
27520.410193 0.000000 305.084746
29353.749447 0.000000 317.288136
31317.860242 0.000000 329.491525
33419.855320 0.000000 341.694915
35668.121397 0.000000 353.898305
38070.593128 0.000000 366.101695
40636.539918 0.000000 378.305085
43374.786575 0.000000 390.508475
46295.544230 0.000000 402.711864
49408.605899 0.000000 414.915254
52725.187294 0.000000 427.118644
56256.138605 0.000000 439.322034
60013.748818 0.000000 451.525424
64010.023867 0.000000 463.728814
68258.399810 0.000000 475.932203
72772.149488 0.000000 488.135593
77565.931765 0.000000 500.338983
82654.411039 0.000000 512.542373
88053.548186 0.000000 524.745763
93779.536222 0.000000 536.949153
99849.718969 0.000000 549.152542
106281.970644 0.000000 561.355932
113095.096237 0.000000 573.559322
120308.819993 0.000000 585.762712
127943.487232 0.000000 597.966102
136020.857654 0.000000 610.169492
144562.889166 0.000000 622.372881
153593.583109 0.000000 634.576271
163136.576705 0.000000 646.779661
173218.336630 0.000000 658.983051
183864.235505 0.000000 671.186441
195103.448478 0.000000 683.389831
206963.122178 0.000000 695.593220
219475.395789 0.000000 707.796610
232669.202653 0.000000 720.000000
246579.901726 0.000000 732.203390
261238.179816 0.000000 744.406780
276682.845194 0.000000 756.610169
292946.227588 0.000000 768.813559
310070.740727 0.000000 781.016949
328090.113969 0.000000 793.220339
347050.354848 0.000000 805.423729
366986.117639 0.000000 817.627119
387946.667574 0.000000 829.830508
409966.685188 0.000000 842.033898
433097.748917 0.000000 854.237288
457372.926814 0.000000 866.440678
482844.052684 0.000000 878.644068
509539.588336 0.000000 890.847458
537507.557141 0.000000 903.050847
566766.363779 0.000000 915.254237
597352.544339 0.000000 927.457627
629264.457009 0.000000 939.661017
662512.921604 0.000000 951.864407
697057.851398 0.000000 964.067797
732858.133706 0.000000 976.271186
769801.081135 0.000000 988.474576
807745.255156 0.000000 1000.677966
846441.527881 0.000000 1012.881356
885558.474316 0.000000 1025.084746
924590.969319 0.000000 1037.288136
962851.686739 0.000000 1049.491525
999358.006058 0.000000 1061.694915
1032766.277043 0.000000 1073.898305
1061224.404760 0.000000 1086.101695
1082230.583555 0.000000 1098.305085
1092467.481059 0.000000 1110.508475
1087651.786857 0.000000 1122.711864
1062560.822239 0.000000 1134.915254
1011327.524631 0.000000 1147.118644
928478.468575 0.000000 1159.322034
810779.836323 0.000000 1171.525424
660135.629554 0.000000 1183.728814
486359.932838 0.000000 1195.932203
308401.515546 0.000000 1208.135593
151594.394626 0.000000 1220.338983
76874347.891674 0.000000 1232.542373
-480244.035148 -0.000000 1244.745763
-5463352.945774 -0.000000 1256.949153
-11505736.284777 -0.000000 1269.152542
-13630652.950771 -0.000000 1281.355932
-13274459.062725 -0.000000 1293.559322
-13067035.125960 -0.000000 1305.762712
-13045267.599015 -0.000000 1317.966102
-13024223.063472 -0.000000 1330.169492
-12735198.803530 -0.000000 1342.372881
-12206330.374480 -0.000000 1354.576271
-11952155.716285 -0.000000 1366.779661
-11742694.449604 -0.000000 1378.983051
-11467345.045859 -0.000000 1391.186441
-11235919.104345 -0.000000 1403.389831
-11017572.339430 -0.000000 1415.593220
-10803672.602586 -0.000000 1427.796610
-10590610.565864 -0.000000 1440.000000
-10385549.379703 -0.000000 1452.203390
-10193434.146777 -0.000000 1464.406780
-10011465.697719 -0.000000 1476.610169
-9823146.164157 -0.000000 1488.813559
-9615549.116058 -0.000000 1501.016949
-9383868.804710 -0.000000 1513.220339
-9136817.088914 -0.000000 1525.423729
-8881589.699327 -0.000000 1537.627119
-8625137.399732 -0.000000 1549.830508
-8369030.986900 -0.000000 1562.033898
-8121294.871980 -0.000000 1574.237288
-7891308.535400 -0.000000 1586.440678
-7693139.011865 -0.000000 1598.644068
-7526282.655989 -0.000000 1610.847458
-7375360.848312 -0.000000 1623.050847
-7204582.413222 -0.000000 1635.254237
-6990192.689538 -0.000000 1647.457627
-6733706.558368 -0.000000 1659.661017
-6466046.158261 -0.000000 1671.864407
-6211609.763203 -0.000000 1684.067797
-5980829.454857 -0.000000 1696.271186
-5761458.764178 -0.000000 1708.474576
-5533965.980333 -0.000000 1720.677966
-5276805.098376 -0.000000 1732.881356
-4977449.432639 -0.000000 1745.084746
-4623951.487043 -0.000000 1757.288136
-4197829.913349 -0.000000 1769.491525
-3664249.975187 -0.000000 1781.694915
-2968143.067371 -0.000000 1793.898305
-2029752.580790 -0.000000 1806.101695
-743499.649131 -0.000000 1818.305085
1021729.484775 0.000000 1830.508475
3388674.525735 0.000000 1842.711864
6395383.807901 0.000000 1854.915254
10348377.510344 0.000000 1867.118644
13345208.180824 0.000000 1879.322034
13431736.555624 0.000000 1891.525424
13806840.321737 0.000000 1903.728814
12408931.144794 0.000000 1915.932203
-588617.979320 -0.000000 1928.135593
-13734991.669534 -0.000000 1940.338983
-18350005.320021 -0.000000 1952.542373
-63304942.582232 -0.000000 1964.745763
-25741645.616054 -0.000000 1976.949153
-16857656.347195 -0.000000 1989.152542
-14166084.019002 -0.000000 2001.355932
-13730010.640528 -0.000000 2013.559322
-15499055.584597 -0.000000 2025.762712
-18566682.243741 -0.000000 2037.966102
-21701717.781780 -0.000000 2050.169492
-24613813.514529 -0.000000 2062.372881
-27133128.562022 -0.000000 2074.576271
-29165622.320857 -0.000000 2086.779661
-30771178.019689 -0.000000 2098.983051
-31845732.966205 -0.000000 2111.186441
-32347815.330530 -0.000000 2123.389831
-28317650.829366 -0.000000 2135.593220
-25424779.771666 -0.000000 2147.796610
-69284639.950184 -0.000000 2160.000000
-261263458.295814 -0.000000 2172.203390
-11263855.429713 -0.000000 2184.406780
-9078952.935961 -0.000000 2196.610169
-9896675.410314 -0.000000 2208.813559
-9766068.826540 -0.000000 2221.016949
-9725212.654372 -0.000000 2233.220339
-9158463.546286 -0.000000 2245.423729
-8078662.687955 -0.000000 2257.627119
-6439620.618684 -0.000000 2269.830508
-4428455.537959 -0.000000 2282.033898
-2369833.660040 -0.000000 2294.237288
-552558.491909 -0.000000 2306.440678
929615.072119 0.000000 2318.644068
2130847.556253 0.000000 2330.847458
3131174.859306 0.000000 2343.050847
4004772.071684 0.000000 2355.254237
4767851.730848 0.000000 2367.457627
5449834.870260 0.000000 2379.661017
6052044.840384 0.000000 2391.864407
6599235.706689 0.000000 2404.067797
7088669.931554 0.000000 2416.271186
7535608.677974 0.000000 2428.474576
7933435.885956 0.000000 2440.677966
8287619.682323 0.000000 2452.881356
8588723.276104 0.000000 2465.084746
8843910.231708 0.000000 2477.288136
9071233.986826 0.000000 2489.491525
9301302.184346 0.000000 2501.694915
9536213.091418 0.000000 2513.898305
9746672.308890 0.000000 2526.101695
9910373.209690 0.000000 2538.305085
10038360.613152 0.000000 2550.508475
10162424.854111 0.000000 2562.711864
10287787.390925 0.000000 2574.915254
10400364.997789 0.000000 2587.118644
10495161.153430 0.000000 2599.322034
10587890.657983 0.000000 2611.525424
10675804.718972 0.000000 2623.728814
10757163.751861 0.000000 2635.932203
10834227.282969 0.000000 2648.135593
10901522.038865 0.000000 2660.338983
10922908.834393 0.000000 2672.542373
10897154.020348 0.000000 2684.745763
10871468.819749 0.000000 2696.949153
10893704.229102 0.000000 2709.152542
10919563.868943 0.000000 2721.355932
10833548.679686 0.000000 2733.559322
10509160.234587 0.000000 2745.762712
9827150.729782 0.000000 2757.966102
8648647.265931 0.000000 2770.169492
6812510.306040 0.000000 2782.372881
4224294.875305 0.000000 2794.576271
1160377.673198 0.000000 2806.779661
-1184495.528512 -0.000000 2818.983051
-423305.862825 -0.000000 2831.186441
7728134.005342 0.000000 2843.389831
22110583.073129 0.000000 2855.593220
29548266.137692 0.000000 2867.796610
29740739.380057 0.000000 2880.000000
29878973.144324 0.000000 2892.203390
30394009.607028 0.000000 2904.406780
30758349.814672 0.000000 2916.610169
30741516.061097 0.000000 2928.813559
30292710.269661 0.000000 2941.016949
30006659.137117 0.000000 2953.220339
29758987.000871 0.000000 2965.423729
29349608.319802 0.000000 2977.627119
29016098.691331 0.000000 2989.830508
28697847.264623 0.000000 3002.033898
28466108.608479 0.000000 3014.237288
28315065.162941 0.000000 3026.440678
28218899.395002 0.000000 3038.644068
28151754.297857 0.000000 3050.847458
28094928.014823 0.000000 3063.050847
28043245.666834 0.000000 3075.254237
27995039.662621 0.000000 3087.457627
27964017.628302 0.000000 3099.661017
27966447.913600 0.000000 3111.864407
28042250.853871 0.000000 3124.067797
28253708.587332 0.000000 3136.271186
28634360.338835 0.000000 3148.474576
28909992.651816 0.000000 3160.677966
28995471.729926 0.000000 3172.881356
30249319.230971 0.000000 3185.084746
32520378.731453 0.000000 3197.288136
33434853.534276 0.000000 3209.491525
32721385.784552 0.000000 3221.694915
31001085.813114 0.000000 3233.898305
29343591.636113 0.000000 3246.101695
29330010.634022 0.000000 3258.305085
23492286.241937 0.000000 3270.508475
-1767569.359857 -0.000000 3282.711864
-206590.660572 -0.000000 3294.915254
2139.217711 0.000000 3307.118644
4037.284058 0.000000 3319.322034
5765.188556 0.000000 3331.525424
7168.849722 0.000000 3343.728814
8402.475060 0.000000 3355.932203
9456.581222 0.000000 3368.135593
10384.952458 0.000000 3380.338983
11207.929440 0.000000 3392.542373
11953.958444 0.000000 3404.745763
12638.835333 0.000000 3416.949153
13276.112738 0.000000 3429.152542
13872.963976 0.000000 3441.355932
14433.765993 0.000000 3453.559322
14959.959918 0.000000 3465.762712
15451.328128 0.000000 3477.966102
15906.661688 0.000000 3490.169492
16324.017214 0.000000 3502.372881
16701.414438 0.000000 3514.576271
17036.647800 0.000000 3526.779661
17327.861500 0.000000 3538.983051
17573.213331 0.000000 3551.186441
17771.317435 0.000000 3563.389831
17920.901223 0.000000 3575.593220
18021.205954 0.000000 3587.796610
18071.455190 0.000000 3600.000000
