6621.347641 0.000000 0.000000
6631.707688 0.000000 12.203390
6652.399611 0.000000 24.406780
6683.614353 0.000000 36.610169
6725.450301 0.000000 48.813559
6777.994618 0.000000 61.016949
6841.546922 0.000000 73.220339
6916.220724 0.000000 85.423729
7002.454062 0.000000 97.627119
7100.400558 0.000000 109.830508
7210.640434 0.000000 122.033898
7333.374347 0.000000 134.237288
7469.337037 0.000000 146.440678
7618.782671 0.000000 158.644068
7782.616001 0.000000 170.847458
7961.153181 0.000000 183.050847
8155.488389 0.000000 195.254237
8366.009782 0.000000 207.457627
8594.024157 0.000000 219.661017
8840.002893 0.000000 231.864407
9105.492038 0.000000 244.067797
9391.058953 0.000000 256.271186
9698.518970 0.000000 268.474576
10028.548702 0.000000 280.677966
10383.266906 0.000000 292.881356
10763.473020 0.000000 305.084746
11171.625412 0.000000 317.288136
11608.660479 0.000000 329.491525
12077.416084 0.000000 341.694915
12578.978399 0.000000 353.898305
13116.608465 0.000000 366.101695
13691.554420 0.000000 378.305085
14307.546195 0.000000 390.508475
14966.005663 0.000000 402.711864
15671.182106 0.000000 414.915254
16424.680100 0.000000 427.118644
17231.323405 0.000000 439.322034
18092.908516 0.000000 451.525424
19014.892090 0.000000 463.728814
19999.270436 0.000000 475.932203
21052.198954 0.000000 488.135593
22175.878928 0.000000 500.338983
23377.237232 0.000000 512.542373
24658.685661 0.000000 524.745763
26028.001296 0.000000 536.949153
27487.810389 0.000000 549.152542
29046.829188 0.000000 561.355932
30707.899202 0.000000 573.559322
32480.773659 0.000000 585.762712
34368.510120 0.000000 597.966102
36382.006012 0.000000 610.169492
38524.531291 0.000000 622.372881
40808.246817 0.000000 634.576271
43236.628517 0.000000 646.779661
45823.230422 0.000000 658.983051
48571.724562 0.000000 671.186441
51497.199907 0.000000 683.389831
54603.508663 0.000000 695.593220
57907.429951 0.000000 707.796610
61412.976064 0.000000 720.000000
65138.783941 0.000000 732.203390
69088.999890 0.000000 744.406780
73284.299742 0.000000 756.610169
77728.932332 0.000000 768.813559
82445.808022 0.000000 781.016949
87439.242008 0.000000 793.220339
92734.586859 0.000000 805.423729
98336.185017 0.000000 817.627119
104272.052250 0.000000 829.830508
110546.515818 0.000000 842.033898
117190.484903 0.000000 854.237288
124208.232031 0.000000 866.440678
131633.795069 0.000000 878.644068
139471.356813 0.000000 890.847458
147758.316951 0.000000 903.050847
156498.741245 0.000000 915.254237
165733.610571 0.000000 927.457627
175466.857948 0.000000 939.661017
185743.230658 0.000000 951.864407
196566.526901 0.000000 964.067797
207985.381395 0.000000 976.271186
220003.461457 0.000000 988.474576
232673.295955 0.000000 1000.677966
245998.412919 0.000000 1012.881356
260035.054345 0.000000 1025.084746
274786.539652 0.000000 1037.288136
290312.329671 0.000000 1049.491525
306615.306252 0.000000 1061.694915
323757.141944 0.000000 1073.898305
341739.696048 0.000000 1086.101695
360624.999807 0.000000 1098.305085
380412.571781 0.000000 1110.508475
401161.527060 0.000000 1122.711864
422866.286098 0.000000 1134.915254
445577.345716 0.000000 1147.118644
469278.514864 0.000000 1159.322034
494001.718097 0.000000 1171.525424
519709.436377 0.000000 1183.728814
546397.468668 0.000000 1195.932203
573986.466100 0.000000 1208.135593
602404.696882 0.000000 1220.338983
631492.125786 0.000000 1232.542373
661052.531842 0.000000 1244.745763
690772.100183 0.000000 1256.949153
720226.154715 0.000000 1269.152542
748811.428766 0.000000 1281.355932
775687.333987 0.000000 1293.559322
799718.631175 0.000000 1305.762712
819330.037267 0.000000 1317.966102
832466.564406 0.000000 1330.169492
836373.722938 0.000000 1342.372881
827665.227632 0.000000 1354.576271
802213.801714 0.000000 1366.779661
755716.413567 0.000000 1378.983051
684264.043416 0.000000 1391.186441
585935.379315 0.000000 1403.389831
462222.000688 0.000000 1415.593220
320835.267041 0.000000 1427.796610
179023.469617 0.000000 1440.000000
65707.749278 0.000000 1452.203390
216245832.888642 0.000000 1464.406780
-5741276.796718 -0.000000 1476.610169
-12372552.641007 -0.000000 1488.813559
-13429152.024140 -0.000000 1501.016949
-13069390.998998 -0.000000 1513.220339
-12919697.294695 -0.000000 1525.423729
-12888848.032863 -0.000000 1537.627119
-12895726.878209 -0.000000 1549.830508
-12850609.116646 -0.000000 1562.033898
-12686128.415890 -0.000000 1574.237288
-12483646.730980 -0.000000 1586.440678
-12473680.154547 -0.000000 1598.644068
-12560445.059345 -0.000000 1610.847458
-12573944.082178 -0.000000 1623.050847
-12565531.155494 -0.000000 1635.254237
-12562334.319022 -0.000000 1647.457627
-12529390.514269 -0.000000 1659.661017
-12436679.341287 -0.000000 1671.864407
-12268795.702554 -0.000000 1684.067797
-12009572.547674 -0.000000 1696.271186
-11662637.672124 -0.000000 1708.474576
-11222152.672838 -0.000000 1720.677966
-10628142.065016 -0.000000 1732.881356
-9796876.530812 -0.000000 1745.084746
-8636923.266259 -0.000000 1757.288136
-7062891.281076 -0.000000 1769.491525
-4973462.466436 -0.000000 1781.694915
-2282202.449603 -0.000000 1793.898305
1062961.577272 0.000000 1806.101695
4874643.662595 0.000000 1818.305085
8988125.061640 0.000000 1830.508475
12254005.446197 0.000000 1842.711864
13449916.912472 0.000000 1854.915254
13008786.771024 0.000000 1867.118644
5708278.326140 0.000000 1879.322034
-10111381.822453 -0.000000 1891.525424
-17231863.326445 -0.000000 1903.728814
-47868498.035473 -0.000000 1915.932203
-36060161.283766 -0.000000 1928.135593
-19265147.877738 -0.000000 1940.338983
-14829527.812923 -0.000000 1952.542373
-13362089.782963 -0.000000 1964.745763
-13594090.570885 -0.000000 1976.949153
-15264054.548857 -0.000000 1989.152542
-17279046.242490 -0.000000 2001.355932
-19233187.363691 -0.000000 2013.559322
-21220372.938089 -0.000000 2025.762712
-23253919.122903 -0.000000 2037.966102
-25491522.971340 -0.000000 2050.169492
-27903128.162189 -0.000000 2062.372881
-31299521.020966 -0.000000 2074.576271
-27080374.399913 -0.000000 2086.779661
-712132997.145096 -0.000000 2098.983051
-74883788.525672 -0.000000 2111.186441
3846658.919363 0.000000 2123.389831
333325.342406 0.000000 2135.593220
2183980.659810 0.000000 2147.796610
1653540599.252300 0.000000 2160.000000
9240896.061721 0.000000 2172.203390
8200182.023182 0.000000 2184.406780
10379422.467428 0.000000 2196.610169
56688367.917201 0.000000 2208.813559
188559541.203745 0.000000 2221.016949
12711632.992647 0.000000 2233.220339
11698181.357720 0.000000 2245.423729
11200536.020172 0.000000 2257.627119
8805042.227059 0.000000 2269.830508
5766750.113133 0.000000 2282.033898
3302930.752509 0.000000 2294.237288
2018490.189550 0.000000 2306.440678
1802510.606649 0.000000 2318.644068
2327216.969995 0.000000 2330.847458
3226663.079693 0.000000 2343.050847
4255521.241634 0.000000 2355.254237
5249402.943367 0.000000 2367.457627
6134605.248270 0.000000 2379.661017
6872015.425394 0.000000 2391.864407
7457069.800404 0.000000 2404.067797
7919336.325072 0.000000 2416.271186
8307332.358856 0.000000 2428.474576
8670328.128735 0.000000 2440.677966
9015701.840211 0.000000 2452.881356
9344109.272354 0.000000 2465.084746
9635224.245426 0.000000 2477.288136
9879863.124410 0.000000 2489.491525
10072452.768739 0.000000 2501.694915
10227692.854148 0.000000 2513.898305
10356007.511397 0.000000 2526.101695
10468017.297822 0.000000 2538.305085
10567612.541545 0.000000 2550.508475
10658546.369009 0.000000 2562.711864
10741342.125009 0.000000 2574.915254
10815982.372163 0.000000 2587.118644
10875653.439915 0.000000 2599.322034
10912557.286048 0.000000 2611.525424
10916491.108668 0.000000 2623.728814
10897765.987072 0.000000 2635.932203
10876653.830060 0.000000 2648.135593
10882919.227479 0.000000 2660.338983
10930772.924127 0.000000 2672.542373
11016649.366822 0.000000 2684.745763
11094954.060564 0.000000 2696.949153
11117646.644204 0.000000 2709.152542
11080851.469660 0.000000 2721.355932
11028904.181796 0.000000 2733.559322
11018002.479485 0.000000 2745.762712
11060591.926197 0.000000 2757.966102
11130367.136009 0.000000 2770.169492
11160176.725820 0.000000 2782.372881
11103877.476073 0.000000 2794.576271
10917571.976200 0.000000 2806.779661
10536608.139180 0.000000 2818.983051
9830414.278799 0.000000 2831.186441
8653461.279110 0.000000 2843.389831
6850685.839761 0.000000 2855.593220
4317674.905903 0.000000 2867.796610
1293999.852242 0.000000 2880.000000
-1074792.110140 -0.000000 2892.203390
-348885.761258 -0.000000 2904.406780
7708477.333769 0.000000 2916.610169
21887682.812547 0.000000 2928.813559
29816364.460301 0.000000 2941.016949
30007077.799918 0.000000 2953.220339
29983585.950659 0.000000 2965.423729
30419220.904591 0.000000 2977.627119
30721709.888627 0.000000 2989.830508
30597203.325597 0.000000 3002.033898
30117229.534032 0.000000 3014.237288
29840948.777656 0.000000 3026.440678
29578424.095530 0.000000 3038.644068
29198769.019864 0.000000 3050.847458
28899967.755127 0.000000 3063.050847
28610578.133196 0.000000 3075.254237
28387032.895259 0.000000 3087.457627
28218498.430628 0.000000 3099.661017
28088539.358226 0.000000 3111.864407
27982683.365531 0.000000 3124.067797
27886670.953565 0.000000 3136.271186
27796951.076441 0.000000 3148.474576
27712855.139082 0.000000 3160.677966
27645884.243016 0.000000 3172.881356
27603953.945358 0.000000 3185.084746
27624715.712906 0.000000 3197.288136
27757993.694744 0.000000 3209.491525
28167619.039216 0.000000 3221.694915
28588966.596583 0.000000 3233.898305
28443941.079910 0.000000 3246.101695
29786157.155386 0.000000 3258.305085
32812217.047408 0.000000 3270.508475
33898253.266119 0.000000 3282.711864
32724673.707494 0.000000 3294.915254
30463579.200210 0.000000 3307.118644
28933923.586306 0.000000 3319.322034
28000985.545798 0.000000 3331.525424
25773452.238511 0.000000 3343.728814
-969503.254862 -0.000000 3355.932203
-4795649.704410 -0.000000 3368.135593
-4574.902221 -0.000000 3380.338983
-7170.616417 -0.000000 3392.542373
-9660.069686 -0.000000 3404.745763
-12544.443307 -0.000000 3416.949153
-15264.207558 -0.000000 3429.152542
-17846.461878 -0.000000 3441.355932
-20143.736389 -0.000000 3453.559322
-22133.590668 -0.000000 3465.762712
-23796.173216 -0.000000 3477.966102
-25144.647291 -0.000000 3490.169492
-26209.727085 -0.000000 3502.372881
-27026.183811 -0.000000 3514.576271
-27637.643956 -0.000000 3526.779661
-28080.968215 -0.000000 3538.983051
-28394.531968 -0.000000 3551.186441
-28607.174568 -0.000000 3563.389831
-28745.418355 -0.000000 3575.593220
-28826.745818 -0.000000 3587.796610
-28864.538334 -0.000000 3600.000000
