25051.071193 0.000000 0.000000
25172.448900 0.000000 12.203390
25415.674390 0.000000 24.406780
25781.376217 0.000000 36.610169
26271.146056 0.000000 48.813559
26885.948440 0.000000 61.016949
27628.576482 0.000000 73.220339
28500.451039 0.000000 85.423729
29505.516179 0.000000 97.627119
30645.651873 0.000000 109.830508
31925.972704 0.000000 122.033898
33348.810431 0.000000 134.237288
34920.483079 0.000000 146.440678
36643.763539 0.000000 158.644068
38526.214505 0.000000 170.847458
40571.038606 0.000000 183.050847
42787.094192 0.000000 195.254237
45178.001861 0.000000 207.457627
47753.976147 0.000000 219.661017
50519.043941 0.000000 231.864407
53484.846454 0.000000 244.067797
56655.806508 0.000000 256.271186
60045.072315 0.000000 268.474576
63657.454324 0.000000 280.677966
67507.697832 0.000000 292.881356
71600.995711 0.000000 305.084746
75953.788216 0.000000 317.288136
80571.649986 0.000000 329.491525
85472.819950 0.000000 341.694915
90663.259753 0.000000 353.898305
96163.114019 0.000000 366.101695
101978.742292 0.000000 378.305085
108132.296440 0.000000 390.508475
114630.552896 0.000000 402.711864
121497.757592 0.000000 414.915254
128741.125789 0.000000 427.118644
136387.054166 0.000000 439.322034
144443.215752 0.000000 451.525424
152938.154465 0.000000 463.728814
161880.001720 0.000000 475.932203
171299.341113 0.000000 488.135593
181204.705360 0.000000 500.338983
191628.434620 0.000000 512.542373
202579.281008 0.000000 524.745763
214090.756321 0.000000 536.949153
226171.394235 0.000000 549.152542
238854.780887 0.000000 561.355932
252148.285056 0.000000 573.559322
266083.592790 0.000000 585.762712
280665.003186 0.000000 597.966102
295918.799477 0.000000 610.169492
311842.490789 0.000000 622.372881
328450.759596 0.000000 634.576271
345727.219924 0.000000 646.779661
363663.902219 0.000000 658.983051
382217.087301 0.000000 671.186441
401336.250591 0.000000 683.389831
420925.049787 0.000000 695.593220
440854.163437 0.000000 707.796610
460927.218593 0.000000 720.000000
480869.763381 0.000000 732.203390
500297.448377 0.000000 744.406780
518670.595773 0.000000 756.610169
535259.129596 0.000000 768.813559
549051.977862 0.000000 781.016949
558717.938652 0.000000 793.220339
562479.676270 0.000000 805.423729
558119.920930 0.000000 817.627119
542941.767649 0.000000 829.830508
514070.947772 0.000000 842.033898
468918.538606 0.000000 854.237288
406291.689700 0.000000 866.440678
327671.589084 0.000000 878.644068
238643.733429 0.000000 890.847458
149104.182177 0.000000 903.050847
71847.419388 0.000000 915.254237
137026279.285608 0.000000 927.457627
-4378898.146791 -0.000000 939.661017
-12588769.346647 -0.000000 951.864407
-13495447.283596 -0.000000 964.067797
-13026445.935943 -0.000000 976.271186
-12894653.053411 -0.000000 988.474576
-12870598.040628 -0.000000 1000.677966
-12890407.343298 -0.000000 1012.881356
-12871116.853105 -0.000000 1025.084746
-12790678.842913 -0.000000 1037.288136
-12670263.760506 -0.000000 1049.491525
-12604913.595609 -0.000000 1061.694915
-12642765.290967 -0.000000 1073.898305
-12722083.842058 -0.000000 1086.101695
-12777393.867540 -0.000000 1098.305085
-12790153.465309 -0.000000 1110.508475
-12787639.083955 -0.000000 1122.711864
-12784588.664041 -0.000000 1134.915254
-12784168.183060 -0.000000 1147.118644
-12778213.354009 -0.000000 1159.322034
-12778383.913015 -0.000000 1171.525424
-12779376.522679 -0.000000 1183.728814
-12777149.420504 -0.000000 1195.932203
-12770470.395183 -0.000000 1208.135593
-12768951.237158 -0.000000 1220.338983
-12767504.526968 -0.000000 1232.542373
-12763797.118226 -0.000000 1244.745763
-12756745.850447 -0.000000 1256.949153
-12735764.063514 -0.000000 1269.152542
-12709813.543585 -0.000000 1281.355932
-12681979.047530 -0.000000 1293.559322
-12649873.464429 -0.000000 1305.762712
-12616739.401203 -0.000000 1317.966102
-12585235.482115 -0.000000 1330.169492
-12546756.967531 -0.000000 1342.372881
-12495300.726078 -0.000000 1354.576271
-12433365.858891 -0.000000 1366.779661
-12350783.686158 -0.000000 1378.983051
-12246534.557303 -0.000000 1391.186441
-12133038.447562 -0.000000 1403.389831
-12014949.313265 -0.000000 1415.593220
-11897632.223455 -0.000000 1427.796610
-11780984.781522 -0.000000 1440.000000
-11664933.771322 -0.000000 1452.203390
-11548281.665557 -0.000000 1464.406780
-11432299.426358 -0.000000 1476.610169
-11316516.840096 -0.000000 1488.813559
-11202613.916080 -0.000000 1501.016949
-11089068.522327 -0.000000 1513.220339
-10977534.265730 -0.000000 1525.423729
-10865594.411751 -0.000000 1537.627119
-10755282.284722 -0.000000 1549.830508
-10643634.880400 -0.000000 1562.033898
-10533428.934528 -0.000000 1574.237288
-10423016.069789 -0.000000 1586.440678
-10318266.541423 -0.000000 1598.644068
-10219125.369450 -0.000000 1610.847458
-10124938.174645 -0.000000 1623.050847
-10023644.493396 -0.000000 1635.254237
-9910667.027820 -0.000000 1647.457627
-9789092.827160 -0.000000 1659.661017
-9667811.069218 -0.000000 1671.864407
-9548448.173883 -0.000000 1684.067797
-9427717.787732 -0.000000 1696.271186
-9300749.576142 -0.000000 1708.474576
-9162387.711401 -0.000000 1720.677966
-9007700.563829 -0.000000 1732.881356
-8828790.710600 -0.000000 1745.084746
-8614229.133789 -0.000000 1757.288136
-8344535.143586 -0.000000 1769.491525
-7989696.167783 -0.000000 1781.694915
-7505030.750263 -0.000000 1793.898305
-6827980.645380 -0.000000 1806.101695
-5873073.294957 -0.000000 1818.305085
-4526563.984719 -0.000000 1830.508475
-2645533.214834 -0.000000 1842.711864
-55000.444907 -0.000000 1854.915254
3340663.489427 0.000000 1867.118644
7686398.284868 0.000000 1879.322034
11891192.019351 0.000000 1891.525424
13520201.556489 0.000000 1903.728814
13600431.376651 0.000000 1915.932203
15255297.046057 0.000000 1928.135593
8271095.080007 0.000000 1940.338983
-11699306.041725 -0.000000 1952.542373
-17582021.319784 -0.000000 1964.745763
-29029970.980421 -0.000000 1976.949153
-44444843.853522 -0.000000 1989.152542
-20690666.865325 -0.000000 2001.355932
-15072855.804549 -0.000000 2013.559322
-13462211.814301 -0.000000 2025.762712
-13729491.576868 -0.000000 2037.966102
-15417487.782670 -0.000000 2050.169492
-17185779.015540 -0.000000 2062.372881
-18584454.324430 -0.000000 2074.576271
-19680117.879705 -0.000000 2086.779661
-20425660.821502 -0.000000 2098.983051
-20857931.373461 -0.000000 2111.186441
-20844487.024773 -0.000000 2123.389831
-20643626.449575 -0.000000 2135.593220
-16692807.288747 -0.000000 2147.796610
-624136221.817500 -0.000000 2160.000000
-50664036.888999 -0.000000 2172.203390
2139376.987064 0.000000 2184.406780
6598311.598972 0.000000 2196.610169
10700778.347198 0.000000 2208.813559
11355637.768097 0.000000 2221.016949
10042254.954776 0.000000 2233.220339
7935473.591182 0.000000 2245.423729
6092978.842848 0.000000 2257.627119
5118088.136789 0.000000 2269.830508
5075325.804699 0.000000 2282.033898
5691469.448049 0.000000 2294.237288
6626259.566098 0.000000 2306.440678
7648377.764901 0.000000 2318.644068
8621204.233909 0.000000 2330.847458
9505517.043157 0.000000 2343.050847
10287216.373094 0.000000 2355.254237
10982593.007692 0.000000 2367.457627
11599729.266372 0.000000 2379.661017
12154300.665410 0.000000 2391.864407
12651917.261656 0.000000 2404.067797
13101065.876501 0.000000 2416.271186
13504652.235642 0.000000 2428.474576
13867127.198033 0.000000 2440.677966
14190662.195003 0.000000 2452.881356
14477997.586594 0.000000 2465.084746
14731136.065712 0.000000 2477.288136
14951930.123942 0.000000 2489.491525
15139246.527941 0.000000 2501.694915
15281568.005933 0.000000 2513.898305
15383476.765279 0.000000 2526.101695
15452672.882427 0.000000 2538.305085
15488500.624741 0.000000 2550.508475
15513076.853228 0.000000 2562.711864
15531236.521663 0.000000 2574.915254
15536492.097860 0.000000 2587.118644
15539170.599987 0.000000 2599.322034
15539672.268756 0.000000 2611.525424
15540210.987246 0.000000 2623.728814
15539888.278212 0.000000 2635.932203
15537811.990157 0.000000 2648.135593
15531482.681539 0.000000 2660.338983
15525829.291413 0.000000 2672.542373
15522917.805882 0.000000 2684.745763
15526819.728729 0.000000 2696.949153
15530030.885792 0.000000 2709.152542
15534926.807684 0.000000 2721.355932
15542135.340826 0.000000 2733.559322
15564830.814992 0.000000 2745.762712
15586286.161766 0.000000 2757.966102
15584338.001444 0.000000 2770.169492
15434948.058643 0.000000 2782.372881
15036873.269844 0.000000 2794.576271
14309395.160763 0.000000 2806.779661
12905597.262523 0.000000 2818.983051
10207085.522463 0.000000 2831.186441
5732912.993038 0.000000 2843.389831
1641275.334907 0.000000 2855.593220
1326807.037313 0.000000 2867.796610
12061385.053545 0.000000 2880.000000
27419313.702764 0.000000 2892.203390
30059615.959498 0.000000 2904.406780
29882539.751061 0.000000 2916.610169
30479717.743761 0.000000 2928.813559
31076304.286157 0.000000 2941.016949
31340240.459066 0.000000 2953.220339
31335417.168932 0.000000 2965.423729
30898585.459459 0.000000 2977.627119
30483500.931129 0.000000 2989.830508
30316080.986741 0.000000 3002.033898
29966626.096656 0.000000 3014.237288
29636696.680394 0.000000 3026.440678
29355715.987799 0.000000 3038.644068
29104878.565906 0.000000 3050.847458
28941540.838792 0.000000 3063.050847
28831932.911788 0.000000 3075.254237
28759556.427774 0.000000 3087.457627
28696796.523741 0.000000 3099.661017
28633485.720199 0.000000 3111.864407
28566801.627245 0.000000 3124.067797
28508902.893663 0.000000 3136.271186
28473853.314063 0.000000 3148.474576
28498417.911385 0.000000 3160.677966
28630771.815390 0.000000 3172.881356
28962155.514874 0.000000 3185.084746
29227582.487077 0.000000 3197.288136
29142641.704520 0.000000 3209.491525
30321697.873553 0.000000 3221.694915
32947232.057444 0.000000 3233.898305
34136950.520486 0.000000 3246.101695
33424635.434462 0.000000 3258.305085
31652004.786489 0.000000 3270.508475
30098996.944556 0.000000 3282.711864
30009085.900041 0.000000 3294.915254
19654399.186527 0.000000 3307.118644
-610739.271587 -0.000000 3319.322034
2069401.247285 0.000000 3331.525424
42943.435842 0.000000 3343.728814
74990.941447 0.000000 3355.932203
108087.273396 0.000000 3368.135593
140551.285169 0.000000 3380.338983
171391.454589 0.000000 3392.542373
199602.805528 0.000000 3404.745763
224642.112153 0.000000 3416.949153
246225.423045 0.000000 3429.152542
264377.498443 0.000000 3441.355932
279288.409956 0.000000 3453.559322
291290.550993 0.000000 3465.762712
300755.313799 0.000000 3477.966102
308084.213202 0.000000 3490.169492
313646.441234 0.000000 3502.372881
317790.866499 0.000000 3514.576271
320811.027114 0.000000 3526.779661
322966.335937 0.000000 3538.983051
324461.987010 0.000000 3551.186441
325469.734053 0.000000 3563.389831
326115.865295 0.000000 3575.593220
326496.712130 0.000000 3587.796610
326671.665647 0.000000 3600.000000
