206187.832302 0.000000 0.000000
199832.332048 0.000000 12.203390
186920.217577 0.000000 24.406780
167178.724307 0.000000 36.610169
140491.938870 0.000000 48.813559
107098.792712 0.000000 61.016949
67662.970500 0.000000 73.220339
95142364.943718 0.000000 85.423729
-5250083.382452 -0.000000 97.627119
-14086826.633288 -0.000000 109.830508
-14079722.964958 -0.000000 122.033898
-14068387.199302 -0.000000 134.237288
-13261792.016659 -0.000000 146.440678
-12207227.462169 -0.000000 158.644068
-12449951.653239 -0.000000 170.847458
-12879238.182741 -0.000000 183.050847
-12931746.483956 -0.000000 195.254237
-12790551.244113 -0.000000 207.457627
-12439007.069100 -0.000000 219.661017
-12349837.111686 -0.000000 231.864407
-12682080.176997 -0.000000 244.067797
-12877309.780400 -0.000000 256.271186
-12880047.168288 -0.000000 268.474576
-12864544.680109 -0.000000 280.677966
-12853211.664168 -0.000000 292.881356
-12842065.511925 -0.000000 305.084746
-12834500.336156 -0.000000 317.288136
-12827627.366938 -0.000000 329.491525
-12818726.828308 -0.000000 341.694915
-12806483.982823 -0.000000 353.898305
-12794407.644471 -0.000000 366.101695
-12781825.350254 -0.000000 378.305085
-12768577.433990 -0.000000 390.508475
-12757696.475096 -0.000000 402.711864
-12752221.562856 -0.000000 414.915254
-12749862.928907 -0.000000 427.118644
-12749894.737556 -0.000000 439.322034
-12752660.757364 -0.000000 451.525424
-12758937.467731 -0.000000 463.728814
-12767607.008476 -0.000000 475.932203
-12776027.933526 -0.000000 488.135593
-12781457.947704 -0.000000 500.338983
-12784007.759733 -0.000000 512.542373
-12784926.593783 -0.000000 524.745763
-12784563.432388 -0.000000 536.949153
-12783253.877989 -0.000000 549.152542
-12781388.661911 -0.000000 561.355932
-12779105.102562 -0.000000 573.559322
-12776764.362246 -0.000000 585.762712
-12774820.920229 -0.000000 597.966102
-12773583.275830 -0.000000 610.169492
-12772727.514977 -0.000000 622.372881
-12772353.492176 -0.000000 634.576271
-12772575.539591 -0.000000 646.779661
-12773081.438335 -0.000000 658.983051
-12773592.840168 -0.000000 671.186441
-12774335.826876 -0.000000 683.389831
-12775048.108390 -0.000000 695.593220
-12775370.396171 -0.000000 707.796610
-12775769.297810 -0.000000 720.000000
-12775943.720739 -0.000000 732.203390
-12775902.324459 -0.000000 744.406780
-12775976.132184 -0.000000 756.610169
-12775735.516200 -0.000000 768.813559
-12775743.475169 -0.000000 781.016949
-12775649.033944 -0.000000 793.220339
-12775759.418173 -0.000000 805.423729
-12775867.036740 -0.000000 817.627119
-12776026.162369 -0.000000 829.830508
-12776050.668935 -0.000000 842.033898
-12776430.990701 -0.000000 854.237288
-12776456.542633 -0.000000 866.440678
-12776795.707104 -0.000000 878.644068
-12776670.254411 -0.000000 890.847458
-12776855.175244 -0.000000 903.050847
-12776382.085087 -0.000000 915.254237
-12776350.446530 -0.000000 927.457627
-12775795.871393 -0.000000 939.661017
-12775653.278686 -0.000000 951.864407
-12775049.892456 -0.000000 964.067797
-12774993.428038 -0.000000 976.271186
-12774519.750198 -0.000000 988.474576
-12774578.540160 -0.000000 1000.677966
-12774554.402160 -0.000000 1012.881356
-12776134.794667 -0.000000 1025.084746
-12777765.449931 -0.000000 1037.288136
-12776575.835547 -0.000000 1049.491525
-12771878.375656 -0.000000 1061.694915
-12772470.979646 -0.000000 1073.898305
-12781587.651087 -0.000000 1086.101695
-12789194.896058 -0.000000 1098.305085
-12787372.473106 -0.000000 1110.508475
-12781437.977965 -0.000000 1122.711864
-12781878.501282 -0.000000 1134.915254
-12784574.025125 -0.000000 1147.118644
-12778334.913631 -0.000000 1159.322034
-12763657.264847 -0.000000 1171.525424
-12755492.301492 -0.000000 1183.728814
-12756824.000917 -0.000000 1195.932203
-12760830.890486 -0.000000 1208.135593
-12763199.989391 -0.000000 1220.338983
-12768749.460882 -0.000000 1232.542373
-12777335.643445 -0.000000 1244.745763
-12784906.430441 -0.000000 1256.949153
-12789664.604401 -0.000000 1269.152542
-12800275.562750 -0.000000 1281.355932
-12813810.489295 -0.000000 1293.559322
-12819760.085750 -0.000000 1305.762712
-12822138.843759 -0.000000 1317.966102
-12827573.992470 -0.000000 1330.169492
-12829180.370320 -0.000000 1342.372881
-12817926.093685 -0.000000 1354.576271
-12774630.250421 -0.000000 1366.779661
-12685073.451229 -0.000000 1378.983051
-12597171.505613 -0.000000 1391.186441
-12584623.477746 -0.000000 1403.389831
-12660399.517765 -0.000000 1415.593220
-12775684.211869 -0.000000 1427.796610
-12862469.121499 -0.000000 1440.000000
-12894732.506029 -0.000000 1452.203390
-12892352.159314 -0.000000 1464.406780
-12857355.311234 -0.000000 1476.610169
-12755864.778144 -0.000000 1488.813559
-12816688.588636 -0.000000 1501.016949
-13270174.277021 -0.000000 1513.220339
-14691095.338708 -0.000000 1525.423729
-12937145.930012 -0.000000 1537.627119
-5456777.722092 -0.000000 1549.830508
-4668765.795005 -0.000000 1562.033898
-6172092.883220 -0.000000 1574.237288
-7546921.056580 -0.000000 1586.440678
-8726637.132541 -0.000000 1598.644068
-9675867.866968 -0.000000 1610.847458
-10347196.449358 -0.000000 1623.050847
-10735906.754263 -0.000000 1635.254237
-10839055.250846 -0.000000 1647.457627
-10662099.579499 -0.000000 1659.661017
-10202960.697995 -0.000000 1671.864407
-9462813.424802 -0.000000 1684.067797
-8466600.423674 -0.000000 1696.271186
-7234723.838707 -0.000000 1708.474576
-5857468.950331 -0.000000 1720.677966
-4238439.370167 -0.000000 1732.881356
-7544325.615382 -0.000000 1745.084746
-14359533.287964 -0.000000 1757.288136
-14158824.328751 -0.000000 1769.491525
-13089604.749025 -0.000000 1781.694915
-12773108.625206 -0.000000 1793.898305
-12790766.844572 -0.000000 1806.101695
-12882792.480725 -0.000000 1818.305085
-12907496.455074 -0.000000 1830.508475
-12896155.561710 -0.000000 1842.711864
-12842364.727009 -0.000000 1854.915254
-12720696.000229 -0.000000 1867.118644
-12576567.239310 -0.000000 1879.322034
-12525551.834268 -0.000000 1891.525424
-12620928.887308 -0.000000 1903.728814
-12757685.857407 -0.000000 1915.932203
-12833089.010490 -0.000000 1928.135593
-12849947.745573 -0.000000 1940.338983
-12854466.452715 -0.000000 1952.542373
-12856963.275271 -0.000000 1964.745763
-12858715.618560 -0.000000 1976.949153
-12866496.791801 -0.000000 1989.152542
-12877174.154349 -0.000000 2001.355932
-12892377.798773 -0.000000 2013.559322
-12967880.171149 -0.000000 2025.762712
-12970529.817625 -0.000000 2037.966102
-12311690.264656 -0.000000 2050.169492
-11176314.300305 -0.000000 2062.372881
-9863759.049938 -0.000000 2074.576271
-8100357.230440 -0.000000 2086.779661
-6005523.595833 -0.000000 2098.983051
-3679390.912947 -0.000000 2111.186441
-573101.690597 -0.000000 2123.389831
1352801.003984 0.000000 2135.593220
-7480469.960558 -0.000000 2147.796610
-19475135.278845 -0.000000 2160.000000
-15545053.014791 -0.000000 2172.203390
-14767991.558429 -0.000000 2184.406780
-14522221.304645 -0.000000 2196.610169
-14367354.578711 -0.000000 2208.813559
-14428602.682959 -0.000000 2221.016949
-14418370.167242 -0.000000 2233.220339
-14521673.991257 -0.000000 2245.423729
-15149875.387070 -0.000000 2257.627119
-15719927.792003 -0.000000 2269.830508
-15595472.863821 -0.000000 2282.033898
-15808371.460733 -0.000000 2294.237288
-17336666.406392 -0.000000 2306.440678
-18048100.436603 -0.000000 2318.644068
-17312352.976680 -0.000000 2330.847458
-16605590.583763 -0.000000 2343.050847
-16484671.211300 -0.000000 2355.254237
-17081454.582547 -0.000000 2367.457627
-18819403.874596 -0.000000 2379.661017
-22989856.607773 -0.000000 2391.864407
-31986748.462469 -0.000000 2404.067797
-36776326.275774 -0.000000 2416.271186
-12522949.315110 -0.000000 2428.474576
-4459196.700206 -0.000000 2440.677966
222000.196253 0.000000 2452.881356
3115248.449587 0.000000 2465.084746
4993870.433829 0.000000 2477.288136
6197194.925201 0.000000 2489.491525
7009413.185612 0.000000 2501.694915
7610607.049875 0.000000 2513.898305
8113171.946360 0.000000 2526.101695
8570225.923071 0.000000 2538.305085
9003118.837488 0.000000 2550.508475
9413634.946261 0.000000 2562.711864
9798926.480067 0.000000 2574.915254
10153226.254399 0.000000 2587.118644
10474409.833028 0.000000 2599.322034
10760659.693736 0.000000 2611.525424
11013812.298699 0.000000 2623.728814
11235354.857608 0.000000 2635.932203
11428843.915705 0.000000 2648.135593
11596775.356667 0.000000 2660.338983
11742666.483977 0.000000 2672.542373
11868844.440929 0.000000 2684.745763
11978206.434542 0.000000 2696.949153
12072599.269378 0.000000 2709.152542
12154284.003855 0.000000 2721.355932
12224626.152415 0.000000 2733.559322
12285393.202707 0.000000 2745.762712
12337526.975139 0.000000 2757.966102
12382472.436967 0.000000 2770.169492
12420793.327253 0.000000 2782.372881
12453797.482470 0.000000 2794.576271
12481701.668309 0.000000 2806.779661
12505896.300152 0.000000 2818.983051
12526286.996506 0.000000 2831.186441
12544596.285486 0.000000 2843.389831
12560435.374181 0.000000 2855.593220
12575961.521263 0.000000 2867.796610
12590201.926860 0.000000 2880.000000
12604943.712984 0.000000 2892.203390
12616896.118257 0.000000 2904.406780
12623565.389361 0.000000 2916.610169
12613187.695646 0.000000 2928.813559
12567460.047594 0.000000 2941.016949
12450912.393539 0.000000 2953.220339
12205904.881146 0.000000 2965.423729
11750162.733824 0.000000 2977.627119
10964293.770061 0.000000 2989.830508
9705829.723096 0.000000 3002.033898
7741402.550837 0.000000 3014.237288
4915282.258868 0.000000 3026.440678
1558406.882827 0.000000 3038.644068
-272639.519491 -0.000000 3050.847458
3249389.659212 0.000000 3063.050847
15570191.613170 0.000000 3075.254237
28113618.983131 0.000000 3087.457627
30454326.185017 0.000000 3099.661017
30526972.181229 0.000000 3111.864407
30881922.127666 0.000000 3124.067797
31187935.297281 0.000000 3136.271186
31353120.803861 0.000000 3148.474576
31026489.427239 0.000000 3160.677966
30547633.094494 0.000000 3172.881356
30357578.933511 0.000000 3185.084746
29988227.812211 0.000000 3197.288136
29610468.148270 0.000000 3209.491525
29302043.930890 0.000000 3221.694915
29008747.415386 0.000000 3233.898305
28807650.250982 0.000000 3246.101695
28652216.976077 0.000000 3258.305085
28535665.270011 0.000000 3270.508475
28435626.270248 0.000000 3282.711864
28354104.310691 0.000000 3294.915254
28281458.136758 0.000000 3307.118644
28227396.670384 0.000000 3319.322034
28201531.171781 0.000000 3331.525424
28230799.505729 0.000000 3343.728814
28351679.936990 0.000000 3355.932203
28676195.494901 0.000000 3368.135593
29151893.603397 0.000000 3380.338983
29155639.383441 0.000000 3392.542373
29676165.241550 0.000000 3404.745763
32114695.232566 0.000000 3416.949153
34058713.961808 0.000000 3429.152542
33796145.226326 0.000000 3441.355932
32268059.481818 0.000000 3453.559322
30624262.729726 0.000000 3465.762712
27262502.106294 0.000000 3477.966102
28910688.175554 0.000000 3490.169492
6571544.511702 0.000000 3502.372881
7764831.064614 0.000000 3514.576271
11710.389712 0.000000 3526.779661
19300.629715 0.000000 3538.983051
25724.973990 0.000000 3551.186441
30793.297779 0.000000 3563.389831
34669.622023 0.000000 3575.593220
37246.828017 0.000000 3587.796610
38548.432285 0.000000 3600.000000
