20586.762831 0.000000 0.000000
20600.623861 0.000000 12.203390
20628.267797 0.000000 24.406780
20669.771842 0.000000 36.610169
20725.083762 0.000000 48.813559
20794.067658 0.000000 61.016949
20876.772743 0.000000 73.220339
20972.983313 0.000000 85.423729
21082.789479 0.000000 97.627119
21205.914641 0.000000 109.830508
21342.494649 0.000000 122.033898
21492.204254 0.000000 134.237288
21655.236604 0.000000 146.440678
21831.228547 0.000000 158.644068
22020.442109 0.000000 170.847458
22222.486751 0.000000 183.050847
22437.704436 0.000000 195.254237
22665.686039 0.000000 207.457627
22906.862758 0.000000 219.661017
23160.812648 0.000000 231.864407
23428.062580 0.000000 244.067797
23708.180701 0.000000 256.271186
24001.792526 0.000000 268.474576
24308.455122 0.000000 280.677966
24628.892903 0.000000 292.881356
24962.646990 0.000000 305.084746
25310.536556 0.000000 317.288136
25672.079379 0.000000 329.491525
26048.183359 0.000000 341.694915
26438.332366 0.000000 353.898305
26843.516070 0.000000 366.101695
27263.173026 0.000000 378.305085
27698.366125 0.000000 390.508475
28148.478050 0.000000 402.711864
28614.638406 0.000000 414.915254
29096.163152 0.000000 427.118644
29594.244933 0.000000 439.322034
30108.126489 0.000000 451.525424
30639.061149 0.000000 463.728814
31186.215203 0.000000 475.932203
31750.906076 0.000000 488.135593
32332.222543 0.000000 500.338983
32931.553829 0.000000 512.542373
33547.916053 0.000000 524.745763
34182.780210 0.000000 536.949153
34835.097900 0.000000 549.152542
35506.437322 0.000000 561.355932
36195.695300 0.000000 573.559322
36904.554976 0.000000 585.762712
37631.872753 0.000000 597.966102
38379.465885 0.000000 610.169492
39146.164624 0.000000 622.372881
39933.942236 0.000000 634.576271
40741.618787 0.000000 646.779661
41571.345320 0.000000 658.983051
42421.949049 0.000000 671.186441
43295.780901 0.000000 683.389831
44191.691673 0.000000 695.593220
45112.255579 0.000000 707.796610
46056.365343 0.000000 720.000000
47026.841523 0.000000 732.203390
48022.637119 0.000000 744.406780
49046.842515 0.000000 756.610169
50098.490969 0.000000 768.813559
51180.967799 0.000000 781.016949
52293.408043 0.000000 793.220339
53439.516541 0.000000 805.423729
54618.554297 0.000000 817.627119
55834.572320 0.000000 829.830508
57086.982116 0.000000 842.033898
58380.207270 0.000000 854.237288
59713.838023 0.000000 866.440678
61092.695995 0.000000 878.644068
62516.579649 0.000000 890.847458
63990.732669 0.000000 903.050847
65515.191077 0.000000 915.254237
67095.641434 0.000000 927.457627
68732.386031 0.000000 939.661017
70431.569626 0.000000 951.864407
72193.788482 0.000000 964.067797
74025.652150 0.000000 976.271186
75928.074056 0.000000 988.474576
77908.122404 0.000000 1000.677966
79967.045871 0.000000 1012.881356
82112.351681 0.000000 1025.084746
84345.633187 0.000000 1037.288136
86674.796213 0.000000 1049.491525
89101.778713 0.000000 1061.694915
91634.820926 0.000000 1073.898305
94276.193806 0.000000 1086.101695
97034.380167 0.000000 1098.305085
99911.959312 0.000000 1110.508475
102917.530643 0.000000 1122.711864
106053.943457 0.000000 1134.915254
109329.751738 0.000000 1147.118644
112748.022595 0.000000 1159.322034
116317.058980 0.000000 1171.525424
120040.083809 0.000000 1183.728814
123924.897570 0.000000 1195.932203
127974.808282 0.000000 1208.135593
132196.813953 0.000000 1220.338983
136594.233737 0.000000 1232.542373
141172.911444 0.000000 1244.745763
145936.112620 0.000000 1256.949153
150888.121459 0.000000 1269.152542
156032.102583 0.000000 1281.355932
161370.320971 0.000000 1293.559322
166905.829626 0.000000 1305.762712
172638.362676 0.000000 1317.966102
178570.902521 0.000000 1330.169492
184700.085270 0.000000 1342.372881
191028.942351 0.000000 1354.576271
197550.385318 0.000000 1366.779661
204267.706395 0.000000 1378.983051
211169.395240 0.000000 1391.186441
218259.332221 0.000000 1403.389831
225520.788146 0.000000 1415.593220
232958.668750 0.000000 1427.796610
240550.078837 0.000000 1440.000000
248301.481537 0.000000 1452.203390
256182.626748 0.000000 1464.406780
264202.104870 0.000000 1476.610169
272320.744154 0.000000 1488.813559
280549.751296 0.000000 1501.016949
288838.868005 0.000000 1513.220339
297202.142403 0.000000 1525.423729
305575.157927 0.000000 1537.627119
313974.454319 0.000000 1549.830508
322317.034217 0.000000 1562.033898
330620.537666 0.000000 1574.237288
338776.992251 0.000000 1586.440678
346802.001362 0.000000 1598.644068
354553.372777 0.000000 1610.847458
362038.698501 0.000000 1623.050847
369068.225470 0.000000 1635.254237
375631.037100 0.000000 1647.457627
381470.519105 0.000000 1659.661017
386539.557935 0.000000 1671.864407
390486.609787 0.000000 1684.067797
393199.186220 0.000000 1696.271186
394189.548490 0.000000 1708.474576
393232.247594 0.000000 1720.677966
389641.911320 0.000000 1732.881356
383003.194263 0.000000 1745.084746
372340.481615 0.000000 1757.288136
356925.819342 0.000000 1769.491525
335353.130148 0.000000 1781.694915
306391.601604 0.000000 1793.898305
267995.261831 0.000000 1806.101695
218153.433349 0.000000 1818.305085
153883.535494 0.000000 1830.508475
72047.610288 0.000000 1842.711864
-31635.880832 -0.000000 1854.915254
-161698.017026 -0.000000 1867.118644
-323974.605146 -0.000000 1879.322034
-524057.104166 -0.000000 1891.525424
-768839.186200 -0.000000 1903.728814
-1062906.243526 -0.000000 1915.932203
-1410417.227400 -0.000000 1928.135593
-1811359.965616 -0.000000 1940.338983
-2243214.386759 -0.000000 1952.542373
-2730456.849847 -0.000000 1964.745763
-3021209.312949 -0.000000 1976.949153
-2985352.042817 -0.000000 1989.152542
-10163920.900360 -0.000000 2001.355932
-21729869.827502 -0.000000 2013.559322
-25977319.873407 -0.000000 2025.762712
-26706081.512121 -0.000000 2037.966102
-13526360.905628 -0.000000 2050.169492
-8262061.498532 -0.000000 2062.372881
-11536647.186806 -0.000000 2074.576271
-1489392.908394 -0.000000 2086.779661
8751140.955325 0.000000 2098.983051
5081602.043759 0.000000 2111.186441
4842709.424841 0.000000 2123.389831
5575887.012643 0.000000 2135.593220
34067557.948548 0.000000 2147.796610
81444095.770699 0.000000 2160.000000
4814558.085663 0.000000 2172.203390
9410502.657481 0.000000 2184.406780
11593829.910098 0.000000 2196.610169
11596668.041248 0.000000 2208.813559
9970802.719897 0.000000 2221.016949
8057032.331161 0.000000 2233.220339
6862483.462825 0.000000 2245.423729
6602558.179491 0.000000 2257.627119
7083503.340052 0.000000 2269.830508
7964127.329650 0.000000 2282.033898
8991469.554579 0.000000 2294.237288
9993278.574826 0.000000 2306.440678
10905815.385888 0.000000 2318.644068
11733620.579152 0.000000 2330.847458
12481379.821882 0.000000 2343.050847
13140767.390132 0.000000 2355.254237
13696752.664521 0.000000 2367.457627
14161961.044935 0.000000 2379.661017
14549583.045242 0.000000 2391.864407
14872493.791563 0.000000 2404.067797
15122264.410952 0.000000 2416.271186
15298347.654971 0.000000 2428.474576
15418763.942577 0.000000 2440.677966
15471117.357854 0.000000 2452.881356
15479452.941544 0.000000 2465.084746
15499379.149260 0.000000 2477.288136
15510266.198508 0.000000 2489.491525
15506995.484951 0.000000 2501.694915
15510424.263429 0.000000 2513.898305
15493645.378840 0.000000 2526.101695
15461541.680275 0.000000 2538.305085
15443544.011780 0.000000 2550.508475
15458534.533783 0.000000 2562.711864
15484599.288846 0.000000 2574.915254
15502030.312634 0.000000 2587.118644
15500606.578867 0.000000 2599.322034
15498928.357957 0.000000 2611.525424
15496445.706966 0.000000 2623.728814
15491327.656051 0.000000 2635.932203
15476582.255118 0.000000 2648.135593
15465728.405048 0.000000 2660.338983
15465625.675196 0.000000 2672.542373
15480962.149285 0.000000 2684.745763
15491719.139260 0.000000 2696.949153
15489417.524737 0.000000 2709.152542
15466360.399949 0.000000 2721.355932
15448398.081483 0.000000 2733.559322
15469194.018148 0.000000 2745.762712
15521598.048113 0.000000 2757.966102
15606312.377622 0.000000 2770.169492
15592318.109312 0.000000 2782.372881
15217454.101382 0.000000 2794.576271
14303468.188850 0.000000 2806.779661
12138728.562786 0.000000 2818.983051
7717520.523159 0.000000 2831.186441
2291043.948813 0.000000 2843.389831
-634716.197781 -0.000000 2855.593220
7101974.257682 0.000000 2867.796610
24363384.137825 0.000000 2880.000000
30047203.173234 0.000000 2892.203390
29341084.469746 0.000000 2904.406780
29637852.529053 0.000000 2916.610169
30296612.218192 0.000000 2928.813559
30642872.919959 0.000000 2941.016949
30564088.607075 0.000000 2953.220339
30253999.807742 0.000000 2965.423729
29739915.600040 0.000000 2977.627119
29588377.157031 0.000000 2989.830508
29508455.788693 0.000000 3002.033898
29184861.042812 0.000000 3014.237288
28916405.621137 0.000000 3026.440678
28672148.759148 0.000000 3038.644068
28461113.971492 0.000000 3050.847458
28300323.594920 0.000000 3063.050847
28160153.816963 0.000000 3075.254237
28029438.061616 0.000000 3087.457627
27904028.880331 0.000000 3099.661017
27784761.973134 0.000000 3111.864407
27684780.775406 0.000000 3124.067797
27612292.970081 0.000000 3136.271186
27604747.321531 0.000000 3148.474576
27688859.905593 0.000000 3160.677966
28046426.936778 0.000000 3172.881356
28328467.627681 0.000000 3185.084746
27920595.638531 0.000000 3197.288136
29483284.326780 0.000000 3209.491525
33015138.584593 0.000000 3221.694915
34127364.017401 0.000000 3233.898305
32773893.959772 0.000000 3246.101695
30551937.623739 0.000000 3258.305085
28468994.100328 0.000000 3270.508475
27268691.729041 0.000000 3282.711864
20006407.358214 0.000000 3294.915254
23222.846375 0.000000 3307.118644
6276854.835806 0.000000 3319.322034
45717.431733 0.000000 3331.525424
80914.122534 0.000000 3343.728814
117578.798565 0.000000 3355.932203
153626.729504 0.000000 3368.135593
188033.914669 0.000000 3380.338983
219546.121732 0.000000 3392.542373
247535.350570 0.000000 3404.745763
271630.340073 0.000000 3416.949153
291841.472481 0.000000 3429.152542
308367.105609 0.000000 3441.355932
321577.509417 0.000000 3453.559322
331893.514598 0.000000 3465.762712
339772.393502 0.000000 3477.966102
345640.453352 0.000000 3490.169492
349900.137581 0.000000 3502.372881
352895.531508 0.000000 3514.576271
354930.740590 0.000000 3526.779661
356251.879222 0.000000 3538.983051
357066.812850 0.000000 3551.186441
357534.931288 0.000000 3563.389831
357783.019078 0.000000 3575.593220
357899.375979 0.000000 3587.796610
357943.451831 0.000000 3600.000000
