1424231.286811 0.000000 0.000000
1393625.410620 0.000000 12.203390
1330344.955749 0.000000 24.406780
1230826.856838 0.000000 36.610169
1091235.346029 0.000000 48.813559
909332.683316 0.000000 61.016949
686523.206943 0.000000 73.220339
428973.692466 0.000000 85.423729
497569881.530136 0.000000 97.627119
-1529491.435877 -0.000000 109.830508
-7609593.142560 -0.000000 122.033898
-12657635.628665 -0.000000 134.237288
-13488458.480870 -0.000000 146.440678
-13121142.087873 -0.000000 158.644068
-12988384.064238 -0.000000 170.847458
-12952535.504510 -0.000000 183.050847
-12930437.122366 -0.000000 195.254237
-12871830.359396 -0.000000 207.457627
-12768413.992518 -0.000000 219.661017
-12672876.318635 -0.000000 231.864407
-12639482.124111 -0.000000 244.067797
-12709580.107348 -0.000000 256.271186
-12781610.085177 -0.000000 268.474576
-12803905.589118 -0.000000 280.677966
-12811963.315178 -0.000000 292.881356
-12812460.458052 -0.000000 305.084746
-12811539.874452 -0.000000 317.288136
-12807916.398675 -0.000000 329.491525
-12805896.639309 -0.000000 341.694915
-12802518.797720 -0.000000 353.898305
-12801415.434508 -0.000000 366.101695
-12799440.419615 -0.000000 378.305085
-12799413.786687 -0.000000 390.508475
-12798483.660034 -0.000000 402.711864
-12798921.889532 -0.000000 414.915254
-12797681.661963 -0.000000 427.118644
-12792709.540779 -0.000000 439.322034
-12778852.480290 -0.000000 451.525424
-12761309.998692 -0.000000 463.728814
-12745528.184061 -0.000000 475.932203
-12730175.812504 -0.000000 488.135593
-12713886.622222 -0.000000 500.338983
-12697542.455194 -0.000000 512.542373
-12680673.330570 -0.000000 524.745763
-12663348.739342 -0.000000 536.949153
-12645267.904908 -0.000000 549.152542
-12626899.481387 -0.000000 561.355932
-12608366.434461 -0.000000 573.559322
-12589119.985175 -0.000000 585.762712
-12570416.193160 -0.000000 597.966102
-12537092.680478 -0.000000 610.169492
-12477392.657167 -0.000000 622.372881
-12418562.421270 -0.000000 634.576271
-12365072.472175 -0.000000 646.779661
-12305394.141084 -0.000000 658.983051
-12244580.259934 -0.000000 671.186441
-12182340.354585 -0.000000 683.389831
-12119353.952394 -0.000000 695.593220
-12055656.109179 -0.000000 707.796610
-11991516.240908 -0.000000 720.000000
-11927031.507924 -0.000000 732.203390
-11862312.106706 -0.000000 744.406780
-11797401.374599 -0.000000 756.610169
-11732201.988571 -0.000000 768.813559
-11666615.824659 -0.000000 781.016949
-11600232.498590 -0.000000 793.220339
-11532794.876337 -0.000000 805.423729
-11463906.511740 -0.000000 817.627119
-11394246.710087 -0.000000 829.830508
-11325449.556507 -0.000000 842.033898
-11260664.867564 -0.000000 854.237288
-11201962.857408 -0.000000 866.440678
-11147867.007410 -0.000000 878.644068
-11092957.300199 -0.000000 890.847458
-11031256.406562 -0.000000 903.050847
-10956643.696433 -0.000000 915.254237
-10860694.577844 -0.000000 927.457627
-10752627.094399 -0.000000 939.661017
-10676867.426469 -0.000000 951.864407
-10638992.867587 -0.000000 964.067797
-10597988.704537 -0.000000 976.271186
-10540511.304112 -0.000000 988.474576
-10475952.937674 -0.000000 1000.677966
-10409435.966267 -0.000000 1012.881356
-10342538.775221 -0.000000 1025.084746
-10275279.580344 -0.000000 1037.288136
-10208251.124483 -0.000000 1049.491525
-10141377.136567 -0.000000 1061.694915
-10074706.799702 -0.000000 1073.898305
-10008203.169539 -0.000000 1086.101695
-9941779.066583 -0.000000 1098.305085
-9875456.710753 -0.000000 1110.508475
-9809134.579211 -0.000000 1122.711864
-9742874.011967 -0.000000 1134.915254
-9676578.566267 -0.000000 1147.118644
-9610330.018012 -0.000000 1159.322034
-9544034.556892 -0.000000 1171.525424
-9477783.785777 -0.000000 1183.728814
-9411482.886292 -0.000000 1195.932203
-9345228.236715 -0.000000 1208.135593
-9278922.073278 -0.000000 1220.338983
-9212663.114535 -0.000000 1232.542373
-9146349.896518 -0.000000 1244.745763
-9080082.485741 -0.000000 1256.949153
-9013756.825842 -0.000000 1269.152542
-8947477.185844 -0.000000 1281.355932
-8881145.980766 -0.000000 1293.559322
-8814890.362584 -0.000000 1305.762712
-8748658.529664 -0.000000 1317.966102
-8682673.517265 -0.000000 1330.169492
-8617063.717768 -0.000000 1342.372881
-8552378.643681 -0.000000 1354.576271
-8489316.876844 -0.000000 1366.779661
-8429375.790197 -0.000000 1378.983051
-8374796.875879 -0.000000 1391.186441
-8329444.806030 -0.000000 1403.389831
-8299121.744035 -0.000000 1415.593220
-8292601.432229 -0.000000 1427.796610
-8322248.818333 -0.000000 1440.000000
-8404076.455184 -0.000000 1452.203390
-8557650.680933 -0.000000 1464.406780
-8800427.219139 -0.000000 1476.610169
-9147220.856124 -0.000000 1488.813559
-9590714.642135 -0.000000 1501.016949
-10136017.840336 -0.000000 1513.220339
-10739709.505478 -0.000000 1525.423729
-11413928.936713 -0.000000 1537.627119
-8372949.141676 -0.000000 1549.830508
-1542188.209523 -0.000000 1562.033898
1500761.079243 0.000000 1574.237288
831318.771486 0.000000 1586.440678
237020.576276 0.000000 1598.644068
-291014.403086 -0.000000 1610.847458
-704264.435266 -0.000000 1623.050847
-999914.108355 -0.000000 1635.254237
-1159527.330066 -0.000000 1647.457627
-1182590.761783 -0.000000 1659.661017
-1068404.650041 -0.000000 1671.864407
-816738.382813 -0.000000 1684.067797
-429796.931725 -0.000000 1696.271186
84967.943470 0.000000 1708.474576
706870.102715 0.000000 1720.677966
1427098.259507 0.000000 1732.881356
2189260.231231 0.000000 1745.084746
1139221.078482 0.000000 1757.288136
-5324026.517305 -0.000000 1769.491525
-10101944.987696 -0.000000 1781.694915
-9497333.670270 -0.000000 1793.898305
-8759382.475332 -0.000000 1806.101695
-8053178.238960 -0.000000 1818.305085
-7456016.823133 -0.000000 1830.508475
-6949753.970276 -0.000000 1842.711864
-6549983.244933 -0.000000 1854.915254
-6240369.623668 -0.000000 1867.118644
-6002295.321396 -0.000000 1879.322034
-5813164.739483 -0.000000 1891.525424
-5652030.380662 -0.000000 1903.728814
-5501740.014362 -0.000000 1915.932203
-5343185.624457 -0.000000 1928.135593
-5158367.257898 -0.000000 1940.338983
-4920406.794621 -0.000000 1952.542373
-4597898.847952 -0.000000 1964.745763
-4141604.611627 -0.000000 1976.949153
-3489339.042160 -0.000000 1989.152542
-2552741.695974 -0.000000 2001.355932
-1224702.702763 -0.000000 2013.559322
609091.022840 0.000000 2025.762712
3066004.509514 0.000000 2037.966102
6042509.117888 0.000000 2050.169492
9507101.880721 0.000000 2062.372881
12578489.604664 0.000000 2074.576271
13725693.590145 0.000000 2086.779661
12318106.182005 0.000000 2098.983051
3130302.904798 0.000000 2111.186441
-11232551.766502 -0.000000 2123.389831
-18663068.071645 -0.000000 2135.593220
-19728131.617549 -0.000000 2147.796610
-38941189.146659 -0.000000 2160.000000
-23127862.593614 -0.000000 2172.203390
-16501143.964177 -0.000000 2184.406780
-14159869.286899 -0.000000 2196.610169
-14592514.330720 -0.000000 2208.813559
-15358265.902243 -0.000000 2221.016949
-14572110.156540 -0.000000 2233.220339
-14137220.139962 -0.000000 2245.423729
-14554406.826765 -0.000000 2257.627119
-14999540.320741 -0.000000 2269.830508
-15194695.826419 -0.000000 2282.033898
-15266700.887888 -0.000000 2294.237288
-15233585.586547 -0.000000 2306.440678
-15200740.551872 -0.000000 2318.644068
-15386734.051811 -0.000000 2330.847458
-15977403.532906 -0.000000 2343.050847
-17207450.765105 -0.000000 2355.254237
-19387566.079886 -0.000000 2367.457627
-23136832.208961 -0.000000 2379.661017
-30003591.584330 -0.000000 2391.864407
-37614290.796249 -0.000000 2404.067797
-15544906.189063 -0.000000 2416.271186
-7176857.826200 -0.000000 2428.474576
-3088392.744273 -0.000000 2440.677966
925796.699633 0.000000 2452.881356
3790924.175205 0.000000 2465.084746
5753627.020623 0.000000 2477.288136
7166812.874284 0.000000 2489.491525
8283935.903274 0.000000 2501.694915
9255775.734686 0.000000 2513.898305
10151393.211106 0.000000 2526.101695
11000555.986409 0.000000 2538.305085
11803734.337236 0.000000 2550.508475
12555917.866692 0.000000 2562.711864
13244698.135395 0.000000 2574.915254
13863051.098398 0.000000 2587.118644
14402384.229021 0.000000 2599.322034
14854876.022110 0.000000 2611.525424
15180909.481904 0.000000 2623.728814
15392011.009132 0.000000 2635.932203
15505708.301091 0.000000 2648.135593
15538090.450002 0.000000 2660.338983
15550343.444454 0.000000 2672.542373
15547293.682032 0.000000 2684.745763
15550475.811240 0.000000 2696.949153
15558706.645644 0.000000 2709.152542
15557535.602223 0.000000 2721.355932
15562352.097262 0.000000 2733.559322
15566413.312800 0.000000 2745.762712
15567328.845189 0.000000 2757.966102
15567862.031902 0.000000 2770.169492
15566550.519922 0.000000 2782.372881
15563547.514639 0.000000 2794.576271
15557542.903920 0.000000 2806.779661
15548423.165323 0.000000 2818.983051
15537746.955908 0.000000 2831.186441
15525394.670578 0.000000 2843.389831
15517026.469685 0.000000 2855.593220
15515976.565714 0.000000 2867.796610
15527386.774918 0.000000 2880.000000
15545464.669081 0.000000 2892.203390
15569250.866310 0.000000 2904.406780
15590195.442928 0.000000 2916.610169
15612273.371278 0.000000 2928.813559
15626613.143987 0.000000 2941.016949
15621237.855058 0.000000 2953.220339
15623785.365758 0.000000 2965.423729
15705203.387136 0.000000 2977.627119
15794636.483235 0.000000 2989.830508
15249620.185027 0.000000 3002.033898
12916310.365481 0.000000 3014.237288
8007288.231394 0.000000 3026.440678
2354435.338653 0.000000 3038.644068
-566331.227706 -0.000000 3050.847458
8815847.801086 0.000000 3063.050847
26921899.765551 0.000000 3075.254237
31012271.014552 0.000000 3087.457627
30347128.786133 0.000000 3099.661017
30726834.424344 0.000000 3111.864407
31434289.239173 0.000000 3124.067797
31802017.261265 0.000000 3136.271186
31634779.716963 0.000000 3148.474576
31280901.174557 0.000000 3160.677966
30727642.517525 0.000000 3172.881356
30507948.071304 0.000000 3185.084746
30401439.706241 0.000000 3197.288136
30066741.963311 0.000000 3209.491525
29811550.579807 0.000000 3221.694915
29583021.277090 0.000000 3233.898305
29390087.464893 0.000000 3246.101695
29240999.616789 0.000000 3258.305085
29108560.827888 0.000000 3270.508475
28979244.836146 0.000000 3282.711864
28845979.317590 0.000000 3294.915254
28706333.817481 0.000000 3307.118644
28567197.975508 0.000000 3319.322034
28442278.697564 0.000000 3331.525424
28367287.436215 0.000000 3343.728814
28396860.243802 0.000000 3355.932203
28685912.381863 0.000000 3368.135593
29035803.771437 0.000000 3380.338983
28529629.866164 0.000000 3392.542373
29916592.685888 0.000000 3404.745763
34028395.009832 0.000000 3416.949153
35724325.473059 0.000000 3429.152542
34228526.963383 0.000000 3441.355932
32224846.925103 0.000000 3453.559322
30000627.096644 0.000000 3465.762712
29607821.987050 0.000000 3477.966102
17725302.806643 0.000000 3490.169492
1042621.999200 0.000000 3502.372881
7158817.147561 0.000000 3514.576271
250499.222353 0.000000 3526.779661
393446.115717 0.000000 3538.983051
513604.839370 0.000000 3551.186441
610365.141852 0.000000 3563.389831
683539.596614 0.000000 3575.593220
732529.847058 0.000000 3587.796610
757112.953855 0.000000 3600.000000
