2080871.074014 0.000000 0.000000
2073590.829931 0.000000 12.203390
2057847.254948 0.000000 24.406780
2031155.932595 0.000000 36.610169
1989714.581282 0.000000 48.813559
1928170.368925 0.000000 61.016949
1839879.750404 0.000000 73.220339
1717141.666766 0.000000 85.423729
1552632.179625 0.000000 97.627119
1341219.440526 0.000000 109.830508
1083238.917828 0.000000 122.033898
786947.752383 0.000000 134.237288
469681.423605 0.000000 146.440678
1238475910.665658 0.000000 158.644068
-1134917.192998 -0.000000 170.847458
-6805281.115000 -0.000000 183.050847
-11829183.591371 -0.000000 195.254237
-13547869.851005 -0.000000 207.457627
-13282528.244641 -0.000000 219.661017
-13086468.549166 -0.000000 231.864407
-13064436.870901 -0.000000 244.067797
-13006384.342332 -0.000000 256.271186
-12626113.188984 -0.000000 268.474576
-12171173.864722 -0.000000 280.677966
-11980549.957066 -0.000000 292.881356
-11765906.203701 -0.000000 305.084746
-11532841.792400 -0.000000 317.288136
-11353023.255975 -0.000000 329.491525
-11190223.330907 -0.000000 341.694915
-11038613.678159 -0.000000 353.898305
-10888356.444486 -0.000000 366.101695
-10737541.434543 -0.000000 378.305085
-10584837.091192 -0.000000 390.508475
-10431045.375862 -0.000000 402.711864
-10276077.302174 -0.000000 414.915254
-10120895.221960 -0.000000 427.118644
-9965087.390406 -0.000000 439.322034
-9809224.753062 -0.000000 451.525424
-9652649.098169 -0.000000 463.728814
-9495566.456607 -0.000000 475.932203
-9337328.269702 -0.000000 488.135593
-9177987.312271 -0.000000 500.338983
-9017324.092549 -0.000000 512.542373
-8856002.361879 -0.000000 524.745763
-8695277.742689 -0.000000 536.949153
-8537313.205401 -0.000000 549.152542
-8384154.631775 -0.000000 561.355932
-8236219.903420 -0.000000 573.559322
-8091266.010416 -0.000000 585.762712
-7944886.346213 -0.000000 597.966102
-7793155.841609 -0.000000 610.169492
-7634537.042213 -0.000000 622.372881
-7470451.818018 -0.000000 634.576271
-7303481.857073 -0.000000 646.779661
-7136114.337952 -0.000000 658.983051
-6969646.837026 -0.000000 671.186441
-6804644.043707 -0.000000 683.389831
-6640966.471132 -0.000000 695.593220
-6478451.556768 -0.000000 707.796610
-6316726.496129 -0.000000 720.000000
-6155618.734776 -0.000000 732.203390
-5994829.975134 -0.000000 744.406780
-5834276.015842 -0.000000 756.610169
-5673751.797447 -0.000000 768.813559
-5513252.617133 -0.000000 781.016949
-5352644.272089 -0.000000 793.220339
-5191973.329499 -0.000000 805.423729
-5031146.766480 -0.000000 817.627119
-4870236.249762 -0.000000 829.830508
-4709168.482929 -0.000000 842.033898
-4548024.139416 -0.000000 854.237288
-4386738.046075 -0.000000 866.440678
-4225391.877047 -0.000000 878.644068
-4063923.416942 -0.000000 890.847458
-3902411.950602 -0.000000 903.050847
-3740796.386216 -0.000000 915.254237
-3579152.450458 -0.000000 927.457627
-3417419.805052 -0.000000 939.661017
-3255670.370199 -0.000000 951.864407
-3093844.735907 -0.000000 964.067797
-2932011.101826 -0.000000 976.271186
-2770111.278473 -0.000000 988.474576
-2608209.924248 -0.000000 1000.677966
-2446250.354032 -0.000000 1012.881356
-2284293.857213 -0.000000 1025.084746
-2122285.456061 -0.000000 1037.288136
-1960283.259441 -0.000000 1049.491525
-1798234.153543 -0.000000 1061.694915
-1636193.201722 -0.000000 1073.898305
-1474109.254364 -0.000000 1086.101695
-1312034.486315 -0.000000 1098.305085
-1149919.772325 -0.000000 1110.508475
-987814.538895 -0.000000 1122.711864
-825671.692019 -0.000000 1134.915254
-663538.093936 -0.000000 1147.118644
-501368.660782 -0.000000 1159.322034
-339207.908316 -0.000000 1171.525424
-177012.616527 -0.000000 1183.728814
-14825.321038 -0.000000 1195.932203
147395.680337 0.000000 1208.135593
309609.246907 0.000000 1220.338983
471856.350849 0.000000 1232.542373
634096.261561 0.000000 1244.745763
796370.940103 0.000000 1256.949153
958638.296809 0.000000 1269.152542
1120944.690522 0.000000 1281.355932
1283243.365683 0.000000 1293.559322
1445590.999779 0.000000 1305.762712
1607928.968870 0.000000 1317.966102
1770331.902820 0.000000 1330.169492
1932710.918922 0.000000 1342.372881
2095159.348083 0.000000 1354.576271
2257506.005498 0.000000 1366.779661
2419822.482822 0.000000 1378.983051
2581706.351865 0.000000 1391.186441
2743021.989045 0.000000 1403.389831
2902730.845701 0.000000 1415.593220
3059900.268511 0.000000 1427.796610
3211853.867628 0.000000 1440.000000
3355343.221371 0.000000 1452.203390
3483908.130098 0.000000 1464.406780
3588818.654566 0.000000 1476.610169
3656305.108001 0.000000 1488.813559
3667533.740648 0.000000 1501.016949
3599347.812391 0.000000 1513.220339
3422107.393288 0.000000 1525.423729
3116466.391751 0.000000 1537.627119
2657882.276982 0.000000 1549.830508
2077711.780053 0.000000 1562.033898
1327398.266824 0.000000 1574.237288
549855.214480 0.000000 1586.440678
-367581.343889 -0.000000 1598.644068
5568314.514772 0.000000 1610.847458
13329600.894472 0.000000 1623.050847
13877214.786685 0.000000 1635.254237
13243904.034927 0.000000 1647.457627
13110735.934545 0.000000 1659.661017
13011328.517849 0.000000 1671.864407
12848389.473414 0.000000 1684.067797
12741832.785898 0.000000 1696.271186
12722911.641828 0.000000 1708.474576
12661109.352323 0.000000 1720.677966
12603014.357111 0.000000 1732.881356
12841727.521738 0.000000 1745.084746
13144332.893713 0.000000 1757.288136
13170197.601551 0.000000 1769.491525
13149798.597811 0.000000 1781.694915
13319756.383725 0.000000 1793.898305
14350512.944708 0.000000 1806.101695
13246276.950286 0.000000 1818.305085
5133363.944906 0.000000 1830.508475
1736105.881347 0.000000 1842.711864
3484436.680890 0.000000 1854.915254
4732038.384004 0.000000 1867.118644
5895271.655978 0.000000 1879.322034
6874358.052884 0.000000 1891.525424
7698143.813131 0.000000 1903.728814
8354131.833235 0.000000 1915.932203
8869824.941592 0.000000 1928.135593
9282081.874522 0.000000 1940.338983
9629567.625849 0.000000 1952.542373
9958345.687182 0.000000 1964.745763
10305143.741479 0.000000 1976.949153
10720026.005838 0.000000 1989.152542
11197162.975905 0.000000 2001.355932
11639750.087861 0.000000 2013.559322
12298838.348862 0.000000 2025.762712
12926468.609968 0.000000 2037.966102
13054218.469667 0.000000 2050.169492
13187764.366257 0.000000 2062.372881
13277916.343241 0.000000 2074.576271
10992906.966775 0.000000 2086.779661
5237727.342392 0.000000 2098.983051
-3741424.015052 -0.000000 2111.186441
-14288161.069909 -0.000000 2123.389831
-34626376.211478 -0.000000 2135.593220
-79135237.103143 -0.000000 2147.796610
-22228991.911586 -0.000000 2160.000000
-15474136.553713 -0.000000 2172.203390
-15844287.562743 -0.000000 2184.406780
-19253871.353765 -0.000000 2196.610169
-23411918.281394 -0.000000 2208.813559
-27568267.267843 -0.000000 2221.016949
-31072384.481898 -0.000000 2233.220339
-29821538.757142 -0.000000 2245.423729
-25691761.209237 -0.000000 2257.627119
-22744788.736731 -0.000000 2269.830508
-20018184.878964 -0.000000 2282.033898
-17566736.162825 -0.000000 2294.237288
-16647732.058473 -0.000000 2306.440678
-16780996.139053 -0.000000 2318.644068
-17246956.194946 -0.000000 2330.847458
-16968966.802979 -0.000000 2343.050847
-17331556.101169 -0.000000 2355.254237
-19700211.864419 -0.000000 2367.457627
-25028720.093102 -0.000000 2379.661017
-29230799.107779 -0.000000 2391.864407
-12679516.725655 -0.000000 2404.067797
-9719859.013792 -0.000000 2416.271186
-7756938.597321 -0.000000 2428.474576
-4405034.824450 -0.000000 2440.677966
-1180413.659823 -0.000000 2452.881356
1578791.827602 0.000000 2465.084746
3863586.755447 0.000000 2477.288136
5749940.116032 0.000000 2489.491525
7333672.207693 0.000000 2501.694915
8685652.724399 0.000000 2513.898305
9865330.192996 0.000000 2526.101695
10904748.433745 0.000000 2538.305085
11829476.849628 0.000000 2550.508475
12648270.894218 0.000000 2562.711864
13370835.571106 0.000000 2574.915254
13996811.831806 0.000000 2587.118644
14534873.648698 0.000000 2599.322034
14958597.324798 0.000000 2611.525424
15241763.246585 0.000000 2623.728814
15438611.862002 0.000000 2635.932203
15548058.927173 0.000000 2648.135593
15589816.092672 0.000000 2660.338983
15603059.597883 0.000000 2672.542373
15597540.569327 0.000000 2684.745763
15595962.193376 0.000000 2696.949153
15595586.903289 0.000000 2709.152542
15566816.644079 0.000000 2721.355932
15496283.781992 0.000000 2733.559322
15462688.009760 0.000000 2745.762712
15517553.782033 0.000000 2757.966102
15591881.797009 0.000000 2770.169492
15608246.235061 0.000000 2782.372881
15564231.221441 0.000000 2794.576271
15478912.365960 0.000000 2806.779661
15387226.620851 0.000000 2818.983051
15392675.996788 0.000000 2831.186441
15554894.754789 0.000000 2843.389831
15751989.097258 0.000000 2855.593220
15849537.775767 0.000000 2867.796610
15846705.052940 0.000000 2880.000000
15799220.609252 0.000000 2892.203390
15764531.664234 0.000000 2904.406780
15753147.878707 0.000000 2916.610169
15707129.642379 0.000000 2928.813559
15626031.582799 0.000000 2941.016949
15826412.887336 0.000000 2953.220339
16606960.881512 0.000000 2965.423729
17774333.552627 0.000000 2977.627119
16951182.316318 0.000000 2989.830508
9741175.092189 0.000000 3002.033898
2606582.841451 0.000000 3014.237288
-1307239.284311 -0.000000 3026.440678
4174874.778646 0.000000 3038.644068
23435054.848735 0.000000 3050.847458
31964937.791892 0.000000 3063.050847
30658550.407971 0.000000 3075.254237
30750710.769717 0.000000 3087.457627
31506442.522376 0.000000 3099.661017
32100033.357446 0.000000 3111.864407
32017988.819097 0.000000 3124.067797
31689152.314658 0.000000 3136.271186
31083625.170858 0.000000 3148.474576
30740638.728153 0.000000 3160.677966
30671492.696590 0.000000 3172.881356
30354287.822249 0.000000 3185.084746
30078027.049259 0.000000 3197.288136
29842292.838282 0.000000 3209.491525
29634086.928250 0.000000 3221.694915
29480314.954378 0.000000 3233.898305
29346638.785229 0.000000 3246.101695
29219581.748245 0.000000 3258.305085
29087171.684289 0.000000 3270.508475
28948098.061199 0.000000 3282.711864
28803003.756198 0.000000 3294.915254
28668421.229308 0.000000 3307.118644
28558599.360938 0.000000 3319.322034
28536653.576883 0.000000 3331.525424
28665038.639100 0.000000 3343.728814
29087582.852732 0.000000 3355.932203
28948961.238483 0.000000 3368.135593
28956156.326442 0.000000 3380.338983
32385387.391294 0.000000 3392.542373
35676953.626434 0.000000 3404.745763
35206831.185540 0.000000 3416.949153
33527282.648325 0.000000 3429.152542
31600451.407829 0.000000 3441.355932
28769988.458162 0.000000 3453.559322
25420501.131182 0.000000 3465.762712
6732475.628272 0.000000 3477.966102
36344029.900552 0.000000 3490.169492
223197.969044 0.000000 3502.372881
358755.742825 0.000000 3514.576271
478487.486279 0.000000 3526.779661
582490.148796 0.000000 3538.983051
669909.979510 0.000000 3551.186441
740115.376692 0.000000 3563.389831
792827.275026 0.000000 3575.593220
827925.579677 0.000000 3587.796610
845456.027543 0.000000 3600.000000
