802769.082450 0.000000 0.000000
804510.457316 0.000000 12.203390
807962.988355 0.000000 24.406780
813081.765706 0.000000 36.610169
819765.328318 0.000000 48.813559
827901.145893 0.000000 61.016949
837279.400430 0.000000 73.220339
847666.134970 0.000000 85.423729
858665.475274 0.000000 97.627119
869815.852663 0.000000 109.830508
880389.493575 0.000000 122.033898
889503.351996 0.000000 134.237288
895843.600814 0.000000 146.440678
897786.983970 0.000000 158.644068
893059.210458 0.000000 170.847458
878914.106389 0.000000 183.050847
851851.322973 0.000000 195.254237
808109.748123 0.000000 207.457627
743887.408736 0.000000 219.661017
656730.565843 0.000000 231.864407
546743.404320 0.000000 244.067797
418679.359963 0.000000 256.271186
282549.688319 0.000000 268.474576
153102.906139 0.000000 280.677966
460729921.303660 0.000000 292.881356
-3990894.898795 -0.000000 305.084746
-10923626.309745 -0.000000 317.288136
-13604626.797429 -0.000000 329.491525
-13312069.535190 -0.000000 341.694915
-13022955.822117 -0.000000 353.898305
-12927922.849074 -0.000000 366.101695
-12935016.602173 -0.000000 378.305085
-12923631.760636 -0.000000 390.508475
-12853519.282964 -0.000000 402.711864
-12724212.059362 -0.000000 414.915254
-12610567.713048 -0.000000 427.118644
-12648942.944785 -0.000000 439.322034
-12752163.892430 -0.000000 451.525424
-12793935.160360 -0.000000 463.728814
-12802359.025503 -0.000000 475.932203
-12803221.568370 -0.000000 488.135593
-12792812.943624 -0.000000 500.338983
-12769559.791423 -0.000000 512.542373
-12738938.225601 -0.000000 524.745763
-12707577.293349 -0.000000 536.949153
-12677301.534077 -0.000000 549.152542
-12644990.492950 -0.000000 561.355932
-12594757.573525 -0.000000 573.559322
-12514219.997842 -0.000000 585.762712
-12411836.634797 -0.000000 597.966102
-12287314.490465 -0.000000 610.169492
-12151206.663344 -0.000000 622.372881
-12012182.881186 -0.000000 634.576271
-11875119.937816 -0.000000 646.779661
-11745358.197497 -0.000000 658.983051
-11629314.648726 -0.000000 671.186441
-11520398.955732 -0.000000 683.389831
-11407807.335998 -0.000000 695.593220
-11277918.171985 -0.000000 707.796610
-11131173.531561 -0.000000 720.000000
-10974169.723761 -0.000000 732.203390
-10822032.439272 -0.000000 744.406780
-10683508.373314 -0.000000 756.610169
-10560391.395427 -0.000000 768.813559
-10435644.797174 -0.000000 781.016949
-10295716.400883 -0.000000 793.220339
-10140518.490820 -0.000000 805.423729
-9986212.325357 -0.000000 817.627119
-9839595.105683 -0.000000 829.830508
-9701221.463474 -0.000000 842.033898
-9565455.047347 -0.000000 854.237288
-9430730.241411 -0.000000 866.440678
-9295028.052353 -0.000000 878.644068
-9158897.748212 -0.000000 890.847458
-9021855.830060 -0.000000 903.050847
-8884362.652505 -0.000000 915.254237
-8746385.600122 -0.000000 927.457627
-8608086.873895 -0.000000 939.661017
-8469652.412518 -0.000000 951.864407
-8331023.731988 -0.000000 964.067797
-8192492.842749 -0.000000 976.271186
-8053903.570263 -0.000000 988.474576
-7915594.942468 -0.000000 1000.677966
-7777408.938375 -0.000000 1012.881356
-7639673.325297 -0.000000 1025.084746
-7502269.292275 -0.000000 1037.288136
-7365340.873930 -0.000000 1049.491525
-7228737.421316 -0.000000 1061.694915
-7091890.353790 -0.000000 1073.898305
-6954319.440798 -0.000000 1086.101695
-6814016.854901 -0.000000 1098.305085
-6664834.542496 -0.000000 1110.508475
-6496116.117922 -0.000000 1122.711864
-6319796.709741 -0.000000 1134.915254
-6176330.404552 -0.000000 1147.118644
-6062639.521735 -0.000000 1159.322034
-5940571.416377 -0.000000 1171.525424
-5810422.941385 -0.000000 1183.728814
-5685010.392869 -0.000000 1195.932203
-5565050.196337 -0.000000 1208.135593
-5440463.072245 -0.000000 1220.338983
-5304774.476615 -0.000000 1232.542373
-5157299.814352 -0.000000 1244.745763
-5004665.381006 -0.000000 1256.949153
-4851684.524247 -0.000000 1269.152542
-4702237.811929 -0.000000 1281.355932
-4557482.701676 -0.000000 1293.559322
-4419154.151330 -0.000000 1305.762712
-4288065.901451 -0.000000 1317.966102
-4158694.995578 -0.000000 1330.169492
-4024276.009003 -0.000000 1342.372881
-3880049.472751 -0.000000 1354.576271
-3733218.942956 -0.000000 1366.779661
-3586832.881567 -0.000000 1378.983051
-3445277.143151 -0.000000 1391.186441
-3304644.503802 -0.000000 1403.389831
-3166459.449474 -0.000000 1415.593220
-3027212.448943 -0.000000 1427.796610
-2889111.752234 -0.000000 1440.000000
-2749775.488329 -0.000000 1452.203390
-2611169.039907 -0.000000 1464.406780
-2471666.852450 -0.000000 1476.610169
-2332693.928506 -0.000000 1488.813559
-2193267.269576 -0.000000 1501.016949
-2054347.841951 -0.000000 1513.220339
-1915549.910256 -0.000000 1525.423729
-1777710.213823 -0.000000 1537.627119
-1641216.711331 -0.000000 1549.830508
-1507500.980324 -0.000000 1562.033898
-1378466.316659 -0.000000 1574.237288
-1257634.354640 -0.000000 1586.440678
-1150271.644792 -0.000000 1598.644068
-1064834.883132 -0.000000 1610.847458
-1013190.055391 -0.000000 1623.050847
-1012640.988453 -0.000000 1635.254237
-1083872.074771 -0.000000 1647.457627
-1252973.940379 -0.000000 1659.661017
-1538627.317192 -0.000000 1671.864407
-1959446.329693 -0.000000 1684.067797
-2493556.216882 -0.000000 1696.271186
-3164300.379869 -0.000000 1708.474576
-3874950.371720 -0.000000 1720.677966
-4420674.201531 -0.000000 1732.881356
1757462.302425 0.000000 1745.084746
10038970.616778 0.000000 1757.288136
11555333.249710 0.000000 1769.491525
10804886.756728 0.000000 1781.694915
10105495.953324 0.000000 1793.898305
9526415.027846 0.000000 1806.101695
9080644.947386 0.000000 1818.305085
8792991.329338 0.000000 1830.508475
8676945.967784 0.000000 1842.711864
8735827.755153 0.000000 1854.915254
8979291.393431 0.000000 1867.118644
9407259.575023 0.000000 1879.322034
10042960.138129 0.000000 1891.525424
10806039.949877 0.000000 1903.728814
11639195.637761 0.000000 1915.932203
12853889.433313 0.000000 1928.135593
14235756.287007 0.000000 1940.338983
11541808.894296 0.000000 1952.542373
4350306.388799 0.000000 1964.745763
2591224.329183 0.000000 1976.949153
5533479.002043 0.000000 1989.152542
8743419.527683 0.000000 2001.355932
11897367.837845 0.000000 2013.559322
13519862.903047 0.000000 2025.762712
13717355.423699 0.000000 2037.966102
10755193.079553 0.000000 2050.169492
1697412.114919 0.000000 2062.372881
-10056808.466776 -0.000000 2074.576271
-21787806.291160 -0.000000 2086.779661
-33147526.759135 -0.000000 2098.983051
-37022363.467075 -0.000000 2111.186441
-20486884.975300 -0.000000 2123.389831
-15305629.764934 -0.000000 2135.593220
-14146631.279193 -0.000000 2147.796610
-15635588.897939 -0.000000 2160.000000
-18618058.731076 -0.000000 2172.203390
-21554153.694246 -0.000000 2184.406780
-23978289.880885 -0.000000 2196.610169
-25816965.762996 -0.000000 2208.813559
-26969779.235887 -0.000000 2221.016949
-27192259.389343 -0.000000 2233.220339
-24698142.590327 -0.000000 2245.423729
-16824521.137559 -0.000000 2257.627119
-228198430.191491 -0.000000 2269.830508
-65363784.170969 -0.000000 2282.033898
1885024.644338 0.000000 2294.237288
6083165.272056 0.000000 2306.440678
10020253.121549 0.000000 2318.644068
11521601.933254 0.000000 2330.847458
10964142.745716 0.000000 2343.050847
8652029.559525 0.000000 2355.254237
5476609.426999 0.000000 2367.457627
2605650.981597 0.000000 2379.661017
863930.215040 0.000000 2391.864407
437530.852732 0.000000 2404.067797
1047336.527034 0.000000 2416.271186
2269841.789327 0.000000 2428.474576
3728600.124267 0.000000 2440.677966
5188120.641191 0.000000 2452.881356
6542193.405717 0.000000 2465.084746
7774477.964241 0.000000 2477.288136
8886337.854103 0.000000 2489.491525
9866745.986762 0.000000 2501.694915
10715614.306318 0.000000 2513.898305
11447111.786723 0.000000 2526.101695
12086564.507344 0.000000 2538.305085
12650418.213215 0.000000 2550.508475
13152811.614107 0.000000 2562.711864
13599698.414639 0.000000 2574.915254
13997729.074204 0.000000 2587.118644
14350248.160102 0.000000 2599.322034
14660388.204009 0.000000 2611.525424
14932379.768644 0.000000 2623.728814
15156063.285046 0.000000 2635.932203
15322667.514220 0.000000 2648.135593
15438691.909504 0.000000 2660.338983
15507623.739549 0.000000 2672.542373
15541478.626993 0.000000 2684.745763
15550927.096091 0.000000 2696.949153
15555705.909568 0.000000 2709.152542
15559282.273341 0.000000 2721.355932
15561328.901386 0.000000 2733.559322
15564186.066000 0.000000 2745.762712
15558839.702995 0.000000 2757.966102
15553169.656886 0.000000 2770.169492
15549172.060961 0.000000 2782.372881
15541373.908213 0.000000 2794.576271
15539248.058909 0.000000 2806.779661
15538473.117646 0.000000 2818.983051
15539396.255513 0.000000 2831.186441
15542791.315781 0.000000 2843.389831
15555856.067613 0.000000 2855.593220
15575862.388114 0.000000 2867.796610
15590481.400443 0.000000 2880.000000
15603206.892634 0.000000 2892.203390
15634928.569379 0.000000 2904.406780
15593003.477354 0.000000 2916.610169
15341311.197191 0.000000 2928.813559
14883168.553060 0.000000 2941.016949
13810307.306253 0.000000 2953.220339
11008586.325115 0.000000 2965.423729
5922435.865234 0.000000 2977.627119
1408652.520809 0.000000 2989.830508
3690846.909649 0.000000 3002.033898
18933620.024319 0.000000 3014.237288
31165021.010134 0.000000 3026.440678
30678038.109505 0.000000 3038.644068
30575309.743728 0.000000 3050.847458
31269488.765104 0.000000 3063.050847
31748815.346851 0.000000 3075.254237
31788568.862642 0.000000 3087.457627
31576812.134582 0.000000 3099.661017
30983318.653221 0.000000 3111.864407
30658755.193745 0.000000 3124.067797
30536538.370294 0.000000 3136.271186
30177774.138196 0.000000 3148.474576
29875815.387711 0.000000 3160.677966
29613199.573284 0.000000 3172.881356
29390570.944351 0.000000 3185.084746
29232029.760085 0.000000 3197.288136
29098625.691381 0.000000 3209.491525
28980790.429266 0.000000 3221.694915
28868977.405334 0.000000 3233.898305
28759704.139404 0.000000 3246.101695
28655362.897746 0.000000 3258.305085
28570291.614585 0.000000 3270.508475
28524689.876408 0.000000 3282.711864
28565385.403732 0.000000 3294.915254
28793572.554278 0.000000 3307.118644
29242045.327169 0.000000 3319.322034
29165723.457244 0.000000 3331.525424
29431940.771742 0.000000 3343.728814
32309957.790426 0.000000 3355.932203
34870826.294289 0.000000 3368.135593
34567938.715722 0.000000 3380.338983
32890890.842187 0.000000 3392.542373
31299621.406802 0.000000 3404.745763
27843320.431756 0.000000 3416.949153
27817838.765579 0.000000 3429.152542
5812355.059001 0.000000 3441.355932
45311491.509152 0.000000 3453.559322
109385.279490 0.000000 3465.762712
179590.648771 0.000000 3477.966102
245330.022353 0.000000 3490.169492
305363.423707 0.000000 3502.372881
359095.173716 0.000000 3514.576271
405813.983251 0.000000 3526.779661
445311.425328 0.000000 3538.983051
477561.351818 0.000000 3551.186441
502796.396101 0.000000 3563.389831
521315.900698 0.000000 3575.593220
533448.468853 0.000000 3587.796610
539443.852072 0.000000 3600.000000
