342180.168178 0.000000 0.000000
343164.593196 0.000000 12.203390
345133.329393 0.000000 24.406780
348089.757928 0.000000 36.610169
352033.476060 0.000000 48.813559
356970.057059 0.000000 61.016949
362898.068676 0.000000 73.220339
369823.316528 0.000000 85.423729
377741.488123 0.000000 97.627119
386654.795118 0.000000 109.830508
396552.432251 0.000000 122.033898
407426.262699 0.000000 134.237288
419251.939547 0.000000 146.440678
431999.112407 0.000000 158.644068
445616.348934 0.000000 170.847458
460029.992618 0.000000 183.050847
475135.763100 0.000000 195.254237
490778.674570 0.000000 207.457627
506752.984556 0.000000 219.661017
522753.290129 0.000000 231.864407
538382.005829 0.000000 244.067797
553059.096965 0.000000 256.271186
566033.501478 0.000000 268.474576
576239.561077 0.000000 280.677966
582314.450452 0.000000 292.881356
582412.967227 0.000000 305.084746
574287.339135 0.000000 317.288136
555191.466921 0.000000 329.491525
522287.992784 0.000000 341.694915
473072.240914 0.000000 353.898305
406620.320781 0.000000 366.101695
324809.179709 0.000000 378.305085
233797.104766 0.000000 390.508475
143936.494331 0.000000 402.711864
68102.447326 0.000000 414.915254
406348874.617417 0.000000 427.118644
-7400187.308659 -0.000000 439.322034
-13904489.181805 -0.000000 451.525424
-13382155.039054 -0.000000 463.728814
-13037016.501315 -0.000000 475.932203
-12910067.487742 -0.000000 488.135593
-12902802.386933 -0.000000 500.338983
-12926437.599940 -0.000000 512.542373
-12896335.765043 -0.000000 524.745763
-12807152.328509 -0.000000 536.949153
-12693214.666871 -0.000000 549.152542
-12645918.036774 -0.000000 561.355932
-12692062.388671 -0.000000 573.559322
-12768260.425647 -0.000000 585.762712
-12815592.299991 -0.000000 597.966102
-12826439.216869 -0.000000 610.169492
-12824681.763862 -0.000000 622.372881
-12820314.118729 -0.000000 634.576271
-12818831.432417 -0.000000 646.779661
-12819158.511472 -0.000000 658.983051
-12814431.215266 -0.000000 671.186441
-12812565.645399 -0.000000 683.389831
-12812731.588941 -0.000000 695.593220
-12810096.159367 -0.000000 707.796610
-12808854.746995 -0.000000 720.000000
-12807294.530090 -0.000000 732.203390
-12802173.201894 -0.000000 744.406780
-12794048.392706 -0.000000 756.610169
-12779151.335473 -0.000000 768.813559
-12760201.392975 -0.000000 781.016949
-12745052.752371 -0.000000 793.220339
-12724676.757791 -0.000000 805.423729
-12696603.066218 -0.000000 817.627119
-12661007.169089 -0.000000 829.830508
-12615636.863114 -0.000000 842.033898
-12554220.484624 -0.000000 854.237288
-12484567.894587 -0.000000 866.440678
-12412618.967466 -0.000000 878.644068
-12335276.099267 -0.000000 890.847458
-12249157.714607 -0.000000 903.050847
-12149105.889775 -0.000000 915.254237
-12033151.418153 -0.000000 927.457627
-11908310.131981 -0.000000 939.661017
-11781584.629165 -0.000000 951.864407
-11658664.687382 -0.000000 964.067797
-11541399.612675 -0.000000 976.271186
-11430791.053518 -0.000000 988.474576
-11325228.628321 -0.000000 1000.677966
-11222119.160492 -0.000000 1012.881356
-11116694.076370 -0.000000 1025.084746
-11005437.038891 -0.000000 1037.288136
-10886268.574978 -0.000000 1049.491525
-10761171.663917 -0.000000 1061.694915
-10634580.168419 -0.000000 1073.898305
-10513697.485734 -0.000000 1086.101695
-10403318.697737 -0.000000 1098.305085
-10302845.639765 -0.000000 1110.508475
-10203978.609553 -0.000000 1122.711864
-10098227.926187 -0.000000 1134.915254
-9982135.846878 -0.000000 1147.118644
-9859484.055362 -0.000000 1159.322034
-9735456.325524 -0.000000 1171.525424
-9614102.578919 -0.000000 1183.728814
-9496250.071244 -0.000000 1195.932203
-9381551.191040 -0.000000 1208.135593
-9268675.922913 -0.000000 1220.338983
-9156556.436748 -0.000000 1232.542373
-9043975.034666 -0.000000 1244.745763
-8929769.930732 -0.000000 1256.949153
-8812889.974256 -0.000000 1269.152542
-8692795.387582 -0.000000 1281.355932
-8571038.899683 -0.000000 1293.559322
-8451667.005006 -0.000000 1305.762712
-8341027.857245 -0.000000 1317.966102
-8242331.668531 -0.000000 1330.169492
-8151780.150587 -0.000000 1342.372881
-8058067.160791 -0.000000 1354.576271
-7951903.431696 -0.000000 1366.779661
-7831556.335370 -0.000000 1378.983051
-7703416.314868 -0.000000 1391.186441
-7574504.382845 -0.000000 1403.389831
-7450255.124605 -0.000000 1415.593220
-7332463.930490 -0.000000 1427.796610
-7221933.484741 -0.000000 1440.000000
-7116945.977026 -0.000000 1452.203390
-7014836.373542 -0.000000 1464.406780
-6910778.972556 -0.000000 1476.610169
-6801288.354479 -0.000000 1488.813559
-6684183.021493 -0.000000 1501.016949
-6561427.267442 -0.000000 1513.220339
-6437243.605410 -0.000000 1525.423729
-6318823.064209 -0.000000 1537.627119
-6210878.658263 -0.000000 1549.830508
-6113075.576496 -0.000000 1562.033898
-6017216.766042 -0.000000 1574.237288
-5914998.011272 -0.000000 1586.440678
-5802763.967471 -0.000000 1598.644068
-5684244.688271 -0.000000 1610.847458
-5564420.068293 -0.000000 1623.050847
-5447423.180188 -0.000000 1635.254237
-5334012.689792 -0.000000 1647.457627
-5223964.543148 -0.000000 1659.661017
-5115881.262598 -0.000000 1671.864407
-5008768.343242 -0.000000 1684.067797
-4901322.735238 -0.000000 1696.271186
-4792383.755554 -0.000000 1708.474576
-4680765.094897 -0.000000 1720.677966
-4565708.319904 -0.000000 1732.881356
-4448331.102608 -0.000000 1745.084746
-4331848.358829 -0.000000 1757.288136
-4221631.648451 -0.000000 1769.491525
-4119546.335737 -0.000000 1781.694915
-4020720.751110 -0.000000 1793.898305
-3911788.811755 -0.000000 1806.101695
-3780420.987146 -0.000000 1818.305085
-3618530.072008 -0.000000 1830.508475
-3423205.517451 -0.000000 1842.711864
-3186302.765992 -0.000000 1854.915254
-2891176.306689 -0.000000 1867.118644
-2506174.700465 -0.000000 1879.322034
-1983347.302556 -0.000000 1891.525424
-1253068.751696 -0.000000 1903.728814
-218311.162341 -0.000000 1915.932203
1239128.333617 0.000000 1928.135593
3268199.062432 0.000000 1940.338983
5847131.209901 0.000000 1952.542373
9511529.610010 0.000000 1964.745763
12923682.059122 0.000000 1976.949153
13512666.357898 0.000000 1989.152542
13627316.883984 0.000000 2001.355932
13592812.913796 0.000000 2013.559322
5112015.010178 0.000000 2025.762712
-10908043.318081 -0.000000 2037.966102
-19444635.617982 -0.000000 2050.169492
-33598528.938707 -0.000000 2062.372881
-38577902.612114 -0.000000 2074.576271
-19961917.476314 -0.000000 2086.779661
-15028476.502046 -0.000000 2098.983051
-13482639.645892 -0.000000 2111.186441
-13840535.232135 -0.000000 2123.389831
-15531834.718640 -0.000000 2135.593220
-17164989.318866 -0.000000 2147.796610
-18372071.571096 -0.000000 2160.000000
-19249121.933202 -0.000000 2172.203390
-19786378.997020 -0.000000 2184.406780
-19786648.334980 -0.000000 2196.610169
-19313641.937546 -0.000000 2208.813559
-14010678.279280 -0.000000 2221.016949
-6715695728.394192 -0.000000 2233.220339
-5080962.710029 -0.000000 2245.423729
10941991.273945 0.000000 2257.627119
41059921.483660 0.000000 2269.830508
18772760.262764 0.000000 2282.033898
18902742.804059 0.000000 2294.237288
23358973.964754 0.000000 2306.440678
21179079.616850 0.000000 2318.644068
14706630.333864 0.000000 2330.847458
9140024.540423 0.000000 2343.050847
3047132.414391 0.000000 2355.254237
1088583.542476 0.000000 2367.457627
1476514.440701 0.000000 2379.661017
2906533.171114 0.000000 2391.864407
4596965.886822 0.000000 2404.067797
6173498.037075 0.000000 2416.271186
7501301.058279 0.000000 2428.474576
8575313.052414 0.000000 2440.677966
9433556.211703 0.000000 2452.881356
10129225.521914 0.000000 2465.084746
10705001.902308 0.000000 2477.288136
11195594.356384 0.000000 2489.491525
11622366.998188 0.000000 2501.694915
12001097.307747 0.000000 2513.898305
12340045.571259 0.000000 2526.101695
12646012.658043 0.000000 2538.305085
12922350.229718 0.000000 2550.508475
13172933.459010 0.000000 2562.711864
13399963.321747 0.000000 2574.915254
13606401.588350 0.000000 2587.118644
13794039.950089 0.000000 2599.322034
13965015.053231 0.000000 2611.525424
14120561.081543 0.000000 2623.728814
14261987.977248 0.000000 2635.932203
14390077.490840 0.000000 2648.135593
14505812.299447 0.000000 2660.338983
14609911.699957 0.000000 2672.542373
14703672.817018 0.000000 2684.745763
14787808.826138 0.000000 2696.949153
14864153.520779 0.000000 2709.152542
14933033.724025 0.000000 2721.355932
14996775.796624 0.000000 2733.559322
15054767.115644 0.000000 2745.762712
15108545.966718 0.000000 2757.966102
15152783.276557 0.000000 2770.169492
15181675.154846 0.000000 2782.372881
15184327.386786 0.000000 2794.576271
15167622.135589 0.000000 2806.779661
15154951.232820 0.000000 2818.983051
15167917.799215 0.000000 2831.186441
15179928.529495 0.000000 2843.389831
15126950.212964 0.000000 2855.593220
14940037.913923 0.000000 2867.796610
14552248.717180 0.000000 2880.000000
13901564.120794 0.000000 2892.203390
12892697.895796 0.000000 2904.406780
11246778.874158 0.000000 2916.610169
8370266.668353 0.000000 2928.813559
4112914.297752 0.000000 2941.016949
1046307.463415 0.000000 2953.220339
3579651.473226 0.000000 2965.423729
17444229.570303 0.000000 2977.627119
29947808.068838 0.000000 2989.830508
30102634.147784 0.000000 3002.033898
30152744.137163 0.000000 3014.237288
30937370.066818 0.000000 3026.440678
31324059.095488 0.000000 3038.644068
31466991.083420 0.000000 3050.847458
31360882.515148 0.000000 3063.050847
30827193.654346 0.000000 3075.254237
30575976.313405 0.000000 3087.457627
30352784.894793 0.000000 3099.661017
29968402.422471 0.000000 3111.864407
29656764.849359 0.000000 3124.067797
29378678.866859 0.000000 3136.271186
29166625.804797 0.000000 3148.474576
29012105.441241 0.000000 3160.677966
28892056.385968 0.000000 3172.881356
28790512.031535 0.000000 3185.084746
28701095.254769 0.000000 3197.288136
28618765.904707 0.000000 3209.491525
28551375.781688 0.000000 3221.694915
28507889.597783 0.000000 3233.898305
28517878.541388 0.000000 3246.101695
28611180.481263 0.000000 3258.305085
28896519.114140 0.000000 3270.508475
29290511.046499 0.000000 3282.711864
29265975.020422 0.000000 3294.915254
29758148.872820 0.000000 3307.118644
32054243.290261 0.000000 3319.322034
34033877.043155 0.000000 3331.525424
34062812.136509 0.000000 3343.728814
32871743.883008 0.000000 3355.932203
31522520.992489 0.000000 3368.135593
28713380.020563 0.000000 3380.338983
30999396.996047 0.000000 3392.542373
7196801.405621 0.000000 3404.745763
50107283.897040 0.000000 3416.949153
54693.475573 0.000000 3429.152542
91819.335938 0.000000 3441.355932
127866.758431 0.000000 3453.559322
161768.653869 0.000000 3465.762712
192981.179821 0.000000 3477.966102
220886.913368 0.000000 3490.169492
245247.616114 0.000000 3502.372881
265980.782858 0.000000 3514.576271
283227.871449 0.000000 3526.779661
297219.794894 0.000000 3538.983051
308263.722450 0.000000 3551.186441
316660.785713 0.000000 3563.389831
322693.168662 0.000000 3575.593220
326582.808041 0.000000 3587.796610
328488.006634 0.000000 3600.000000
