33211.870714 0.000000 0.000000
33362.850945 0.000000 12.203390
33665.183586 0.000000 24.406780
34119.764992 0.000000 36.610169
34727.863604 0.000000 48.813559
35491.032330 0.000000 61.016949
36411.495576 0.000000 73.220339
37491.584125 0.000000 85.423729
38734.421117 0.000000 97.627119
40143.145766 0.000000 109.830508
41721.774937 0.000000 122.033898
43474.287769 0.000000 134.237288
45405.593309 0.000000 146.440678
47520.548516 0.000000 158.644068
49824.950542 0.000000 170.847458
52324.581468 0.000000 183.050847
55026.119587 0.000000 195.254237
57936.329327 0.000000 207.457627
61062.758956 0.000000 219.661017
64413.222948 0.000000 231.864407
67996.122566 0.000000 244.067797
71820.402575 0.000000 256.271186
75895.292184 0.000000 268.474576
80230.958484 0.000000 280.677966
84837.423579 0.000000 292.881356
89726.179864 0.000000 305.084746
94907.990239 0.000000 317.288136
100395.782968 0.000000 329.491525
106200.986447 0.000000 341.694915
112338.071599 0.000000 353.898305
118819.019376 0.000000 366.101695
125659.928640 0.000000 378.305085
132873.155735 0.000000 390.508475
140476.455001 0.000000 402.711864
148482.275438 0.000000 414.915254
156909.927706 0.000000 427.118644
165771.487691 0.000000 439.322034
175087.484072 0.000000 451.525424
184868.828364 0.000000 463.728814
195136.478195 0.000000 475.932203
205898.816590 0.000000 488.135593
217175.616778 0.000000 500.338983
228970.331813 0.000000 512.542373
241298.452347 0.000000 524.745763
254154.205571 0.000000 536.949153
267542.998312 0.000000 549.152542
281442.048671 0.000000 561.355932
295835.938401 0.000000 573.559322
310670.601164 0.000000 585.762712
325889.958662 0.000000 597.966102
341382.254861 0.000000 610.169492
357014.107047 0.000000 622.372881
372567.144723 0.000000 634.576271
387763.394599 0.000000 646.779661
402188.478774 0.000000 658.983051
415299.775493 0.000000 671.186441
426332.190126 0.000000 683.389831
434283.702793 0.000000 695.593220
437814.006391 0.000000 707.796610
435238.129691 0.000000 720.000000
424507.843850 0.000000 732.203390
403389.106793 0.000000 744.406780
369830.898952 0.000000 756.610169
322707.080970 0.000000 768.813559
262844.882411 0.000000 781.016949
194072.799084 0.000000 793.220339
123618.775080 0.000000 805.423729
61240.801623 0.000000 817.627119
62097905.173562 0.000000 829.830508
-3340974.396799 -0.000000 842.033898
-12360078.056949 -0.000000 854.237288
-13621965.706505 -0.000000 866.440678
-13036319.631528 -0.000000 878.644068
-12754284.855251 -0.000000 890.847458
-12788952.162993 -0.000000 903.050847
-12843284.772401 -0.000000 915.254237
-12838921.148826 -0.000000 927.457627
-12765732.509031 -0.000000 939.661017
-12646488.066873 -0.000000 951.864407
-12599495.144217 -0.000000 964.067797
-12624564.250616 -0.000000 976.271186
-12690769.449437 -0.000000 988.474576
-12748937.904101 -0.000000 1000.677966
-12783402.485392 -0.000000 1012.881356
-12787643.457915 -0.000000 1025.084746
-12778511.389433 -0.000000 1037.288136
-12764792.820492 -0.000000 1049.491525
-12753381.485667 -0.000000 1061.694915
-12747445.902704 -0.000000 1073.898305
-12756070.302588 -0.000000 1086.101695
-12766727.982431 -0.000000 1098.305085
-12765579.623395 -0.000000 1110.508475
-12760000.048731 -0.000000 1122.711864
-12756483.494061 -0.000000 1134.915254
-12751425.313143 -0.000000 1147.118644
-12747307.404864 -0.000000 1159.322034
-12750946.637178 -0.000000 1171.525424
-12750628.647705 -0.000000 1183.728814
-12747843.743479 -0.000000 1195.932203
-12751335.210144 -0.000000 1208.135593
-12755712.388542 -0.000000 1220.338983
-12757254.080407 -0.000000 1232.542373
-12757754.938341 -0.000000 1244.745763
-12755765.239694 -0.000000 1256.949153
-12752933.320466 -0.000000 1269.152542
-12750593.833258 -0.000000 1281.355932
-12751739.892569 -0.000000 1293.559322
-12751446.973566 -0.000000 1305.762712
-12748662.912969 -0.000000 1317.966102
-12742556.648964 -0.000000 1330.169492
-12726861.953992 -0.000000 1342.372881
-12708562.029560 -0.000000 1354.576271
-12688905.908281 -0.000000 1366.779661
-12664185.882877 -0.000000 1378.983051
-12638612.848935 -0.000000 1391.186441
-12612392.268307 -0.000000 1403.389831
-12585904.344157 -0.000000 1415.593220
-12558037.074862 -0.000000 1427.796610
-12524334.278395 -0.000000 1440.000000
-12478762.092483 -0.000000 1452.203390
-12421145.175519 -0.000000 1464.406780
-12348649.785560 -0.000000 1476.610169
-12266822.074912 -0.000000 1488.813559
-12181628.051291 -0.000000 1501.016949
-12092590.946748 -0.000000 1513.220339
-12001484.095908 -0.000000 1525.423729
-11911795.656989 -0.000000 1537.627119
-11828217.188092 -0.000000 1549.830508
-11753311.290557 -0.000000 1562.033898
-11683849.708891 -0.000000 1574.237288
-11611996.005471 -0.000000 1586.440678
-11531610.646674 -0.000000 1598.644068
-11442765.568774 -0.000000 1610.847458
-11350196.775635 -0.000000 1623.050847
-11257572.486424 -0.000000 1635.254237
-11165870.557464 -0.000000 1647.457627
-11072873.896273 -0.000000 1659.661017
-10977099.879217 -0.000000 1671.864407
-10875630.586192 -0.000000 1684.067797
-10767450.015391 -0.000000 1696.271186
-10647095.101877 -0.000000 1708.474576
-10510573.039912 -0.000000 1720.677966
-10345241.655992 -0.000000 1732.881356
-10139655.631488 -0.000000 1745.084746
-9867125.207315 -0.000000 1757.288136
-9499659.912925 -0.000000 1769.491525
-8983373.936111 -0.000000 1781.694915
-8257083.268114 -0.000000 1793.898305
-7220557.291670 -0.000000 1806.101695
-5761033.830903 -0.000000 1818.305085
-3725408.786994 -0.000000 1830.508475
-975984.467748 -0.000000 1842.711864
2592002.244068 0.000000 1854.915254
6866587.466123 0.000000 1867.118644
11062662.492224 0.000000 1879.322034
13281663.463099 0.000000 1891.525424
13724529.899863 0.000000 1903.728814
16003898.644385 0.000000 1915.932203
3317705.724090 0.000000 1928.135593
-17135654.238114 -0.000000 1940.338983
-15283516.122744 -0.000000 1952.542373
-34475100.787123 -0.000000 1964.745763
-31442243.637960 -0.000000 1976.949153
-18403762.468351 -0.000000 1989.152542
-14562856.918353 -0.000000 2001.355932
-12995208.057516 -0.000000 2013.559322
-12441526.048172 -0.000000 2025.762712
-13124151.918303 -0.000000 2037.966102
-14176654.436201 -0.000000 2050.169492
-15354542.851243 -0.000000 2062.372881
-16922460.037095 -0.000000 2074.576271
-19904273.287299 -0.000000 2086.779661
-20161898.980159 -0.000000 2098.983051
-128418758.931259 -0.000000 2111.186441
-306812161.025184 -0.000000 2123.389831
-3225593.015634 -0.000000 2135.593220
13421080.317977 0.000000 2147.796610
25560658.406008 0.000000 2160.000000
17308846.552063 0.000000 2172.203390
20558785.695163 0.000000 2184.406780
3349914.474681 0.000000 2196.610169
111596602.022148 0.000000 2208.813559
21409972.895580 0.000000 2221.016949
18796214.487874 0.000000 2233.220339
25519939.317913 0.000000 2245.423729
49378699.076444 0.000000 2257.627119
45062340.942638 0.000000 2269.830508
13267618.252108 0.000000 2282.033898
7257634.711350 0.000000 2294.237288
193317.805297 0.000000 2306.440678
-3160328.877743 -0.000000 2318.644068
-3228825.943649 -0.000000 2330.847458
-1732075.422810 -0.000000 2343.050847
242878.027697 0.000000 2355.254237
2177446.528648 0.000000 2367.457627
3877211.474525 0.000000 2379.661017
5317662.595308 0.000000 2391.864407
6490575.377673 0.000000 2404.067797
7425338.322785 0.000000 2416.271186
8156090.308470 0.000000 2428.474576
8741471.216855 0.000000 2440.677966
9219384.024448 0.000000 2452.881356
9624765.426074 0.000000 2465.084746
9972241.242313 0.000000 2477.288136
10277211.402316 0.000000 2489.491525
10544491.524518 0.000000 2501.694915
10782773.148899 0.000000 2513.898305
10993469.430116 0.000000 2526.101695
11181948.006558 0.000000 2538.305085
11344495.641814 0.000000 2550.508475
11479335.799030 0.000000 2562.711864
11578083.317371 0.000000 2574.915254
11651486.134303 0.000000 2587.118644
11723583.185504 0.000000 2599.322034
11823936.506024 0.000000 2611.525424
11943443.916033 0.000000 2623.728814
12055756.169349 0.000000 2635.932203
12141444.386323 0.000000 2648.135593
12205206.738602 0.000000 2660.338983
12255646.993949 0.000000 2672.542373
12300930.640729 0.000000 2684.745763
12344563.748323 0.000000 2696.949153
12387462.772253 0.000000 2709.152542
12428387.499877 0.000000 2721.355932
12457996.980156 0.000000 2733.559322
12461016.124745 0.000000 2745.762712
12418889.059889 0.000000 2757.966102
12339761.996475 0.000000 2770.169492
12259855.655566 0.000000 2782.372881
12208642.301347 0.000000 2794.576271
12141684.277514 0.000000 2806.779661
11939196.237461 0.000000 2818.983051
11454799.548730 0.000000 2831.186441
10544794.328259 0.000000 2843.389831
9069590.171421 0.000000 2855.593220
6836760.481464 0.000000 2867.796610
3828576.748927 0.000000 2880.000000
668631.034082 0.000000 2892.203390
-284582.990053 -0.000000 2904.406780
5025682.823153 0.000000 2916.610169
18484179.572492 0.000000 2928.813559
29336178.082163 0.000000 2941.016949
30236407.470987 0.000000 2953.220339
30257358.913784 0.000000 2965.423729
30690202.848090 0.000000 2977.627119
30944141.964188 0.000000 2989.830508
31075182.997261 0.000000 3002.033898
30699887.522775 0.000000 3014.237288
30243701.663194 0.000000 3026.440678
30090373.588299 0.000000 3038.644068
29709554.810641 0.000000 3050.847458
29358522.332257 0.000000 3063.050847
29049506.513847 0.000000 3075.254237
28750693.791759 0.000000 3087.457627
28539099.518778 0.000000 3099.661017
28376950.485194 0.000000 3111.864407
28265576.535703 0.000000 3124.067797
28188268.617845 0.000000 3136.271186
28133424.996793 0.000000 3148.474576
28081917.383237 0.000000 3160.677966
28034648.187333 0.000000 3172.881356
27997608.492881 0.000000 3185.084746
27995893.766972 0.000000 3197.288136
28073919.987426 0.000000 3209.491525
28353183.399738 0.000000 3221.694915
28815040.407630 0.000000 3233.898305
28764690.155685 0.000000 3246.101695
29248809.945547 0.000000 3258.305085
31914641.591364 0.000000 3270.508475
33995696.996532 0.000000 3282.711864
33599075.548434 0.000000 3294.915254
31938875.975784 0.000000 3307.118644
30318669.969834 0.000000 3319.322034
26907128.069813 0.000000 3331.525424
27122308.221170 0.000000 3343.728814
5319881.276016 0.000000 3355.932203
3173405.886055 0.000000 3368.135593
9763.610378 0.000000 3380.338983
17635.386657 0.000000 3392.542373
25397.132385 0.000000 3404.745763
32644.987538 0.000000 3416.949153
39427.401107 0.000000 3429.152542
45516.576878 0.000000 3441.355932
50895.235078 0.000000 3453.559322
55516.194796 0.000000 3465.762712
59421.892329 0.000000 3477.966102
62657.538183 0.000000 3490.169492
65301.249858 0.000000 3502.372881
67426.769616 0.000000 3514.576271
69112.869964 0.000000 3526.779661
70427.461305 0.000000 3538.983051
71432.326778 0.000000 3551.186441
72176.945839 0.000000 3563.389831
72701.579617 0.000000 3575.593220
73035.255959 0.000000 3587.796610
73197.337422 0.000000 3600.000000
