70471.960965 0.000000 0.000000
70764.063867 0.000000 12.203390
71349.118325 0.000000 24.406780
72228.114473 0.000000 36.610169
73403.782884 0.000000 48.813559
74877.816485 0.000000 61.016949
76654.904649 0.000000 73.220339
78737.592393 0.000000 85.423729
81132.466544 0.000000 97.627119
83842.966689 0.000000 109.830508
86877.580179 0.000000 122.033898
90240.688014 0.000000 134.237288
93942.684369 0.000000 146.440678
97988.950480 0.000000 158.644068
102391.786657 0.000000 170.847458
107157.648801 0.000000 183.050847
112300.729549 0.000000 195.254237
117828.649190 0.000000 207.457627
123757.455771 0.000000 219.661017
130096.035119 0.000000 231.864407
136862.215629 0.000000 244.067797
144066.254763 0.000000 256.271186
151727.623529 0.000000 268.474576
159858.041213 0.000000 280.677966
168478.383983 0.000000 292.881356
177601.868813 0.000000 305.084746
187250.373963 0.000000 317.288136
197438.521906 0.000000 329.491525
208188.519418 0.000000 341.694915
219516.034251 0.000000 353.898305
231442.471157 0.000000 366.101695
243983.665945 0.000000 378.305085
257158.304400 0.000000 390.508475
270980.540426 0.000000 402.711864
285463.050436 0.000000 414.915254
300614.652714 0.000000 427.118644
316436.274397 0.000000 439.322034
332924.434933 0.000000 451.525424
350058.122731 0.000000 463.728814
367808.488814 0.000000 475.932203
386114.219658 0.000000 488.135593
404896.735683 0.000000 500.338983
424020.901722 0.000000 512.542373
443313.192129 0.000000 524.745763
462503.161682 0.000000 536.949153
481239.196076 0.000000 549.152542
499004.114429 0.000000 561.355932
515120.139039 0.000000 573.559322
528632.005946 0.000000 585.762712
538296.928936 0.000000 597.966102
542446.737611 0.000000 610.169492
539003.617702 0.000000 622.372881
525430.990722 0.000000 634.576271
498994.315781 0.000000 646.779661
457171.614411 0.000000 658.983051
398627.261555 0.000000 671.186441
324409.336329 0.000000 683.389831
239307.194526 0.000000 695.593220
152276.731045 0.000000 707.796610
75352.128273 0.000000 720.000000
141444659.865356 0.000000 732.203390
-4105957.585347 -0.000000 744.406780
-12318882.652103 -0.000000 756.610169
-13507593.173574 -0.000000 768.813559
-13055328.113315 -0.000000 781.016949
-12897148.140674 -0.000000 793.220339
-12847701.912809 -0.000000 805.423729
-12869418.655220 -0.000000 817.627119
-12864565.814070 -0.000000 829.830508
-12808151.520848 -0.000000 842.033898
-12695860.740048 -0.000000 854.237288
-12604472.220442 -0.000000 866.440678
-12613660.698406 -0.000000 878.644068
-12692193.889209 -0.000000 890.847458
-12760265.387961 -0.000000 903.050847
-12781985.332190 -0.000000 915.254237
-12788004.432568 -0.000000 927.457627
-12790139.560795 -0.000000 939.661017
-12780006.479957 -0.000000 951.864407
-12774311.493647 -0.000000 964.067797
-12773446.263548 -0.000000 976.271186
-12764543.070475 -0.000000 988.474576
-12763582.440474 -0.000000 1000.677966
-12766796.429128 -0.000000 1012.881356
-12766732.291623 -0.000000 1025.084746
-12765070.525630 -0.000000 1037.288136
-12764837.305118 -0.000000 1049.491525
-12759677.251901 -0.000000 1061.694915
-12753672.857756 -0.000000 1073.898305
-12739328.097609 -0.000000 1086.101695
-12715857.429290 -0.000000 1098.305085
-12691461.739036 -0.000000 1110.508475
-12663113.459867 -0.000000 1122.711864
-12631518.450238 -0.000000 1134.915254
-12600429.195396 -0.000000 1147.118644
-12564916.789065 -0.000000 1159.322034
-12511786.728137 -0.000000 1171.525424
-12441001.495734 -0.000000 1183.728814
-12357848.236313 -0.000000 1195.932203
-12260424.734764 -0.000000 1208.135593
-12156435.259825 -0.000000 1220.338983
-12050126.656098 -0.000000 1232.542373
-11942033.392814 -0.000000 1244.745763
-11832353.558269 -0.000000 1256.949153
-11721871.976117 -0.000000 1269.152542
-11610306.970082 -0.000000 1281.355932
-11498608.004300 -0.000000 1293.559322
-11386103.991829 -0.000000 1305.762712
-11273925.346563 -0.000000 1317.966102
-11160985.858884 -0.000000 1330.169492
-11048612.699888 -0.000000 1342.372881
-10935356.818374 -0.000000 1354.576271
-10822633.147929 -0.000000 1366.779661
-10708754.104343 -0.000000 1378.983051
-10594950.935098 -0.000000 1391.186441
-10479755.580497 -0.000000 1403.389831
-10364966.169677 -0.000000 1415.593220
-10252297.540181 -0.000000 1427.796610
-10146003.237044 -0.000000 1440.000000
-10046805.847624 -0.000000 1452.203390
-9946816.939859 -0.000000 1464.406780
-9836905.502625 -0.000000 1476.610169
-9715210.801225 -0.000000 1488.813559
-9592813.039525 -0.000000 1501.016949
-9474348.139670 -0.000000 1513.220339
-9362507.279333 -0.000000 1525.423729
-9252212.043532 -0.000000 1537.627119
-9144158.458927 -0.000000 1549.830508
-9035091.178957 -0.000000 1562.033898
-8927137.978237 -0.000000 1574.237288
-8818203.085021 -0.000000 1586.440678
-8710133.386165 -0.000000 1598.644068
-8601413.454747 -0.000000 1610.847458
-8493323.647861 -0.000000 1623.050847
-8384767.273252 -0.000000 1635.254237
-8276482.784844 -0.000000 1647.457627
-8167532.288873 -0.000000 1659.661017
-8058190.557133 -0.000000 1671.864407
-7947287.733294 -0.000000 1684.067797
-7834549.361209 -0.000000 1696.271186
-7717957.777581 -0.000000 1708.474576
-7596095.579896 -0.000000 1720.677966
-7464967.655061 -0.000000 1732.881356
-7320201.996677 -0.000000 1745.084746
-7153455.606428 -0.000000 1757.288136
-6952909.060011 -0.000000 1769.491525
-6700699.430584 -0.000000 1781.694915
-6367763.369277 -0.000000 1793.898305
-5916098.055703 -0.000000 1806.101695
-5281002.404164 -0.000000 1818.305085
-4386773.637277 -0.000000 1830.508475
-3107934.329678 -0.000000 1842.711864
-1325425.808569 -0.000000 1854.915254
1149460.509862 0.000000 1867.118644
4300335.297850 0.000000 1879.322034
8459774.063148 0.000000 1891.525424
12283688.216039 0.000000 1903.728814
13485028.643237 0.000000 1915.932203
14043543.999747 0.000000 1928.135593
12199722.441450 0.000000 1940.338983
-3230104.969864 -0.000000 1952.542373
-16883285.748513 -0.000000 1964.745763
-16027568.549476 -0.000000 1976.949153
-46236139.479961 -0.000000 1989.152542
-27630210.927155 -0.000000 2001.355932
-17320258.600264 -0.000000 2013.559322
-14253461.330606 -0.000000 2025.762712
-12949273.075055 -0.000000 2037.966102
-13081659.730785 -0.000000 2050.169492
-14864190.779493 -0.000000 2062.372881
-17755491.965282 -0.000000 2074.576271
-22287601.728343 -0.000000 2086.779661
-29033365.651236 -0.000000 2098.983051
-24267763.749981 -0.000000 2111.186441
-229967115.091211 -0.000000 2123.389831
-145423305.673362 -0.000000 2135.593220
-2652445.298820 -0.000000 2147.796610
-703294.676451 -0.000000 2160.000000
2255842.327075 0.000000 2172.203390
1604683.808943 0.000000 2184.406780
-2902691721.439694 -0.000000 2196.610169
-21766213.943895 -0.000000 2208.813559
-44876571.209486 -0.000000 2221.016949
-963654192.312657 -0.000000 2233.220339
3769492.893403 0.000000 2245.423729
6936906.762157 0.000000 2257.627119
8119486.872630 0.000000 2269.830508
7812536.025193 0.000000 2282.033898
5409185.032880 0.000000 2294.237288
2496154.684893 0.000000 2306.440678
440616.341530 0.000000 2318.644068
-321010.262483 -0.000000 2330.847458
-31731.995888 -0.000000 2343.050847
898301.713247 0.000000 2355.254237
2112735.320934 0.000000 2367.457627
3375155.681480 0.000000 2379.661017
4551858.253786 0.000000 2391.864407
5593243.037116 0.000000 2404.067797
6486232.635225 0.000000 2416.271186
7251078.266484 0.000000 2428.474576
7902270.120877 0.000000 2440.677966
8467383.239909 0.000000 2452.881356
8956436.061994 0.000000 2465.084746
9389905.037047 0.000000 2477.288136
9770989.637398 0.000000 2489.491525
10114505.789857 0.000000 2501.694915
10420045.809671 0.000000 2513.898305
10699079.130887 0.000000 2526.101695
10948888.165859 0.000000 2538.305085
11176840.515607 0.000000 2550.508475
11373675.023805 0.000000 2562.711864
11533528.588159 0.000000 2574.915254
11637974.171334 0.000000 2587.118644
11697475.822650 0.000000 2599.322034
11756105.169848 0.000000 2611.525424
11874443.941975 0.000000 2623.728814
12051773.628564 0.000000 2635.932203
12233038.242601 0.000000 2648.135593
12374853.537333 0.000000 2660.338983
12473589.383186 0.000000 2672.542373
12548829.881112 0.000000 2684.745763
12612752.464559 0.000000 2696.949153
12674945.461544 0.000000 2709.152542
12730802.606146 0.000000 2721.355932
12776564.660122 0.000000 2733.559322
12798266.925619 0.000000 2745.762712
12796910.867657 0.000000 2757.966102
12781166.306202 0.000000 2770.169492
12767527.404878 0.000000 2782.372881
12753762.527213 0.000000 2794.576271
12731283.688737 0.000000 2806.779661
12668892.429082 0.000000 2818.983051
12491884.980145 0.000000 2831.186441
12113355.208700 0.000000 2843.389831
11427028.837115 0.000000 2855.593220
10298601.068771 0.000000 2867.796610
8454518.120804 0.000000 2880.000000
5667163.884068 0.000000 2892.203390
2109510.239103 0.000000 2904.406780
-239268.660708 -0.000000 2916.610169
1889185.325014 0.000000 2928.813559
13625135.267531 0.000000 2941.016949
27347922.473498 0.000000 2953.220339
30139725.571211 0.000000 2965.423729
30179302.775754 0.000000 2977.627119
30594231.394660 0.000000 2989.830508
30875130.488776 0.000000 3002.033898
31031709.310615 0.000000 3014.237288
30878211.049325 0.000000 3026.440678
30354268.154029 0.000000 3038.644068
30088803.074253 0.000000 3050.847458
29799636.207582 0.000000 3063.050847
29413740.594316 0.000000 3075.254237
29131327.583782 0.000000 3087.457627
28868072.967635 0.000000 3099.661017
28674790.870591 0.000000 3111.864407
28517468.099811 0.000000 3124.067797
28388951.382337 0.000000 3136.271186
28275928.239366 0.000000 3148.474576
28180443.859316 0.000000 3160.677966
28091233.885021 0.000000 3172.881356
28020628.482907 0.000000 3185.084746
27982861.562833 0.000000 3197.288136
28008349.333298 0.000000 3209.491525
28128957.746018 0.000000 3221.694915
28433956.873360 0.000000 3233.898305
28911800.014429 0.000000 3246.101695
28930024.595505 0.000000 3258.305085
29306847.313908 0.000000 3270.508475
31641711.258923 0.000000 3282.711864
33771289.468654 0.000000 3294.915254
33629852.704987 0.000000 3307.118644
32191784.989343 0.000000 3319.322034
30266733.271828 0.000000 3331.525424
27007451.570234 0.000000 3343.728814
28460594.509677 0.000000 3355.932203
8683424.915028 0.000000 3368.135593
13702588.690475 0.000000 3380.338983
16867.299083 0.000000 3392.542373
29667.138737 0.000000 3404.745763
42185.359514 0.000000 3416.949153
54095.038840 0.000000 3429.152542
65182.140464 0.000000 3441.355932
75188.293302 0.000000 3453.559322
84000.283640 0.000000 3465.762712
91573.630797 0.000000 3477.966102
97949.713563 0.000000 3490.169492
103215.288686 0.000000 3502.372881
107489.342493 0.000000 3514.576271
110899.003297 0.000000 3526.779661
113570.331694 0.000000 3538.983051
115616.577467 0.000000 3551.186441
117135.829702 0.000000 3563.389831
118206.365683 0.000000 3575.593220
118887.626164 0.000000 3587.796610
119218.398411 0.000000 3600.000000
