18892.953591 0.000000 0.000000
18984.296658 0.000000 12.203390
19167.077537 0.000000 24.406780
19442.348881 0.000000 36.610169
19810.545645 0.000000 48.813559
20273.534367 0.000000 61.016949
20832.147924 0.000000 73.220339
21489.188059 0.000000 85.423729
22245.825927 0.000000 97.627119
23105.829584 0.000000 109.830508
24070.700901 0.000000 122.033898
25145.206440 0.000000 134.237288
26331.175338 0.000000 146.440678
27634.411354 0.000000 158.644068
29057.066572 0.000000 170.847458
30606.029443 0.000000 183.050847
32283.770855 0.000000 195.254237
34098.320243 0.000000 207.457627
36052.462970 0.000000 219.661017
38155.434525 0.000000 231.864407
40410.330492 0.000000 244.067797
42827.666810 0.000000 256.271186
45410.845371 0.000000 268.474576
48171.745858 0.000000 280.677966
51114.073959 0.000000 292.881356
54251.164881 0.000000 305.084746
57587.026574 0.000000 317.288136
61136.549504 0.000000 329.491525
64904.045049 0.000000 341.694915
68906.064817 0.000000 353.898305
73147.229817 0.000000 366.101695
77645.861758 0.000000 378.305085
82406.902010 0.000000 390.508475
87450.552586 0.000000 402.711864
92782.094066 0.000000 414.915254
98423.711852 0.000000 427.118644
104381.055741 0.000000 439.322034
110678.383555 0.000000 451.525424
117321.754577 0.000000 463.728814
124337.561774 0.000000 475.932203
131732.325408 0.000000 488.135593
139534.586683 0.000000 500.338983
147751.385755 0.000000 512.542373
156413.346938 0.000000 524.745763
165528.079179 0.000000 536.949153
175128.098116 0.000000 549.152542
185221.586776 0.000000 561.355932
195842.550251 0.000000 573.559322
206999.636842 0.000000 585.762712
218727.606576 0.000000 597.966102
231035.209494 0.000000 610.169492
243956.666937 0.000000 622.372881
257499.953672 0.000000 634.576271
271696.527543 0.000000 646.779661
286551.703177 0.000000 658.983051
302090.347601 0.000000 671.186441
318311.321644 0.000000 683.389831
335226.260067 0.000000 695.593220
352820.183517 0.000000 707.796610
371079.804200 0.000000 720.000000
389962.195504 0.000000 732.203390
409408.222083 0.000000 744.406780
429320.338449 0.000000 756.610169
449555.566880 0.000000 768.813559
469911.693462 0.000000 781.016949
490092.437828 0.000000 793.220339
509698.231755 0.000000 805.423729
528154.008661 0.000000 817.627119
544697.515714 0.000000 829.830508
558261.013607 0.000000 842.033898
567455.839791 0.000000 854.237288
570423.513994 0.000000 866.440678
564871.900895 0.000000 878.644068
548034.643752 0.000000 890.847458
517030.713815 0.000000 903.050847
469372.042675 0.000000 915.254237
404149.992249 0.000000 927.457627
323318.458483 0.000000 939.661017
233025.892308 0.000000 951.864407
143581.591692 0.000000 964.067797
67816.943494 0.000000 976.271186
214946913.709588 0.000000 988.474576
-5274229.225325 -0.000000 1000.677966
-13149896.735460 -0.000000 1012.881356
-13476080.100043 -0.000000 1025.084746
-13047257.809992 -0.000000 1037.288136
-12893704.426006 -0.000000 1049.491525
-12860590.324049 -0.000000 1061.694915
-12892642.706842 -0.000000 1073.898305
-12870517.395819 -0.000000 1086.101695
-12783061.841801 -0.000000 1098.305085
-12664227.846712 -0.000000 1110.508475
-12614755.163261 -0.000000 1122.711864
-12659215.783698 -0.000000 1134.915254
-12728964.570417 -0.000000 1147.118644
-12772940.482276 -0.000000 1159.322034
-12788261.576342 -0.000000 1171.525424
-12788312.607433 -0.000000 1183.728814
-12783434.115424 -0.000000 1195.932203
-12780711.694335 -0.000000 1208.135593
-12780272.592219 -0.000000 1220.338983
-12783743.247096 -0.000000 1232.542373
-12784356.232831 -0.000000 1244.745763
-12782467.230819 -0.000000 1256.949153
-12777901.741475 -0.000000 1269.152542
-12772923.841978 -0.000000 1281.355932
-12764483.259047 -0.000000 1293.559322
-12756614.190251 -0.000000 1305.762712
-12732637.469517 -0.000000 1317.966102
-12702858.705185 -0.000000 1330.169492
-12672723.193977 -0.000000 1342.372881
-12646780.807083 -0.000000 1354.576271
-12627599.868602 -0.000000 1366.779661
-12609385.987275 -0.000000 1378.983051
-12575440.028410 -0.000000 1391.186441
-12515878.544127 -0.000000 1403.389831
-12435337.697103 -0.000000 1415.593220
-12340657.598903 -0.000000 1427.796610
-12236029.235378 -0.000000 1440.000000
-12125726.597280 -0.000000 1452.203390
-12011482.653411 -0.000000 1464.406780
-11896063.345024 -0.000000 1476.610169
-11783808.608337 -0.000000 1488.813559
-11672794.482162 -0.000000 1501.016949
-11562526.694947 -0.000000 1513.220339
-11449944.515536 -0.000000 1525.423729
-11336465.784044 -0.000000 1537.627119
-11221387.393748 -0.000000 1549.830508
-11106446.719110 -0.000000 1562.033898
-10990655.830439 -0.000000 1574.237288
-10874535.773374 -0.000000 1586.440678
-10757112.918671 -0.000000 1598.644068
-10638919.901821 -0.000000 1610.847458
-10520364.626506 -0.000000 1623.050847
-10403121.217167 -0.000000 1635.254237
-10289462.976096 -0.000000 1647.457627
-10180802.984736 -0.000000 1659.661017
-10075565.756048 -0.000000 1671.864407
-9964910.927602 -0.000000 1684.067797
-9836792.767016 -0.000000 1696.271186
-9678737.841344 -0.000000 1708.474576
-9484659.022621 -0.000000 1720.677966
-9246539.763751 -0.000000 1732.881356
-8952424.213649 -0.000000 1745.084746
-8576851.415452 -0.000000 1757.288136
-8083745.033278 -0.000000 1769.491525
-7420019.872866 -0.000000 1781.694915
-6511482.101669 -0.000000 1793.898305
-5252967.425518 -0.000000 1806.101695
-3496685.285996 -0.000000 1818.305085
-1071553.678502 -0.000000 1830.508475
2192262.437862 0.000000 1842.711864
6333487.434478 0.000000 1854.915254
10854929.322456 0.000000 1867.118644
13364127.149605 0.000000 1879.322034
13436263.271733 0.000000 1891.525424
14481570.062304 0.000000 1903.728814
12760007.138900 0.000000 1915.932203
-7356479.310008 -0.000000 1928.135593
-19410019.750647 -0.000000 1940.338983
-18539446.867716 -0.000000 1952.542373
-59975511.820293 -0.000000 1964.745763
-23134281.799798 -0.000000 1976.949153
-15792566.672408 -0.000000 1989.152542
-13640364.918975 -0.000000 2001.355932
-13549723.013422 -0.000000 2013.559322
-14984578.769461 -0.000000 2025.762712
-16729324.365025 -0.000000 2037.966102
-18212459.218630 -0.000000 2050.169492
-19474911.520107 -0.000000 2062.372881
-20435624.431481 -0.000000 2074.576271
-21145679.198914 -0.000000 2086.779661
-21473593.002437 -0.000000 2098.983051
-21752713.768329 -0.000000 2111.186441
-19197117.758858 -0.000000 2123.389831
-69279893.624031 -0.000000 2135.593220
-759682411.150530 -0.000000 2147.796610
-2435112.294744 -0.000000 2160.000000
3625061.968389 0.000000 2172.203390
6395395.860976 0.000000 2184.406780
6671939.044948 0.000000 2196.610169
5808133.424609 0.000000 2208.813559
4290043.479524 0.000000 2221.016949
2959532.653156 0.000000 2233.220339
2372161.573070 0.000000 2245.423729
2616919.788820 0.000000 2257.627119
3458705.692301 0.000000 2269.830508
4598924.277110 0.000000 2282.033898
5787082.712458 0.000000 2294.237288
6902832.025970 0.000000 2306.440678
7898377.542435 0.000000 2318.644068
8777206.826021 0.000000 2330.847458
9558617.137907 0.000000 2343.050847
10258835.972801 0.000000 2355.254237
10896487.597479 0.000000 2367.457627
11476354.988763 0.000000 2379.661017
12009496.284365 0.000000 2391.864407
12495191.607610 0.000000 2404.067797
12941001.762511 0.000000 2416.271186
13345624.630296 0.000000 2428.474576
13713917.984105 0.000000 2440.677966
14043000.694764 0.000000 2452.881356
14329800.973735 0.000000 2465.084746
14565456.961364 0.000000 2477.288136
14749370.289313 0.000000 2489.491525
14904700.843970 0.000000 2501.694915
15063875.358077 0.000000 2513.898305
15225580.247103 0.000000 2526.101695
15363015.068229 0.000000 2538.305085
15454510.896864 0.000000 2550.508475
15490078.160797 0.000000 2562.711864
15510193.074191 0.000000 2574.915254
15524164.087455 0.000000 2587.118644
15532688.320902 0.000000 2599.322034
15537437.819522 0.000000 2611.525424
15537654.633152 0.000000 2623.728814
15522826.717954 0.000000 2635.932203
15507835.299181 0.000000 2648.135593
15504992.731802 0.000000 2660.338983
15522677.823821 0.000000 2672.542373
15532908.043917 0.000000 2684.745763
15528020.164355 0.000000 2696.949153
15516698.745570 0.000000 2709.152542
15531598.460714 0.000000 2721.355932
15565896.474692 0.000000 2733.559322
15609570.476698 0.000000 2745.762712
15530388.273202 0.000000 2757.966102
15131947.073895 0.000000 2770.169492
14431273.695489 0.000000 2782.372881
13166791.905303 0.000000 2794.576271
10782114.857595 0.000000 2806.779661
6648323.507018 0.000000 2818.983051
1904294.722535 0.000000 2831.186441
-177920.012422 -0.000000 2843.389831
7608732.705873 0.000000 2855.593220
24079574.795576 0.000000 2867.796610
30119197.578217 0.000000 2880.000000
29738428.384698 0.000000 2892.203390
30135191.828638 0.000000 2904.406780
30795126.373085 0.000000 2916.610169
31168604.650599 0.000000 2928.813559
31216331.549295 0.000000 2941.016949
30911464.361649 0.000000 2953.220339
30451208.604432 0.000000 2965.423729
30292505.324924 0.000000 2977.627119
30030786.736023 0.000000 2989.830508
29660414.522284 0.000000 3002.033898
29363122.826569 0.000000 3014.237288
29096519.387018 0.000000 3026.440678
28919607.102211 0.000000 3038.644068
28800026.651967 0.000000 3050.847458
28710450.776730 0.000000 3063.050847
28628129.535326 0.000000 3075.254237
28544428.952539 0.000000 3087.457627
28458813.532888 0.000000 3099.661017
28381933.247651 0.000000 3111.864407
28328715.940175 0.000000 3124.067797
28342504.628591 0.000000 3136.271186
28473653.043310 0.000000 3148.474576
28812323.392885 0.000000 3160.677966
29072598.524732 0.000000 3172.881356
28985756.803808 0.000000 3185.084746
30212574.543053 0.000000 3197.288136
32879527.298487 0.000000 3209.491525
34056749.948199 0.000000 3221.694915
33320301.234024 0.000000 3233.898305
31562270.495052 0.000000 3246.101695
30031713.355353 0.000000 3258.305085
29783267.478395 0.000000 3270.508475
22274276.481223 0.000000 3282.711864
-877875.702667 -0.000000 3294.915254
6151238.087313 0.000000 3307.118644
37943.625876 0.000000 3319.322034
67053.659623 0.000000 3331.525424
97564.861142 0.000000 3343.728814
127738.248756 0.000000 3355.932203
156577.592721 0.000000 3368.135593
183044.915524 0.000000 3380.338983
206567.852381 0.000000 3392.542373
226829.160773 0.000000 3404.745763
243821.495423 0.000000 3416.949153
257705.203592 0.000000 3429.152542
268786.467923 0.000000 3441.355932
277414.849899 0.000000 3453.559322
283974.782733 0.000000 3465.762712
288822.685134 0.000000 3477.966102
292299.703697 0.000000 3490.169492
294695.242613 0.000000 3502.372881
296269.840011 0.000000 3514.576271
297232.857193 0.000000 3526.779661
297766.101902 0.000000 3538.983051
298008.986496 0.000000 3551.186441
298078.076799 0.000000 3563.389831
298057.042168 0.000000 3575.593220
298010.264213 0.000000 3587.796610
297976.594896 0.000000 3600.000000
