193679.891128 0.000000 0.000000
194359.704303 0.000000 12.203390
195721.120493 0.000000 24.406780
197765.958131 0.000000 36.610169
200499.761199 0.000000 48.813559
203925.885047 0.000000 61.016949
208053.728931 0.000000 73.220339
212888.254823 0.000000 85.423729
218442.708941 0.000000 97.627119
224723.593306 0.000000 109.830508
231748.040885 0.000000 122.033898
239523.970146 0.000000 134.237288
248072.400057 0.000000 146.440678
257402.457371 0.000000 158.644068
267538.933193 0.000000 170.847458
278491.811643 0.000000 183.050847
290289.313946 0.000000 195.254237
302941.675787 0.000000 207.457627
316479.780195 0.000000 219.661017
330913.044004 0.000000 231.864407
346273.476341 0.000000 244.067797
362567.762246 0.000000 256.271186
379826.134607 0.000000 268.474576
398049.078877 0.000000 280.677966
417259.729032 0.000000 292.881356
437446.029077 0.000000 305.084746
458614.369088 0.000000 317.288136
480728.464891 0.000000 329.491525
503760.531008 0.000000 341.694915
527628.376954 0.000000 353.898305
552238.413252 0.000000 366.101695
577422.171470 0.000000 378.305085
602962.592937 0.000000 390.508475
628529.817668 0.000000 402.711864
653678.332376 0.000000 414.915254
677779.104120 0.000000 427.118644
699971.204822 0.000000 439.322034
719085.675736 0.000000 451.525424
733538.762775 0.000000 463.728814
741259.227639 0.000000 475.932203
739558.050086 0.000000 488.135593
725174.455379 0.000000 500.338983
694360.168903 0.000000 512.542373
643475.130991 0.000000 524.745763
569894.593713 0.000000 536.949153
473727.993449 0.000000 549.152542
359542.369230 0.000000 561.355932
237784.042749 0.000000 573.559322
124006.340674 0.000000 585.762712
85234899.884083 0.000000 597.966102
-1959659.431967 -0.000000 610.169492
-8544340.969197 -0.000000 622.372881
-13324880.861834 -0.000000 634.576271
-13410439.918243 -0.000000 646.779661
-13045295.480185 -0.000000 658.983051
-12944774.106378 -0.000000 671.186441
-12946731.675046 -0.000000 683.389831
-12939178.068648 -0.000000 695.593220
-12879189.753422 -0.000000 707.796610
-12732641.547499 -0.000000 720.000000
-12582966.058924 -0.000000 732.203390
-12595193.009260 -0.000000 744.406780
-12690828.044050 -0.000000 756.610169
-12733434.853083 -0.000000 768.813559
-12740159.441498 -0.000000 781.016949
-12733610.203004 -0.000000 793.220339
-12717426.951381 -0.000000 805.423729
-12690207.210563 -0.000000 817.627119
-12656042.296875 -0.000000 829.830508
-12622524.366157 -0.000000 842.033898
-12572220.792024 -0.000000 854.237288
-12487723.877710 -0.000000 866.440678
-12381128.583414 -0.000000 878.644068
-12250281.873598 -0.000000 890.847458
-12101825.985403 -0.000000 903.050847
-11951038.127388 -0.000000 915.254237
-11797976.103373 -0.000000 927.457627
-11645044.166311 -0.000000 939.661017
-11492077.729558 -0.000000 951.864407
-11339583.046428 -0.000000 964.067797
-11186824.154608 -0.000000 976.271186
-11033263.457941 -0.000000 988.474576
-10877488.607911 -0.000000 1000.677966
-10714560.559125 -0.000000 1012.881356
-10530795.364575 -0.000000 1025.084746
-10323378.407579 -0.000000 1037.288136
-10136272.351619 -0.000000 1049.491525
-10007634.323245 -0.000000 1061.694915
-9902171.782644 -0.000000 1073.898305
-9777882.258584 -0.000000 1086.101695
-9637687.999791 -0.000000 1098.305085
-9493008.453587 -0.000000 1110.508475
-9345202.450088 -0.000000 1122.711864
-9192478.562643 -0.000000 1134.915254
-9034397.966146 -0.000000 1147.118644
-8872153.617387 -0.000000 1159.322034
-8706972.966696 -0.000000 1171.525424
-8539656.179403 -0.000000 1183.728814
-8370904.726545 -0.000000 1195.932203
-8202535.193141 -0.000000 1208.135593
-8039037.893990 -0.000000 1220.338983
-7885770.145143 -0.000000 1232.542373
-7745325.732780 -0.000000 1244.745763
-7612110.137627 -0.000000 1256.949153
-7475552.997543 -0.000000 1269.152542
-7326393.377594 -0.000000 1281.355932
-7164461.338859 -0.000000 1293.559322
-6993996.407266 -0.000000 1305.762712
-6821302.026912 -0.000000 1317.966102
-6649004.084156 -0.000000 1330.169492
-6481708.511761 -0.000000 1342.372881
-6322757.470200 -0.000000 1354.576271
-6177038.915450 -0.000000 1366.779661
-6040104.894426 -0.000000 1378.983051
-5903213.344587 -0.000000 1391.186441
-5753849.049444 -0.000000 1403.389831
-5585914.548476 -0.000000 1415.593220
-5394580.780477 -0.000000 1427.796610
-5196672.068095 -0.000000 1440.000000
-5040674.384988 -0.000000 1452.203390
-4926800.225023 -0.000000 1464.406780
-4804635.859806 -0.000000 1476.610169
-4655484.608856 -0.000000 1488.813559
-4497212.144879 -0.000000 1501.016949
-4340248.558879 -0.000000 1513.220339
-4189930.313093 -0.000000 1525.423729
-4039902.254218 -0.000000 1537.627119
-3888873.757713 -0.000000 1549.830508
-3732330.418442 -0.000000 1562.033898
-3573436.927395 -0.000000 1574.237288
-3412371.747650 -0.000000 1586.440678
-3252848.165153 -0.000000 1598.644068
-3094633.016813 -0.000000 1610.847458
-2939135.494969 -0.000000 1623.050847
-2785453.145746 -0.000000 1635.254237
-2633864.817318 -0.000000 1647.457627
-2483745.743093 -0.000000 1659.661017
-2335036.581535 -0.000000 1671.864407
-2187471.891255 -0.000000 1684.067797
-2040871.898931 -0.000000 1696.271186
-1895146.490546 -0.000000 1708.474576
-1750080.872984 -0.000000 1720.677966
-1605522.609221 -0.000000 1732.881356
-1461208.672522 -0.000000 1745.084746
-1316547.078436 -0.000000 1757.288136
-1170981.215241 -0.000000 1769.491525
-1022619.396850 -0.000000 1781.694915
-869604.194365 -0.000000 1793.898305
-706379.732457 -0.000000 1806.101695
-526386.741241 -0.000000 1818.305085
-313805.461800 -0.000000 1830.508475
-47312.357588 -0.000000 1842.711864
316105.944075 0.000000 1854.915254
837407.442961 0.000000 1867.118644
1618663.522219 0.000000 1879.322034
2797392.713874 0.000000 1891.525424
4540981.348270 0.000000 1903.728814
6985655.283298 0.000000 1915.932203
10772925.323254 0.000000 1928.135593
13777457.812717 0.000000 1940.338983
13530004.641971 0.000000 1952.542373
13434646.391028 0.000000 1964.745763
14733704.399492 0.000000 1976.949153
5139048.712399 0.000000 1989.152542
-13061845.817756 -0.000000 2001.355932
-19740370.343099 -0.000000 2013.559322
-26634193.813932 -0.000000 2025.762712
-28874387.767962 -0.000000 2037.966102
-14044193.665404 -0.000000 2050.169492
-13274568.789690 -0.000000 2062.372881
-17472039.550901 -0.000000 2074.576271
-15043920.757745 -0.000000 2086.779661
-13277876.303343 -0.000000 2098.983051
-12754015.565671 -0.000000 2111.186441
-13153290.333878 -0.000000 2123.389831
-13864448.113487 -0.000000 2135.593220
-13899453.228584 -0.000000 2147.796610
-11499493.329580 -0.000000 2160.000000
-10593057.017202 -0.000000 2172.203390
-12527428.092995 -0.000000 2184.406780
-19990358.319864 -0.000000 2196.610169
-27908690.325510 -0.000000 2208.813559
-23182344.596188 -0.000000 2221.016949
-56587159.886764 -0.000000 2233.220339
-942010492.673601 -0.000000 2245.423729
-4013457.556851 -0.000000 2257.627119
8532146.001234 0.000000 2269.830508
10662195.456741 0.000000 2282.033898
8379591.006349 0.000000 2294.237288
5750246.320211 0.000000 2306.440678
2929306.388567 0.000000 2318.644068
676704.790534 0.000000 2330.847458
-365812.973716 -0.000000 2343.050847
-275770.169932 -0.000000 2355.254237
547648.952363 0.000000 2367.457627
1724643.374177 0.000000 2379.661017
2976823.061931 0.000000 2391.864407
4174448.026862 0.000000 2404.067797
5251076.508969 0.000000 2416.271186
6206811.944962 0.000000 2428.474576
7045235.910351 0.000000 2440.677966
7790399.483963 0.000000 2452.881356
8452823.105521 0.000000 2465.084746
9049967.855039 0.000000 2477.288136
9588039.099489 0.000000 2489.491525
10077542.191325 0.000000 2501.694915
10521935.133755 0.000000 2513.898305
10928202.709615 0.000000 2526.101695
11298111.134117 0.000000 2538.305085
11637400.171124 0.000000 2550.508475
11945684.196818 0.000000 2562.711864
12226432.535094 0.000000 2574.915254
12470155.861435 0.000000 2587.118644
12670792.236544 0.000000 2599.322034
12816806.850553 0.000000 2611.525424
12936104.858016 0.000000 2623.728814
13066926.824051 0.000000 2635.932203
13237247.254727 0.000000 2648.135593
13404407.538495 0.000000 2660.338983
13536241.613599 0.000000 2672.542373
13635432.055936 0.000000 2684.745763
13745136.582190 0.000000 2696.949153
13867396.811211 0.000000 2709.152542
13983962.320219 0.000000 2721.355932
14077466.311715 0.000000 2733.559322
14152001.210695 0.000000 2745.762712
14214483.796979 0.000000 2757.966102
14258679.385056 0.000000 2770.169492
14272505.428933 0.000000 2782.372881
14238616.006793 0.000000 2794.576271
14183126.990479 0.000000 2806.779661
14148364.486013 0.000000 2818.983051
14153520.703376 0.000000 2831.186441
14111481.178396 0.000000 2843.389831
13899018.873459 0.000000 2855.593220
13382895.723914 0.000000 2867.796610
12444393.355758 0.000000 2880.000000
10862516.622512 0.000000 2892.203390
8284904.862051 0.000000 2904.406780
4539654.580249 0.000000 2916.610169
829497.764390 0.000000 2928.813559
257439.109226 0.000000 2941.016949
7984505.220113 0.000000 2953.220339
23230314.640910 0.000000 2965.423729
30546837.046551 0.000000 2977.627119
30308991.252220 0.000000 2989.830508
30550418.987766 0.000000 3002.033898
31016711.666434 0.000000 3014.237288
31153003.988567 0.000000 3026.440678
31236695.141379 0.000000 3038.644068
30828618.110291 0.000000 3050.847458
30367240.356750 0.000000 3063.050847
30259329.464566 0.000000 3075.254237
29908482.978364 0.000000 3087.457627
29567966.788832 0.000000 3099.661017
29291593.593177 0.000000 3111.864407
29032862.153935 0.000000 3124.067797
28852394.432038 0.000000 3136.271186
28710428.306097 0.000000 3148.474576
28597753.843835 0.000000 3160.677966
28496464.320332 0.000000 3172.881356
28406676.620601 0.000000 3185.084746
28323439.058806 0.000000 3197.288136
28259636.633123 0.000000 3209.491525
28225513.175022 0.000000 3221.694915
28261694.873564 0.000000 3233.898305
28407314.034419 0.000000 3246.101695
28807363.265409 0.000000 3258.305085
29171374.843356 0.000000 3270.508475
28993995.101930 0.000000 3282.711864
30254832.843214 0.000000 3294.915254
33225857.032050 0.000000 3307.118644
34379708.280327 0.000000 3319.322034
33247526.646959 0.000000 3331.525424
31069960.957635 0.000000 3343.728814
29256317.767076 0.000000 3355.932203
28502724.498524 0.000000 3368.135593
19936843.182493 0.000000 3380.338983
-445651.989148 -0.000000 3392.542373
4467979.658411 0.000000 3404.745763
39691.725933 0.000000 3416.949153
67262.476190 0.000000 3429.152542
94353.255086 0.000000 3441.355932
119895.875559 0.000000 3453.559322
143554.870088 0.000000 3465.762712
164787.177096 0.000000 3477.966102
183404.280271 0.000000 3490.169492
199323.320385 0.000000 3502.372881
212650.018644 0.000000 3514.576271
223563.039645 0.000000 3526.779661
232308.649274 0.000000 3538.983051
239134.762660 0.000000 3551.186441
244282.867589 0.000000 3563.389831
247954.762613 0.000000 3575.593220
250312.329094 0.000000 3587.796610
251463.201677 0.000000 3600.000000
