44954.093213 0.000000 0.000000
45151.993118 0.000000 12.203390
45548.238511 0.000000 24.406780
46143.914093 0.000000 36.610169
46940.591986 0.000000 48.813559
47940.066270 0.000000 61.016949
49145.138231 0.000000 73.220339
50558.476736 0.000000 85.423729
52184.044286 0.000000 97.627119
54025.401277 0.000000 109.830508
56087.692555 0.000000 122.033898
58375.377005 0.000000 134.237288
60894.816868 0.000000 146.440678
63651.374989 0.000000 158.644068
66652.672737 0.000000 170.847458
69904.983402 0.000000 183.050847
73417.235442 0.000000 195.254237
77196.619422 0.000000 207.457627
81253.423398 0.000000 219.661017
85595.760787 0.000000 231.864407
90235.333666 0.000000 244.067797
95181.181865 0.000000 256.271186
100446.472760 0.000000 268.474576
106041.168219 0.000000 280.677966
111979.941959 0.000000 292.881356
118273.656564 0.000000 305.084746
124938.506031 0.000000 317.288136
131986.198186 0.000000 329.491525
139434.410599 0.000000 341.694915
147295.571632 0.000000 353.898305
155588.709613 0.000000 366.101695
164326.721307 0.000000 378.305085
173529.676116 0.000000 390.508475
183210.452065 0.000000 402.711864
193389.536265 0.000000 414.915254
204078.870992 0.000000 427.118644
215298.177256 0.000000 439.322034
227056.778262 0.000000 451.525424
239371.437188 0.000000 463.728814
252245.789679 0.000000 475.932203
265689.640728 0.000000 488.135593
279695.366131 0.000000 500.338983
294258.519457 0.000000 512.542373
309350.104165 0.000000 524.745763
324938.089619 0.000000 536.949153
340953.680589 0.000000 549.152542
357312.803539 0.000000 561.355932
373873.200674 0.000000 573.559322
390453.863166 0.000000 585.762712
406777.802483 0.000000 597.966102
422485.629756 0.000000 610.169492
437056.594366 0.000000 622.372881
449811.364345 0.000000 634.576271
459805.160794 0.000000 646.779661
465822.769631 0.000000 658.983051
466260.617754 0.000000 671.186441
459168.917850 0.000000 683.389831
442242.730424 0.000000 695.593220
413137.800601 0.000000 707.796610
369919.281979 0.000000 720.000000
312049.736967 0.000000 732.203390
241484.079923 0.000000 744.406780
163808.252747 0.000000 756.610169
88249.412352 0.000000 768.813559
29948134.662336 0.000000 781.016949
-2268273.133403 -0.000000 793.220339
-10339309.971277 -0.000000 805.423729
-13693473.164146 -0.000000 817.627119
-13106075.389629 -0.000000 829.830508
-12890666.789955 -0.000000 842.033898
-12821508.672773 -0.000000 854.237288
-12850977.435866 -0.000000 866.440678
-12864335.279536 -0.000000 878.644068
-12811380.226445 -0.000000 890.847458
-12708954.623817 -0.000000 903.050847
-12618675.495906 -0.000000 915.254237
-12600526.428643 -0.000000 927.457627
-12663769.002128 -0.000000 939.661017
-12739239.772252 -0.000000 951.864407
-12775537.804550 -0.000000 964.067797
-12791698.913887 -0.000000 976.271186
-12799953.305014 -0.000000 988.474576
-12792062.421063 -0.000000 1000.677966
-12772112.352912 -0.000000 1012.881356
-12757954.969258 -0.000000 1025.084746
-12758547.798652 -0.000000 1037.288136
-12765770.756470 -0.000000 1049.491525
-12767712.966432 -0.000000 1061.694915
-12762303.174980 -0.000000 1073.898305
-12762393.357440 -0.000000 1086.101695
-12765461.548452 -0.000000 1098.305085
-12760236.893783 -0.000000 1110.508475
-12756590.064613 -0.000000 1122.711864
-12757698.457470 -0.000000 1134.915254
-12756925.747966 -0.000000 1147.118644
-12756722.040792 -0.000000 1159.322034
-12760692.424335 -0.000000 1171.525424
-12764549.978361 -0.000000 1183.728814
-12767219.247326 -0.000000 1195.932203
-12761511.479719 -0.000000 1208.135593
-12751418.366449 -0.000000 1220.338983
-12740146.465442 -0.000000 1232.542373
-12728035.435474 -0.000000 1244.745763
-12716715.444651 -0.000000 1256.949153
-12700747.639398 -0.000000 1269.152542
-12673939.913702 -0.000000 1281.355932
-12640116.141779 -0.000000 1293.559322
-12606904.389155 -0.000000 1305.762712
-12575540.074131 -0.000000 1317.966102
-12539563.067704 -0.000000 1330.169492
-12490792.081170 -0.000000 1342.372881
-12432788.476192 -0.000000 1354.576271
-12357952.461281 -0.000000 1366.779661
-12275825.926269 -0.000000 1378.983051
-12191738.833571 -0.000000 1391.186441
-12105843.684223 -0.000000 1403.389831
-12015474.655874 -0.000000 1415.593220
-11922009.334894 -0.000000 1427.796610
-11825344.357091 -0.000000 1440.000000
-11728047.263580 -0.000000 1452.203390
-11630415.381761 -0.000000 1464.406780
-11533846.637135 -0.000000 1476.610169
-11437848.701428 -0.000000 1488.813559
-11342988.753782 -0.000000 1501.016949
-11248522.026633 -0.000000 1513.220339
-11154868.773972 -0.000000 1525.423729
-11061219.789561 -0.000000 1537.627119
-10968051.781083 -0.000000 1549.830508
-10874458.656482 -0.000000 1562.033898
-10781125.946544 -0.000000 1574.237288
-10687158.775188 -0.000000 1586.440678
-10593727.820671 -0.000000 1598.644068
-10499874.225543 -0.000000 1610.847458
-10406766.608430 -0.000000 1623.050847
-10312364.386330 -0.000000 1635.254237
-10217886.259163 -0.000000 1647.457627
-10122429.062602 -0.000000 1659.661017
-10030670.854984 -0.000000 1671.864407
-9941463.523073 -0.000000 1684.067797
-9853044.949554 -0.000000 1696.271186
-9752195.161438 -0.000000 1708.474576
-9631146.746971 -0.000000 1720.677966
-9479858.920746 -0.000000 1732.881356
-9296508.611760 -0.000000 1745.084746
-9068616.041444 -0.000000 1757.288136
-8778727.757561 -0.000000 1769.491525
-8392026.574059 -0.000000 1781.694915
-7858395.535909 -0.000000 1793.898305
-7108899.987871 -0.000000 1806.101695
-6043447.147360 -0.000000 1818.305085
-4544812.115916 -0.000000 1830.508475
-2461084.733038 -0.000000 1842.711864
351015.431895 0.000000 1854.915254
3921945.418742 0.000000 1867.118644
8297911.295547 0.000000 1879.322034
12063012.011453 0.000000 1891.525424
13375763.007944 0.000000 1903.728814
14092723.347900 0.000000 1915.932203
12594063.103149 0.000000 1928.135593
-4572084.200227 -0.000000 1940.338983
-19104115.542947 -0.000000 1952.542373
-15738838.008491 -0.000000 1964.745763
-48352322.312474 -0.000000 1976.949153
-26074034.557160 -0.000000 1989.152542
-16831879.795854 -0.000000 2001.355932
-14051521.647148 -0.000000 2013.559322
-12749343.010455 -0.000000 2025.762712
-12540211.905089 -0.000000 2037.966102
-13567451.238227 -0.000000 2050.169492
-15081384.284208 -0.000000 2062.372881
-16972240.831188 -0.000000 2074.576271
-20210853.470198 -0.000000 2086.779661
-23781764.092527 -0.000000 2098.983051
-25553117.524511 -0.000000 2111.186441
-5147282901.749624 -0.000000 2123.389831
-3894211.677251 -0.000000 2135.593220
1981749.147940 0.000000 2147.796610
5645800.570687 0.000000 2160.000000
9290198.595281 0.000000 2172.203390
6335836.878925 0.000000 2184.406780
-3567353.832658 -0.000000 2196.610169
-2746184.935274 -0.000000 2208.813559
5953523.691906 0.000000 2221.016949
11207107.200439 0.000000 2233.220339
14108560.445494 0.000000 2245.423729
14162428.695782 0.000000 2257.627119
11554394.162134 0.000000 2269.830508
7437508.338446 0.000000 2282.033898
3425972.977093 0.000000 2294.237288
718553.126892 0.000000 2306.440678
-412459.434475 -0.000000 2318.644068
-263494.801751 -0.000000 2330.847458
641586.717653 0.000000 2343.050847
1893457.190330 0.000000 2355.254237
3202027.124294 0.000000 2367.457627
4445643.374453 0.000000 2379.661017
5567966.558223 0.000000 2391.864407
6555736.506910 0.000000 2404.067797
7396920.395941 0.000000 2416.271186
8102029.888703 0.000000 2428.474576
8693312.524152 0.000000 2440.677966
9195313.655522 0.000000 2452.881356
9628044.078766 0.000000 2465.084746
10004398.468037 0.000000 2477.288136
10334387.155726 0.000000 2489.491525
10624394.980646 0.000000 2501.694915
10880207.435400 0.000000 2513.898305
11106295.044897 0.000000 2526.101695
11306838.713785 0.000000 2538.305085
11485525.454067 0.000000 2550.508475
11645418.470377 0.000000 2562.711864
11789234.406886 0.000000 2574.915254
11918893.493045 0.000000 2587.118644
12035980.618783 0.000000 2599.322034
12141329.095378 0.000000 2611.525424
12235799.165424 0.000000 2623.728814
12319798.081528 0.000000 2635.932203
12394749.063673 0.000000 2648.135593
12461283.777412 0.000000 2660.338983
12522131.710391 0.000000 2672.542373
12577452.151081 0.000000 2684.745763
12631083.761982 0.000000 2696.949153
12681378.808415 0.000000 2709.152542
12732270.471325 0.000000 2721.355932
12776421.675437 0.000000 2733.559322
12812199.774375 0.000000 2745.762712
12824759.387152 0.000000 2757.966102
12822592.643602 0.000000 2770.169492
12813212.165242 0.000000 2782.372881
12803107.678393 0.000000 2794.576271
12725827.988520 0.000000 2806.779661
12478789.719774 0.000000 2818.983051
11959992.336695 0.000000 2831.186441
11115569.971204 0.000000 2843.389831
9893895.578437 0.000000 2855.593220
8088914.773818 0.000000 2867.796610
5427440.892738 0.000000 2880.000000
2009875.130797 0.000000 2892.203390
-239314.659451 -0.000000 2904.406780
1915980.423086 0.000000 2916.610169
13554810.788696 0.000000 2928.813559
27340789.273097 0.000000 2941.016949
30200345.508144 0.000000 2953.220339
30225147.599667 0.000000 2965.423729
30634733.261314 0.000000 2977.627119
30906897.184802 0.000000 2989.830508
31062713.664707 0.000000 3002.033898
30912229.591103 0.000000 3014.237288
30392364.669070 0.000000 3026.440678
30137255.810977 0.000000 3038.644068
29868104.794837 0.000000 3050.847458
29479784.885270 0.000000 3063.050847
29162288.598748 0.000000 3075.254237
28853172.727451 0.000000 3087.457627
28621251.146259 0.000000 3099.661017
28451768.861349 0.000000 3111.864407
28334435.352893 0.000000 3124.067797
28244196.198331 0.000000 3136.271186
28164996.409384 0.000000 3148.474576
28085391.676449 0.000000 3160.677966
28012296.295904 0.000000 3172.881356
27962636.211238 0.000000 3185.084746
27950446.818331 0.000000 3197.288136
28017967.652993 0.000000 3209.491525
28219538.389958 0.000000 3221.694915
28668044.106227 0.000000 3233.898305
28861332.574598 0.000000 3246.101695
28931954.219218 0.000000 3258.305085
30866239.478318 0.000000 3270.508475
33653095.499418 0.000000 3282.711864
34005928.156518 0.000000 3294.915254
32752383.395266 0.000000 3307.118644
30745408.840634 0.000000 3319.322034
27718704.249877 0.000000 3331.525424
29273870.486630 0.000000 3343.728814
13197658.718013 0.000000 3355.932203
7409109.205858 0.000000 3368.135593
254042.069123 0.000000 3380.338983
17161.965480 0.000000 3392.542373
34514.454162 0.000000 3404.745763
46864.020480 0.000000 3416.949153
58503.577863 0.000000 3429.152542
68743.212670 0.000000 3441.355932
77571.259892 0.000000 3453.559322
85077.526584 0.000000 3465.762712
91286.271462 0.000000 3477.966102
96371.651924 0.000000 3490.169492
100435.532019 0.000000 3502.372881
103663.981428 0.000000 3514.576271
106167.868687 0.000000 3526.779661
108097.762155 0.000000 3538.983051
109541.025084 0.000000 3551.186441
110600.655285 0.000000 3563.389831
111333.271662 0.000000 3575.593220
111797.333643 0.000000 3587.796610
112019.930006 0.000000 3600.000000
