28816.810063 0.000000 0.000000
28830.514563 0.000000 12.203390
28857.902899 0.000000 24.406780
28899.087847 0.000000 36.610169
28954.164884 0.000000 48.813559
29023.092949 0.000000 61.016949
29106.138224 0.000000 73.220339
29203.207561 0.000000 85.423729
29314.664216 0.000000 97.627119
29440.356479 0.000000 109.830508
29580.723558 0.000000 122.033898
29735.538064 0.000000 134.237288
29905.296665 0.000000 146.440678
30089.675637 0.000000 158.644068
30289.209626 0.000000 170.847458
30503.457925 0.000000 183.050847
30732.975307 0.000000 195.254237
30977.184964 0.000000 207.457627
31236.646581 0.000000 219.661017
31510.630950 0.000000 231.864407
31799.691604 0.000000 244.067797
32102.935231 0.000000 256.271186
32420.903359 0.000000 268.474576
32752.531947 0.000000 280.677966
33098.350932 0.000000 292.881356
33457.124501 0.000000 305.084746
33829.376731 0.000000 317.288136
34213.704516 0.000000 329.491525
34610.637418 0.000000 341.694915
35018.614247 0.000000 353.898305
35438.186975 0.000000 366.101695
35867.648484 0.000000 378.305085
36307.592266 0.000000 390.508475
36756.181038 0.000000 402.711864
37214.071490 0.000000 414.915254
37679.311520 0.000000 427.118644
38152.644410 0.000000 439.322034
38632.018839 0.000000 451.525424
39118.286291 0.000000 463.728814
39609.311479 0.000000 475.932203
40106.074898 0.000000 488.135593
40606.368731 0.000000 500.338983
41111.322518 0.000000 512.542373
41618.665646 0.000000 524.745763
42129.693410 0.000000 536.949153
42642.080417 0.000000 549.152542
43157.303101 0.000000 561.355932
43672.984469 0.000000 573.559322
44190.796041 0.000000 585.762712
44708.313462 0.000000 597.966102
45227.414903 0.000000 610.169492
45745.628573 0.000000 622.372881
46265.052032 0.000000 634.576271
46783.165981 0.000000 646.779661
47302.298320 0.000000 658.983051
47819.882084 0.000000 671.186441
48338.487731 0.000000 683.389831
48855.499497 0.000000 695.593220
49373.743771 0.000000 707.796610
49890.556328 0.000000 720.000000
50409.034325 0.000000 732.203390
50926.466681 0.000000 744.406780
51446.238340 0.000000 756.610169
51965.593815 0.000000 768.813559
52488.227046 0.000000 781.016949
53011.343660 0.000000 793.220339
53538.969334 0.000000 805.423729
54068.280994 0.000000 817.627119
54603.664279 0.000000 829.830508
55142.276906 0.000000 842.033898
55688.896864 0.000000 854.237288
56240.679188 0.000000 866.440678
56802.829964 0.000000 878.644068
57372.519103 0.000000 890.847458
57955.420074 0.000000 903.050847
58548.739377 0.000000 915.254237
59158.660443 0.000000 927.457627
59782.446782 0.000000 939.661017
60426.836246 0.000000 951.864407
61089.171696 0.000000 964.067797
61776.789093 0.000000 976.271186
62487.131065 0.000000 988.474576
63228.171997 0.000000 1000.677966
63997.470703 0.000000 1012.881356
64803.679361 0.000000 1025.084746
65644.483915 0.000000 1037.288136
66529.243906 0.000000 1049.491525
67455.775283 0.000000 1061.694915
68434.169175 0.000000 1073.898305
69462.366727 0.000000 1086.101695
70551.202552 0.000000 1098.305085
71698.726881 0.000000 1110.508475
72916.520637 0.000000 1122.711864
74202.716972 0.000000 1134.915254
75569.632030 0.000000 1147.118644
77015.443585 0.000000 1159.322034
78553.180664 0.000000 1171.525424
80181.018425 0.000000 1183.728814
81912.663204 0.000000 1195.932203
83746.231805 0.000000 1208.135593
85696.061900 0.000000 1220.338983
87760.148033 0.000000 1232.542373
89953.402737 0.000000 1244.745763
92273.634500 0.000000 1256.949153
94736.265162 0.000000 1269.152542
97338.849568 0.000000 1281.355932
100097.245835 0.000000 1293.559322
103008.691009 0.000000 1305.762712
106089.393804 0.000000 1317.966102
109336.208245 0.000000 1330.169492
112765.590078 0.000000 1342.372881
116373.936752 0.000000 1354.576271
120177.813395 0.000000 1366.779661
124173.060099 0.000000 1378.983051
128376.147275 0.000000 1391.186441
132782.202535 0.000000 1403.389831
137407.279543 0.000000 1415.593220
142245.520011 0.000000 1427.796610
147312.050051 0.000000 1440.000000
152599.552019 0.000000 1452.203390
158121.400904 0.000000 1464.406780
163868.023958 0.000000 1476.610169
169849.755281 0.000000 1488.813559
176053.469857 0.000000 1501.016949
182484.483344 0.000000 1513.220339
189124.091298 0.000000 1525.423729
195969.642649 0.000000 1537.627119
202993.781728 0.000000 1549.830508
210181.592297 0.000000 1562.033898
217492.551709 0.000000 1574.237288
224893.351177 0.000000 1586.440678
232323.799415 0.000000 1598.644068
239723.590956 0.000000 1610.847458
247003.663010 0.000000 1623.050847
254064.772154 0.000000 1635.254237
260776.064501 0.000000 1647.457627
266982.891704 0.000000 1659.661017
272494.554671 0.000000 1671.864407
277078.338397 0.000000 1684.067797
280458.434086 0.000000 1696.271186
282292.870291 0.000000 1708.474576
282185.277153 0.000000 1720.677966
279641.538288 0.000000 1732.881356
274094.911864 0.000000 1745.084746
264840.603530 0.000000 1757.288136
251071.863734 0.000000 1769.491525
231795.157183 0.000000 1781.694915
205868.267370 0.000000 1793.898305
171910.581412 0.000000 1806.101695
128319.828142 0.000000 1818.305085
73221.070695 0.000000 1830.508475
4407.591992 0.000000 1842.711864
-80559.264005 -0.000000 1854.915254
-184605.853801 -0.000000 1867.118644
-310627.388831 -0.000000 1879.322034
-462196.837841 -0.000000 1891.525424
-642020.102891 -0.000000 1903.728814
-853595.262454 -0.000000 1915.932203
-1097349.493328 -0.000000 1928.135593
-1373944.161695 -0.000000 1940.338983
-1675471.438624 -0.000000 1952.542373
-1989663.170271 -0.000000 1964.745763
-2280143.862536 -0.000000 1976.949153
-2464221.138902 -0.000000 1989.152542
-2428644.769372 -0.000000 2001.355932
-6137149.498842 -0.000000 2013.559322
-12569897.164930 -0.000000 2025.762712
-17114152.429302 -0.000000 2037.966102
-2063854021.625445 -0.000000 2050.169492
-1972493.667372 -0.000000 2062.372881
2600596.235993 0.000000 2074.576271
2290985.430563 0.000000 2086.779661
867767.797591 0.000000 2098.983051
-708471.164730 -0.000000 2111.186441
-3446471.100856 -0.000000 2123.389831
-6670525.551958 -0.000000 2135.593220
-9248875.011282 -0.000000 2147.796610
-10499998.305426 -0.000000 2160.000000
-10433823.798846 -0.000000 2172.203390
-9322226.446169 -0.000000 2184.406780
-7573978.988366 -0.000000 2196.610169
-5580846.342936 -0.000000 2208.813559
-3650156.407703 -0.000000 2221.016949
-1893674.694261 -0.000000 2233.220339
-356315.830288 -0.000000 2245.423729
1004442.612641 0.000000 2257.627119
2210163.485724 0.000000 2269.830508
3306003.043776 0.000000 2282.033898
4303968.835504 0.000000 2294.237288
5226643.272084 0.000000 2306.440678
6075721.247322 0.000000 2318.644068
6861651.209448 0.000000 2330.847458
7584285.262097 0.000000 2343.050847
8249831.958741 0.000000 2355.254237
8859436.505387 0.000000 2367.457627
9417974.967461 0.000000 2379.661017
9928022.493913 0.000000 2391.864407
10393743.674305 0.000000 2404.067797
10818405.993931 0.000000 2416.271186
11205474.516049 0.000000 2428.474576
11558441.768568 0.000000 2440.677966
11880271.865321 0.000000 2452.881356
12174725.988025 0.000000 2465.084746
12444359.346580 0.000000 2477.288136
12692330.194319 0.000000 2489.491525
12916862.143084 0.000000 2501.694915
13110059.522305 0.000000 2513.898305
13248697.092935 0.000000 2526.101695
13310578.714172 0.000000 2538.305085
13303134.753706 0.000000 2550.508475
13297851.919701 0.000000 2562.711864
13367385.924255 0.000000 2574.915254
13497612.948291 0.000000 2587.118644
13557637.799010 0.000000 2599.322034
13402912.304005 0.000000 2611.525424
12910181.977673 0.000000 2623.728814
11975722.178647 0.000000 2635.932203
10387508.417504 0.000000 2648.135593
7818415.038001 0.000000 2660.338983
4081589.260547 0.000000 2672.542373
417426.988048 0.000000 2684.745763
-341945.180162 -0.000000 2696.949153
7429914.362016 0.000000 2709.152542
22854513.134414 0.000000 2721.355932
29333900.574960 0.000000 2733.559322
29096793.630815 0.000000 2745.762712
29485175.539137 0.000000 2757.966102
30035348.924581 0.000000 2770.169492
30293254.050371 0.000000 2782.372881
30404356.746612 0.000000 2794.576271
30107584.955988 0.000000 2806.779661
29703931.544983 0.000000 2818.983051
29633030.469524 0.000000 2831.186441
29389358.314444 0.000000 2843.389831
29054760.159712 0.000000 2855.593220
28770578.312527 0.000000 2867.796610
28495678.746174 0.000000 2880.000000
28294217.048025 0.000000 2892.203390
28144397.155468 0.000000 2904.406780
28031304.540454 0.000000 2916.610169
27931151.562611 0.000000 2928.813559
27834320.202673 0.000000 2941.016949
27741246.044650 0.000000 2953.220339
27664340.049186 0.000000 2965.423729
27619424.682534 0.000000 2977.627119
27650515.042646 0.000000 2989.830508
27802192.556672 0.000000 3002.033898
28167628.968578 0.000000 3014.237288
28441383.436809 0.000000 3026.440678
28376868.772010 0.000000 3038.644068
29556208.206911 0.000000 3050.847458
32209375.435840 0.000000 3063.050847
33396461.934697 0.000000 3075.254237
32608279.218071 0.000000 3087.457627
30914557.663665 0.000000 3099.661017
29420484.646027 0.000000 3111.864407
28510521.228864 0.000000 3124.067797
26320900.736872 0.000000 3136.271186
138460.312628 0.000000 3148.474576
12278276.899641 0.000000 3160.677966
22246.504055 0.000000 3172.881356
41423.185316 0.000000 3185.084746
62387.300728 0.000000 3197.288136
83578.707624 0.000000 3209.491525
104139.675355 0.000000 3221.694915
123082.590538 0.000000 3233.898305
139877.193510 0.000000 3246.101695
154166.694120 0.000000 3258.305085
165895.634382 0.000000 3270.508475
175130.254026 0.000000 3282.711864
182091.561679 0.000000 3294.915254
187024.204430 0.000000 3307.118644
190229.818457 0.000000 3319.322034
191974.873354 0.000000 3331.525424
192537.318768 0.000000 3343.728814
192139.777278 0.000000 3355.932203
191002.482996 0.000000 3368.135593
189290.609426 0.000000 3380.338983
187166.556132 0.000000 3392.542373
184745.307291 0.000000 3404.745763
182142.458902 0.000000 3416.949153
179435.065379 0.000000 3429.152542
176704.058828 0.000000 3441.355932
173999.770914 0.000000 3453.559322
171378.455503 0.000000 3465.762712
168872.333523 0.000000 3477.966102
166520.331696 0.000000 3490.169492
164342.685589 0.000000 3502.372881
162366.118486 0.000000 3514.576271
160603.054936 0.000000 3526.779661
159071.469929 0.000000 3538.983051
157778.733424 0.000000 3551.186441
156736.332314 0.000000 3563.389831
155948.325045 0.000000 3575.593220
155421.170382 0.000000 3587.796610
155156.529809 0.000000 3600.000000
