190575.469734 0.000000 0.000000
191242.252121 0.000000 12.203390
192576.980667 0.000000 24.406780
194582.564534 0.000000 36.610169
197262.674519 0.000000 48.813559
200622.838140 0.000000 61.016949
204669.345545 0.000000 73.220339
209410.398403 0.000000 85.423729
214854.917461 0.000000 97.627119
221013.683284 0.000000 109.830508
227898.320954 0.000000 122.033898
235522.016531 0.000000 134.237288
243899.151962 0.000000 146.440678
253045.029332 0.000000 158.644068
262976.752880 0.000000 170.847458
273711.263217 0.000000 183.050847
285268.157198 0.000000 195.254237
297665.218539 0.000000 207.457627
310923.919497 0.000000 219.661017
325061.541024 0.000000 231.864407
340100.085932 0.000000 244.067797
356054.028175 0.000000 256.271186
372943.219798 0.000000 268.474576
390775.311457 0.000000 280.677966
409562.901554 0.000000 292.881356
429299.707758 0.000000 305.084746
449981.576231 0.000000 317.288136
471575.516364 0.000000 329.491525
494043.116921 0.000000 341.694915
517301.416149 0.000000 353.898305
541245.550665 0.000000 366.101695
565699.832665 0.000000 378.305085
590433.765749 0.000000 390.508475
615100.187995 0.000000 402.711864
639234.946153 0.000000 414.915254
662176.442103 0.000000 427.118644
683035.520880 0.000000 439.322034
700590.598610 0.000000 451.525424
713219.874385 0.000000 463.728814
718788.586959 0.000000 475.932203
714592.672301 0.000000 488.135593
697375.777599 0.000000 500.338983
663554.876356 0.000000 512.542373
609824.852178 0.000000 524.745763
534248.425004 0.000000 536.949153
437875.338588 0.000000 549.152542
326368.719530 0.000000 561.355932
210843.212106 0.000000 573.559322
106636.992513 0.000000 585.762712
278617408.358257 0.000000 597.966102
-4045203.074100 -0.000000 610.169492
-11243905.831074 -0.000000 622.372881
-13627043.955934 -0.000000 634.576271
-13247473.244454 -0.000000 646.779661
-12994845.159198 -0.000000 658.983051
-12908730.008039 -0.000000 671.186441
-12918205.601847 -0.000000 683.389831
-12904398.973700 -0.000000 695.593220
-12829464.595757 -0.000000 707.796610
-12697778.229372 -0.000000 720.000000
-12588280.003484 -0.000000 732.203390
-12637739.833584 -0.000000 744.406780
-12740610.356533 -0.000000 756.610169
-12776588.654870 -0.000000 768.813559
-12782711.930936 -0.000000 781.016949
-12776411.961808 -0.000000 793.220339
-12754958.533029 -0.000000 805.423729
-12725845.977185 -0.000000 817.627119
-12690845.215551 -0.000000 829.830508
-12657572.820814 -0.000000 842.033898
-12627896.578572 -0.000000 854.237288
-12589485.528366 -0.000000 866.440678
-12517889.292730 -0.000000 878.644068
-12406140.817025 -0.000000 890.847458
-12265280.572862 -0.000000 903.050847
-12106939.053685 -0.000000 915.254237
-11946386.217359 -0.000000 927.457627
-11784070.463779 -0.000000 939.661017
-11626419.937501 -0.000000 951.864407
-11478266.407026 -0.000000 964.067797
-11346410.371293 -0.000000 976.271186
-11223648.407127 -0.000000 988.474576
-11098411.586995 -0.000000 1000.677966
-10955980.479704 -0.000000 1012.881356
-10796420.405221 -0.000000 1025.084746
-10626186.022460 -0.000000 1037.288136
-10460755.303299 -0.000000 1049.491525
-10309045.770299 -0.000000 1061.694915
-10173538.022047 -0.000000 1073.898305
-10037425.407310 -0.000000 1086.101695
-9887032.309539 -0.000000 1098.305085
-9721206.995022 -0.000000 1110.508475
-9555814.324295 -0.000000 1122.711864
-9397334.828205 -0.000000 1134.915254
-9246471.350993 -0.000000 1147.118644
-9096680.680886 -0.000000 1159.322034
-8945767.217963 -0.000000 1171.525424
-8790580.695068 -0.000000 1183.728814
-8632690.939254 -0.000000 1195.932203
-8474524.522211 -0.000000 1208.135593
-8322926.924328 -0.000000 1220.338983
-8182303.895508 -0.000000 1232.542373
-8051755.856352 -0.000000 1244.745763
-7921710.371930 -0.000000 1256.949153
-7782404.981411 -0.000000 1269.152542
-7630139.284615 -0.000000 1281.355932
-7469452.452470 -0.000000 1293.559322
-7306747.557171 -0.000000 1305.762712
-7146929.007630 -0.000000 1317.966102
-6991270.012806 -0.000000 1330.169492
-6839663.030884 -0.000000 1342.372881
-6690760.730440 -0.000000 1354.576271
-6543850.055517 -0.000000 1366.779661
-6397376.853010 -0.000000 1378.983051
-6250677.729708 -0.000000 1391.186441
-6101261.996947 -0.000000 1403.389831
-5942718.648811 -0.000000 1415.593220
-5763991.410127 -0.000000 1427.796610
-5576120.378593 -0.000000 1440.000000
-5418962.522125 -0.000000 1452.203390
-5288162.133685 -0.000000 1464.406780
-5146752.418324 -0.000000 1476.610169
-4997312.451099 -0.000000 1488.813559
-4859537.612989 -0.000000 1501.016949
-4737948.205487 -0.000000 1513.220339
-4622571.511543 -0.000000 1525.423729
-4496742.946873 -0.000000 1537.627119
-4351488.363663 -0.000000 1549.830508
-4188883.252857 -0.000000 1562.033898
-4019148.824408 -0.000000 1574.237288
-3851213.956088 -0.000000 1586.440678
-3689851.838313 -0.000000 1598.644068
-3535201.366345 -0.000000 1610.847458
-3385918.717832 -0.000000 1623.050847
-3240010.602972 -0.000000 1635.254237
-3096275.966182 -0.000000 1647.457627
-2953713.958098 -0.000000 1659.661017
-2811980.966973 -0.000000 1671.864407
-2670745.554202 -0.000000 1684.067797
-2530005.066548 -0.000000 1696.271186
-2389638.496203 -0.000000 1708.474576
-2249651.736224 -0.000000 1720.677966
-2109820.690851 -0.000000 1732.881356
-1969862.481987 -0.000000 1745.084746
-1829029.775738 -0.000000 1757.288136
-1686129.409440 -0.000000 1769.491525
-1538906.744002 -0.000000 1781.694915
-1383585.572485 -0.000000 1793.898305
-1213840.388689 -0.000000 1806.101695
-1019003.145761 -0.000000 1818.305085
-782340.492247 -0.000000 1830.508475
-476281.067266 -0.000000 1842.711864
-59724.545718 -0.000000 1854.915254
530864.900639 0.000000 1867.118644
1384273.212504 0.000000 1879.322034
2611555.394414 0.000000 1891.525424
4363436.059110 0.000000 1903.728814
6597882.121707 0.000000 1915.932203
9598579.340418 0.000000 1928.135593
12667128.343632 0.000000 1940.338983
13557321.582675 0.000000 1952.542373
13873042.056829 0.000000 1964.745763
12557460.125247 0.000000 1976.949153
-839948.745685 -0.000000 1989.152542
-15495035.042143 -0.000000 2001.355932
-18700370.176634 -0.000000 2013.559322
-24954573.705366 -0.000000 2025.762712
-21285784.228780 -0.000000 2037.966102
-11345702.243558 -0.000000 2050.169492
-14318958.518528 -0.000000 2062.372881
-21506621.715271 -0.000000 2074.576271
-16016879.363048 -0.000000 2086.779661
-13755813.517719 -0.000000 2098.983051
-12843236.412031 -0.000000 2111.186441
-12985968.894777 -0.000000 2123.389831
-14021425.776934 -0.000000 2135.593220
-16649215.328179 -0.000000 2147.796610
-16208563.780578 -0.000000 2160.000000
-7921445.322635 -0.000000 2172.203390
-15125235.638656 -0.000000 2184.406780
-22503605.891235 -0.000000 2196.610169
-27146219.518909 -0.000000 2208.813559
-27160514.560674 -0.000000 2221.016949
-34118051.612827 -0.000000 2233.220339
-562972706.215974 -0.000000 2245.423729
-21134902.864379 -0.000000 2257.627119
5852617.197242 0.000000 2269.830508
7407792.903466 0.000000 2282.033898
6688714.670320 0.000000 2294.237288
4634219.473911 0.000000 2306.440678
1759442.027790 0.000000 2318.644068
-454620.844094 -0.000000 2330.847458
-1470134.565356 -0.000000 2343.050847
-1337880.138864 -0.000000 2355.254237
-492597.284839 -0.000000 2367.457627
720496.024542 0.000000 2379.661017
2008010.807386 0.000000 2391.864407
3249012.202968 0.000000 2404.067797
4364476.532481 0.000000 2416.271186
5355738.133156 0.000000 2428.474576
6223419.697985 0.000000 2440.677966
6992224.647956 0.000000 2452.881356
7674524.608925 0.000000 2465.084746
8287715.491722 0.000000 2477.288136
8839836.245485 0.000000 2489.491525
9340424.239003 0.000000 2501.694915
9793677.631399 0.000000 2513.898305
10205699.685888 0.000000 2526.101695
10578967.103970 0.000000 2538.305085
10918372.197040 0.000000 2550.508475
11225257.634225 0.000000 2562.711864
11503883.009732 0.000000 2574.915254
11754982.188384 0.000000 2587.118644
11982687.568675 0.000000 2599.322034
12187518.715675 0.000000 2611.525424
12373402.485575 0.000000 2623.728814
12540531.780662 0.000000 2635.932203
12692402.713854 0.000000 2648.135593
12828901.155832 0.000000 2660.338983
12953139.663638 0.000000 2672.542373
13064844.187362 0.000000 2684.745763
13166909.159401 0.000000 2696.949153
13259135.834206 0.000000 2709.152542
13344528.992546 0.000000 2721.355932
13423208.016577 0.000000 2733.559322
13498260.905524 0.000000 2745.762712
13569257.743599 0.000000 2757.966102
13636344.075051 0.000000 2770.169492
13692217.015250 0.000000 2782.372881
13726494.070395 0.000000 2794.576271
13728022.796769 0.000000 2806.779661
13696090.510976 0.000000 2818.983051
13624779.537459 0.000000 2831.186441
13467846.264766 0.000000 2843.389831
13145746.958794 0.000000 2855.593220
12565551.445481 0.000000 2867.796610
11599900.406165 0.000000 2880.000000
9997315.340195 0.000000 2892.203390
7428686.509832 0.000000 2904.406780
3839035.555676 0.000000 2916.610169
455496.968092 0.000000 2928.813559
205947.352308 0.000000 2941.016949
7948472.265536 0.000000 2953.220339
22922949.437941 0.000000 2965.423729
30457559.556877 0.000000 2977.627119
30285738.524198 0.000000 2989.830508
30486531.264433 0.000000 3002.033898
30930672.247299 0.000000 3014.237288
31085158.904144 0.000000 3026.440678
31160399.432892 0.000000 3038.644068
30719155.878979 0.000000 3050.847458
30286964.766499 0.000000 3063.050847
30146762.860042 0.000000 3075.254237
29749851.017925 0.000000 3087.457627
29419333.716976 0.000000 3099.661017
29148656.893609 0.000000 3111.864407
28909652.090932 0.000000 3124.067797
28745648.727712 0.000000 3136.271186
28612954.449410 0.000000 3148.474576
28500356.651286 0.000000 3160.677966
28391918.264205 0.000000 3172.881356
28286915.385377 0.000000 3185.084746
28181833.362805 0.000000 3197.288136
28092997.317967 0.000000 3209.491525
28036651.133471 0.000000 3221.694915
28057403.007795 0.000000 3233.898305
28191800.008562 0.000000 3246.101695
28589791.509446 0.000000 3258.305085
29004680.661737 0.000000 3270.508475
28840168.192124 0.000000 3282.711864
30040849.429809 0.000000 3294.915254
33105510.932311 0.000000 3307.118644
34302315.408862 0.000000 3319.322034
33315727.344638 0.000000 3331.525424
31315030.982896 0.000000 3343.728814
29407640.048548 0.000000 3355.932203
28496356.300110 0.000000 3368.135593
23836000.163451 0.000000 3380.338983
915445.277413 0.000000 3392.542373
12149435.193699 0.000000 3404.745763
30843.447787 0.000000 3416.949153
52657.615775 0.000000 3429.152542
74143.896547 0.000000 3441.355932
94227.700965 0.000000 3453.559322
112884.339699 0.000000 3465.762712
129582.704953 0.000000 3477.966102
144234.953955 0.000000 3490.169492
156751.588011 0.000000 3502.372881
167232.077654 0.000000 3514.576271
175811.073685 0.000000 3526.779661
182686.763134 0.000000 3538.983051
188052.716145 0.000000 3551.186441
192099.788406 0.000000 3563.389831
194986.374002 0.000000 3575.593220
196839.775657 0.000000 3587.796610
197744.559009 0.000000 3600.000000
