7054.013682 0.000000 0.000000
7062.323578 0.000000 12.203390
7078.891519 0.000000 24.406780
7103.946958 0.000000 36.610169
7137.501187 0.000000 48.813559
7179.745197 0.000000 61.016949
7230.821187 0.000000 73.220339
7291.002710 0.000000 85.423729
7360.504812 0.000000 97.627119
7439.699444 0.000000 109.830508
7528.876565 0.000000 122.033898
7628.517093 0.000000 134.237288
7738.995216 0.000000 146.440678
7860.911684 0.000000 158.644068
7994.736103 0.000000 170.847458
8141.202460 0.000000 183.050847
8300.889386 0.000000 195.254237
8474.679461 0.000000 207.457627
8663.275984 0.000000 219.661017
8867.727028 0.000000 231.864407
9088.877673 0.000000 244.067797
9327.960290 0.000000 256.271186
9585.980142 0.000000 268.474576
9864.373678 0.000000 280.677966
10164.326628 0.000000 292.881356
10487.500302 0.000000 305.084746
10835.280989 0.000000 317.288136
11209.577239 0.000000 329.491525
11611.997486 0.000000 341.694915
12044.720075 0.000000 353.898305
12509.598850 0.000000 366.101695
13009.105867 0.000000 378.305085
13545.363683 0.000000 390.508475
14121.164123 0.000000 402.711864
14738.924543 0.000000 414.915254
15401.782972 0.000000 427.118644
16112.480364 0.000000 439.322034
16874.531310 0.000000 451.525424
17691.030370 0.000000 463.728814
18565.901923 0.000000 475.932203
19502.629245 0.000000 488.135593
20505.581582 0.000000 500.338983
21578.670159 0.000000 512.542373
22726.749492 0.000000 524.745763
23954.200708 0.000000 536.949153
25266.407612 0.000000 549.152542
26668.269487 0.000000 561.355932
28165.745809 0.000000 573.559322
29764.306500 0.000000 585.762712
31470.538849 0.000000 597.966102
33290.539994 0.000000 610.169492
35231.578813 0.000000 622.372881
37300.442292 0.000000 634.576271
39505.138365 0.000000 646.779661
41853.210475 0.000000 658.983051
44353.466457 0.000000 671.186441
47014.277911 0.000000 683.389831
49845.314557 0.000000 695.593220
52855.854073 0.000000 707.796610
56056.493252 0.000000 720.000000
59457.498923 0.000000 732.203390
63070.461681 0.000000 744.406780
66906.726941 0.000000 756.610169
70978.947407 0.000000 768.813559
75299.644633 0.000000 781.016949
79882.603355 0.000000 793.220339
84741.625687 0.000000 805.423729
89891.700099 0.000000 817.627119
95348.023923 0.000000 829.830508
101126.860310 0.000000 842.033898
107244.926057 0.000000 854.237288
113719.832026 0.000000 866.440678
120569.949493 0.000000 878.644068
127814.309749 0.000000 890.847458
135473.085051 0.000000 903.050847
143566.797579 0.000000 915.254237
152117.578675 0.000000 927.457627
161147.507920 0.000000 939.661017
170680.842250 0.000000 951.864407
180741.278251 0.000000 964.067797
191355.367871 0.000000 976.271186
202548.467678 0.000000 988.474576
214349.582959 0.000000 1000.677966
226785.743138 0.000000 1012.881356
239888.533444 0.000000 1025.084746
253686.610809 0.000000 1037.288136
268214.189379 0.000000 1049.491525
283501.402188 0.000000 1061.694915
299584.987956 0.000000 1073.898305
316496.210961 0.000000 1086.101695
334273.943629 0.000000 1098.305085
352949.883918 0.000000 1110.508475
372564.122251 0.000000 1122.711864
393147.453476 0.000000 1134.915254
414739.332445 0.000000 1147.118644
437367.152073 0.000000 1159.322034
461066.193946 0.000000 1171.525424
485855.834075 0.000000 1183.728814
511760.621459 0.000000 1195.932203
538783.407601 0.000000 1208.135593
566925.971549 0.000000 1220.338983
596158.921745 0.000000 1232.542373
626439.178152 0.000000 1244.745763
657675.929778 0.000000 1256.949153
689740.491358 0.000000 1269.152542
722426.158687 0.000000 1281.355932
755443.051991 0.000000 1293.559322
788366.706082 0.000000 1305.762712
820605.955149 0.000000 1317.966102
851330.148727 0.000000 1330.169492
879392.879765 0.000000 1342.372881
903224.591304 0.000000 1354.576271
920699.843656 0.000000 1366.779661
929006.818330 0.000000 1378.983051
924518.397315 0.000000 1391.186441
902815.936801 0.000000 1403.389831
858949.731584 0.000000 1415.593220
788301.740329 0.000000 1427.796610
688161.533053 0.000000 1440.000000
560147.577968 0.000000 1452.203390
412600.513315 0.000000 1464.406780
261606.116657 0.000000 1476.610169
128665.234915 0.000000 1488.813559
83191612.224747 0.000000 1501.016949
-1145078.400270 -0.000000 1513.220339
-7039382.058807 -0.000000 1525.423729
-12618678.524091 -0.000000 1537.627119
-13452942.470136 -0.000000 1549.830508
-13057671.638184 -0.000000 1562.033898
-12940727.552054 -0.000000 1574.237288
-12932297.812819 -0.000000 1586.440678
-12927554.926883 -0.000000 1598.644068
-12831410.480074 -0.000000 1610.847458
-12561257.245005 -0.000000 1623.050847
-12314582.064244 -0.000000 1635.254237
-12289895.467327 -0.000000 1647.457627
-12268222.686474 -0.000000 1659.661017
-12162581.414062 -0.000000 1671.864407
-12029969.066092 -0.000000 1684.067797
-11841988.594729 -0.000000 1696.271186
-11564957.266399 -0.000000 1708.474576
-11154636.352574 -0.000000 1720.677966
-10568247.225047 -0.000000 1732.881356
-9753282.441802 -0.000000 1745.084746
-8642381.128267 -0.000000 1757.288136
-7144361.474416 -0.000000 1769.491525
-5150643.869732 -0.000000 1781.694915
-2564023.541694 -0.000000 1793.898305
658543.732158 0.000000 1806.101695
4382496.041864 0.000000 1818.305085
8320845.097731 0.000000 1830.508475
11779220.302235 0.000000 1842.711864
13412476.751991 0.000000 1854.915254
13394338.217988 0.000000 1867.118644
8464937.989805 0.000000 1879.322034
-5726069.881264 -0.000000 1891.525424
-16242994.631933 -0.000000 1903.728814
-27048348.712084 -0.000000 1915.932203
-56781300.741450 -0.000000 1928.135593
-22273415.050122 -0.000000 1940.338983
-15557641.939197 -0.000000 1952.542373
-13608773.039712 -0.000000 1964.745763
-13629796.925126 -0.000000 1976.949153
-15329831.035324 -0.000000 1989.152542
-17621004.258712 -0.000000 2001.355932
-19924310.717013 -0.000000 2013.559322
-22194314.065228 -0.000000 2025.762712
-24349192.709701 -0.000000 2037.966102
-26573345.805017 -0.000000 2050.169492
-28859426.417982 -0.000000 2062.372881
-32283228.663614 -0.000000 2074.576271
-32023661.168847 -0.000000 2086.779661
-28254621.532128 -0.000000 2098.983051
-7370628431.485388 -0.000000 2111.186441
-6537859.929520 -0.000000 2123.389831
-11918085.956278 -0.000000 2135.593220
-4546744.270379 -0.000000 2147.796610
285790946.517335 0.000000 2160.000000
9754088.756951 0.000000 2172.203390
6309934.766636 0.000000 2184.406780
15578248.402937 0.000000 2196.610169
69777060.427537 0.000000 2208.813559
62053436.808956 0.000000 2221.016949
10453605.347450 0.000000 2233.220339
12246535.129904 0.000000 2245.423729
10144436.635998 0.000000 2257.627119
7244481.780996 0.000000 2269.830508
4412613.321863 0.000000 2282.033898
2505105.068041 0.000000 2294.237288
1809505.785675 0.000000 2306.440678
2034562.257528 0.000000 2318.644068
2801597.327143 0.000000 2330.847458
3800926.984263 0.000000 2343.050847
4839282.404061 0.000000 2355.254237
5821014.354398 0.000000 2367.457627
6711914.713168 0.000000 2379.661017
7483357.192582 0.000000 2391.864407
8110998.257819 0.000000 2404.067797
8605200.955453 0.000000 2416.271186
9002082.658822 0.000000 2428.474576
9353268.678331 0.000000 2440.677966
9688282.881137 0.000000 2452.881356
10025578.582721 0.000000 2465.084746
10336582.140787 0.000000 2477.288136
10599224.223943 0.000000 2489.491525
10800611.042450 0.000000 2501.694915
10959451.613542 0.000000 2513.898305
11086469.361650 0.000000 2526.101695
11195346.341981 0.000000 2538.305085
11288577.006957 0.000000 2550.508475
11371004.484938 0.000000 2562.711864
11443670.318615 0.000000 2574.915254
11508804.138720 0.000000 2587.118644
11567009.023742 0.000000 2599.322034
11617429.470052 0.000000 2611.525424
11655143.288357 0.000000 2623.728814
11673583.001732 0.000000 2635.932203
11671376.926122 0.000000 2648.135593
11668834.079565 0.000000 2660.338983
11692727.429874 0.000000 2672.542373
11746444.267186 0.000000 2684.745763
11792667.478176 0.000000 2696.949153
11800894.986700 0.000000 2709.152542
11771259.696181 0.000000 2721.355932
11734712.005462 0.000000 2733.559322
11713844.437915 0.000000 2745.762712
11719170.605074 0.000000 2757.966102
11747197.825200 0.000000 2770.169492
11770988.783793 0.000000 2782.372881
11724431.840631 0.000000 2794.576271
11508382.149560 0.000000 2806.779661
11026362.718074 0.000000 2818.983051
10184304.410675 0.000000 2831.186441
8896352.556432 0.000000 2843.389831
6970259.027640 0.000000 2855.593220
4260107.431929 0.000000 2867.796610
1034483.020174 0.000000 2880.000000
-821463.172815 -0.000000 2892.203390
1804348.114672 0.000000 2904.406780
13260758.817439 0.000000 2916.610169
26686927.157285 0.000000 2928.813559
29923804.661989 0.000000 2941.016949
29942932.979015 0.000000 2953.220339
30237879.270120 0.000000 2965.423729
30573044.786779 0.000000 2977.627119
30768089.114154 0.000000 2989.830508
30531025.710125 0.000000 3002.033898
30080129.464036 0.000000 3014.237288
29896958.648582 0.000000 3026.440678
29593274.693526 0.000000 3038.644068
29209508.593043 0.000000 3050.847458
28900095.095982 0.000000 3063.050847
28589529.981225 0.000000 3075.254237
28359631.090628 0.000000 3087.457627
28181871.605492 0.000000 3099.661017
28052651.379976 0.000000 3111.864407
27940694.420743 0.000000 3124.067797
27844761.717413 0.000000 3136.271186
27756205.294634 0.000000 3148.474576
27693787.365496 0.000000 3160.677966
27657679.874079 0.000000 3172.881356
27654634.449692 0.000000 3185.084746
27709626.069688 0.000000 3197.288136
27895077.593309 0.000000 3209.491525
28338820.841922 0.000000 3221.694915
28485182.647457 0.000000 3233.898305
28604311.276908 0.000000 3246.101695
30756987.677963 0.000000 3258.305085
33522623.813616 0.000000 3270.508475
33625690.394818 0.000000 3282.711864
32285102.211783 0.000000 3294.915254
30280887.274416 0.000000 3307.118644
27752840.297289 0.000000 3319.322034
28002932.364815 0.000000 3331.525424
12884847.741017 0.000000 3343.728814
-8600274.353531 -0.000000 3355.932203
-102215.536999 -0.000000 3368.135593
2931.321223 0.000000 3380.338983
5406.593769 0.000000 3392.542373
6705.000291 0.000000 3404.745763
7817.359002 0.000000 3416.949153
8599.564770 0.000000 3429.152542
9530.364493 0.000000 3441.355932
10124.958199 0.000000 3453.559322
10793.661926 0.000000 3465.762712
11273.634601 0.000000 3477.966102
11761.468024 0.000000 3490.169492
12142.027962 0.000000 3502.372881
12502.243322 0.000000 3514.576271
12792.746122 0.000000 3526.779661
13051.665665 0.000000 3538.983051
13257.409340 0.000000 3551.186441
13426.585104 0.000000 3563.389831
13549.703135 0.000000 3575.593220
13633.656574 0.000000 3587.796610
13674.673595 0.000000 3600.000000
