24976.510822 0.000000 0.000000
24991.142765 0.000000 12.203390
25020.330635 0.000000 24.406780
25064.213572 0.000000 36.610169
25122.705982 0.000000 48.813559
25195.856637 0.000000 61.016949
25283.627589 0.000000 73.220339
25386.079599 0.000000 85.423729
25503.171166 0.000000 97.627119
25634.986302 0.000000 109.830508
25781.478573 0.000000 122.033898
25942.760215 0.000000 134.237288
26118.782683 0.000000 146.440678
26309.689220 0.000000 158.644068
26515.430652 0.000000 170.847458
26736.183062 0.000000 183.050847
26971.897100 0.000000 195.254237
27222.781791 0.000000 207.457627
27488.786031 0.000000 219.661017
27770.149554 0.000000 231.864407
28066.815665 0.000000 244.067797
28379.050681 0.000000 256.271186
28706.786292 0.000000 268.474576
29050.309186 0.000000 280.677966
29409.532086 0.000000 292.881356
29784.754457 0.000000 305.084746
30175.860907 0.000000 317.288136
30583.155689 0.000000 329.491525
31006.486055 0.000000 341.694915
31446.153354 0.000000 353.898305
31901.959917 0.000000 366.101695
32374.197259 0.000000 378.305085
32862.615704 0.000000 390.508475
33367.493493 0.000000 402.711864
33888.524928 0.000000 414.915254
34425.973158 0.000000 427.118644
34979.476478 0.000000 439.322034
35549.285196 0.000000 451.525424
36134.983596 0.000000 463.728814
36736.815837 0.000000 475.932203
37354.318112 0.000000 488.135593
37987.736761 0.000000 500.338983
38636.569753 0.000000 512.542373
39301.077658 0.000000 524.745763
39980.731230 0.000000 536.949153
40675.820311 0.000000 549.152542
41385.801962 0.000000 561.355932
42111.009612 0.000000 573.559322
42850.901474 0.000000 585.762712
43605.872850 0.000000 597.966102
44375.397485 0.000000 610.169492
45159.948789 0.000000 622.372881
45959.032567 0.000000 634.576271
46773.217942 0.000000 646.779661
47602.058025 0.000000 658.983051
48446.236112 0.000000 671.186441
49305.369132 0.000000 683.389831
50180.272677 0.000000 695.593220
51070.645038 0.000000 707.796610
51977.454184 0.000000 720.000000
52900.498480 0.000000 732.203390
53840.920029 0.000000 744.406780
54798.637839 0.000000 756.610169
55774.990963 0.000000 768.813559
56770.043243 0.000000 781.016949
57785.356501 0.000000 793.220339
58821.164410 0.000000 805.423729
59879.281450 0.000000 817.627119
60960.140309 0.000000 829.830508
62065.836446 0.000000 842.033898
63197.033232 0.000000 854.237288
64356.140646 0.000000 866.440678
65544.085697 0.000000 878.644068
66763.625324 0.000000 890.847458
68015.984115 0.000000 903.050847
69304.299665 0.000000 915.254237
70630.128690 0.000000 927.457627
71997.018644 0.000000 939.661017
73406.891955 0.000000 951.864407
74863.733308 0.000000 964.067797
76369.860906 0.000000 976.271186
77929.718100 0.000000 988.474576
79546.042892 0.000000 1000.677966
81223.750109 0.000000 1012.881356
82966.018156 0.000000 1025.084746
84778.235629 0.000000 1037.288136
86664.029892 0.000000 1049.491525
88629.251582 0.000000 1061.694915
90677.978315 0.000000 1073.898305
92816.496777 0.000000 1086.101695
95049.322237 0.000000 1098.305085
97383.132471 0.000000 1110.508475
99822.858252 0.000000 1122.711864
102375.505289 0.000000 1134.915254
105046.384611 0.000000 1147.118644
107842.745793 0.000000 1159.322034
110770.237165 0.000000 1171.525424
113836.251100 0.000000 1183.728814
117046.724622 0.000000 1195.932203
120409.076585 0.000000 1208.135593
123929.487653 0.000000 1220.338983
127615.274825 0.000000 1232.542373
131472.829663 0.000000 1244.745763
135509.240805 0.000000 1256.949153
139731.104275 0.000000 1269.152542
144145.158620 0.000000 1281.355932
148758.242641 0.000000 1293.559322
153576.646140 0.000000 1305.762712
158607.550232 0.000000 1317.966102
163856.729282 0.000000 1330.169492
169331.890064 0.000000 1342.372881
175038.266288 0.000000 1354.576271
180984.375595 0.000000 1366.779661
187174.928531 0.000000 1378.983051
193619.649247 0.000000 1391.186441
200322.782017 0.000000 1403.389831
207295.760061 0.000000 1415.593220
214542.416099 0.000000 1427.796610
222076.488966 0.000000 1440.000000
229901.395760 0.000000 1452.203390
238033.809900 0.000000 1464.406780
246476.570146 0.000000 1476.610169
255249.866805 0.000000 1488.813559
264355.476022 0.000000 1501.016949
273817.501450 0.000000 1513.220339
283635.632621 0.000000 1525.423729
293837.909643 0.000000 1537.627119
304420.050949 0.000000 1549.830508
315413.408788 0.000000 1562.033898
326806.557421 0.000000 1574.237288
338632.527117 0.000000 1586.440678
350867.661185 0.000000 1598.644068
363543.475032 0.000000 1610.847458
376616.177034 0.000000 1623.050847
390110.187443 0.000000 1635.254237
403949.415516 0.000000 1647.457627
418141.847144 0.000000 1659.661017
432560.331418 0.000000 1671.864407
447180.932171 0.000000 1684.067797
461796.038902 0.000000 1696.271186
476323.866451 0.000000 1708.474576
490429.248710 0.000000 1720.677966
503928.368227 0.000000 1732.881356
516281.267403 0.000000 1745.084746
527125.515524 0.000000 1757.288136
535587.387642 0.000000 1769.491525
540992.039839 0.000000 1781.694915
541915.812943 0.000000 1793.898305
537140.318066 0.000000 1806.101695
524338.657147 0.000000 1818.305085
501369.281763 0.000000 1830.508475
464472.862812 0.000000 1842.711864
410042.323289 0.000000 1854.915254
332273.506985 0.000000 1867.118644
225586.053533 0.000000 1879.322034
81983.617911 0.000000 1891.525424
-105822.278403 -0.000000 1903.728814
-346332.523591 -0.000000 1915.932203
-646168.889327 -0.000000 1928.135593
-1009230.443563 -0.000000 1940.338983
-1434355.817473 -0.000000 1952.542373
-1910952.475183 -0.000000 1964.745763
-2404115.677635 -0.000000 1976.949153
-2820521.387517 -0.000000 1989.152542
-3063905.642949 -0.000000 2001.355932
-7705659.688914 -0.000000 2013.559322
-20250675.862806 -0.000000 2025.762712
-26873576.400438 -0.000000 2037.966102
-27481444.294587 -0.000000 2050.169492
-27780099.331009 -0.000000 2062.372881
-24875195.226612 -0.000000 2074.576271
-59991097.011376 -0.000000 2086.779661
-422644942.828365 -0.000000 2098.983051
-11474711.837699 -0.000000 2111.186441
-4869815.792174 -0.000000 2123.389831
-5835860.709145 -0.000000 2135.593220
-5809555.469362 -0.000000 2147.796610
-5669719.378695 -0.000000 2160.000000
-5107658.552178 -0.000000 2172.203390
-4095860.596911 -0.000000 2184.406780
-2682839.800156 -0.000000 2196.610169
-921237.074883 -0.000000 2208.813559
987518.580732 0.000000 2221.016949
2846055.176694 0.000000 2233.220339
4519320.675517 0.000000 2245.423729
5973269.238395 0.000000 2257.627119
7219982.736724 0.000000 2269.830508
8293166.135404 0.000000 2282.033898
9225543.856086 0.000000 2294.237288
10050517.841372 0.000000 2306.440678
10813594.054982 0.000000 2318.644068
11544946.938938 0.000000 2330.847458
12244150.387174 0.000000 2343.050847
12883722.719542 0.000000 2355.254237
13450839.906767 0.000000 2367.457627
13947889.407742 0.000000 2379.661017
14382768.404580 0.000000 2391.864407
14761914.171001 0.000000 2404.067797
15064764.328680 0.000000 2416.271186
15272577.698938 0.000000 2428.474576
15383007.107804 0.000000 2440.677966
15423700.421057 0.000000 2452.881356
15440530.700927 0.000000 2465.084746
15478401.000292 0.000000 2477.288136
15522733.210261 0.000000 2489.491525
15522025.694838 0.000000 2501.694915
15496250.707735 0.000000 2513.898305
15487546.199523 0.000000 2526.101695
15487794.733248 0.000000 2538.305085
15496471.647795 0.000000 2550.508475
15504509.892680 0.000000 2562.711864
15509744.648109 0.000000 2574.915254
15522802.392936 0.000000 2587.118644
15531665.982787 0.000000 2599.322034
15529327.095386 0.000000 2611.525424
15531905.783094 0.000000 2623.728814
15560254.521876 0.000000 2635.932203
15588312.887265 0.000000 2648.135593
15374417.927111 0.000000 2660.338983
14713544.585401 0.000000 2672.542373
13168781.704989 0.000000 2684.745763
9401461.875434 0.000000 2696.949153
3733642.143305 0.000000 2709.152542
-228348.748817 -0.000000 2721.355932
5181156.329689 0.000000 2733.559322
22385227.005341 0.000000 2745.762712
30080182.105110 0.000000 2757.966102
29228603.205697 0.000000 2770.169492
29381412.089779 0.000000 2782.372881
30180535.238098 0.000000 2794.576271
30838920.653047 0.000000 2806.779661
30906172.560151 0.000000 2818.983051
30656799.910948 0.000000 2831.186441
30073833.147676 0.000000 2843.389831
29764083.988747 0.000000 2855.593220
29647985.070291 0.000000 2867.796610
29342765.353358 0.000000 2880.000000
29112429.220937 0.000000 2892.203390
28912195.983247 0.000000 2904.406780
28746307.584763 0.000000 2916.610169
28619128.793572 0.000000 2928.813559
28506406.977289 0.000000 2941.016949
28394709.895530 0.000000 2953.220339
28276071.831650 0.000000 2965.423729
28147138.228064 0.000000 2977.627119
28014518.108341 0.000000 2989.830508
27892710.990306 0.000000 3002.033898
27810833.349545 0.000000 3014.237288
27808172.968384 0.000000 3026.440678
28010165.319021 0.000000 3038.644068
28365831.015213 0.000000 3050.847458
28176832.409990 0.000000 3063.050847
28732144.988067 0.000000 3075.254237
31646087.262485 0.000000 3087.457627
33795671.814818 0.000000 3099.661017
33528959.865158 0.000000 3111.864407
32155616.769134 0.000000 3124.067797
30891696.975216 0.000000 3136.271186
27856027.601430 0.000000 3148.474576
28875924.474217 0.000000 3160.677966
6242351.325874 0.000000 3172.881356
16341184.538129 0.000000 3185.084746
32860.000813 0.000000 3197.288136
61383.580087 0.000000 3209.491525
92715.604718 0.000000 3221.694915
124650.313670 0.000000 3233.898305
155739.371972 0.000000 3246.101695
184482.497886 0.000000 3258.305085
210004.842172 0.000000 3270.508475
231749.117343 0.000000 3282.711864
249593.976678 0.000000 3294.915254
263639.839880 0.000000 3307.118644
274205.598681 0.000000 3319.322034
281675.602243 0.000000 3331.525424
286501.761738 0.000000 3343.728814
289107.101759 0.000000 3355.932203
289911.340435 0.000000 3368.135593
289271.354687 0.000000 3380.338983
287519.576537 0.000000 3392.542373
284923.754154 0.000000 3404.745763
281727.656358 0.000000 3416.949153
278120.242574 0.000000 3429.152542
274273.242388 0.000000 3441.355932
270315.474245 0.000000 3453.559322
266365.320591 0.000000 3465.762712
262508.729585 0.000000 3477.966102
258826.216821 0.000000 3490.169492
255374.193818 0.000000 3502.372881
252206.716509 0.000000 3514.576271
249360.132471 0.000000 3526.779661
246869.946069 0.000000 3538.983051
244758.837315 0.000000 3551.186441
243048.998754 0.000000 3563.389831
241753.547567 0.000000 3575.593220
240884.683464 0.000000 3587.796610
240448.288126 0.000000 3600.000000
