287803.071723 0.000000 0.000000
288684.888752 0.000000 12.203390
290449.766913 0.000000 24.406780
293100.517951 0.000000 36.610169
296640.962346 0.000000 48.813559
301076.234471 0.000000 61.016949
306412.534272 0.000000 73.220339
312656.919669 0.000000 85.423729
319817.346921 0.000000 97.627119
327901.838950 0.000000 109.830508
336919.005218 0.000000 122.033898
346876.103487 0.000000 134.237288
357780.325717 0.000000 146.440678
369635.096881 0.000000 158.644068
382442.352210 0.000000 170.847458
396196.236247 0.000000 183.050847
410886.371014 0.000000 195.254237
426487.868247 0.000000 207.457627
442965.103735 0.000000 219.661017
460256.525336 0.000000 231.864407
478277.544412 0.000000 244.067797
496897.813826 0.000000 256.271186
515940.237927 0.000000 268.474576
535146.909078 0.000000 280.677966
554168.683594 0.000000 292.881356
572513.638280 0.000000 305.084746
589518.613556 0.000000 317.288136
604272.608674 0.000000 329.491525
615563.029859 0.000000 341.694915
621776.965819 0.000000 353.898305
620844.350127 0.000000 366.101695
610188.030523 0.000000 378.305085
586820.206378 0.000000 390.508475
547637.531159 0.000000 402.711864
490125.852173 0.000000 414.915254
413521.539140 0.000000 427.118644
320364.355395 0.000000 439.322034
217836.730148 0.000000 451.525424
117893.205384 0.000000 463.728814
72041529.847670 0.000000 475.932203
-2333514.661275 -0.000000 488.135593
-10034016.621699 -0.000000 500.338983
-13856944.860600 -0.000000 512.542373
-13236769.725038 -0.000000 524.745763
-12980934.393807 -0.000000 536.949153
-12906227.244781 -0.000000 549.152542
-12906817.841311 -0.000000 561.355932
-12905961.632152 -0.000000 573.559322
-12852378.952508 -0.000000 585.762712
-12732251.512278 -0.000000 597.966102
-12630942.925215 -0.000000 610.169492
-12626682.018235 -0.000000 622.372881
-12708152.031902 -0.000000 634.576271
-12779616.693186 -0.000000 646.779661
-12802075.241354 -0.000000 658.983051
-12806893.199894 -0.000000 671.186441
-12805577.367907 -0.000000 683.389831
-12802595.139884 -0.000000 695.593220
-12797835.986678 -0.000000 707.796610
-12794153.504947 -0.000000 720.000000
-12791857.496063 -0.000000 732.203390
-12787186.578763 -0.000000 744.406780
-12779414.402704 -0.000000 756.610169
-12770375.867679 -0.000000 768.813559
-12748676.155547 -0.000000 781.016949
-12723984.487861 -0.000000 793.220339
-12696146.579823 -0.000000 805.423729
-12661478.366658 -0.000000 817.627119
-12626295.552609 -0.000000 829.830508
-12581779.311918 -0.000000 842.033898
-12515748.666053 -0.000000 854.237288
-12432873.103711 -0.000000 866.440678
-12331920.561283 -0.000000 878.644068
-12211233.700354 -0.000000 890.847458
-12067284.363928 -0.000000 903.050847
-11898052.416978 -0.000000 915.254237
-11747978.111709 -0.000000 927.457627
-11654103.938865 -0.000000 939.661017
-11579967.668844 -0.000000 951.864407
-11482235.318201 -0.000000 964.067797
-11364209.575290 -0.000000 976.271186
-11239406.747073 -0.000000 988.474576
-11112805.756927 -0.000000 1000.677966
-10985311.633411 -0.000000 1012.881356
-10857332.481770 -0.000000 1025.084746
-10728720.736895 -0.000000 1037.288136
-10598832.126967 -0.000000 1049.491525
-10466854.421894 -0.000000 1061.694915
-10332751.612908 -0.000000 1073.898305
-10198026.468263 -0.000000 1086.101695
-10066917.869048 -0.000000 1098.305085
-9944471.853625 -0.000000 1110.508475
-9833021.101606 -0.000000 1122.711864
-9727504.254523 -0.000000 1134.915254
-9618231.546903 -0.000000 1147.118644
-9497101.341367 -0.000000 1159.322034
-9363960.703598 -0.000000 1171.525424
-9222793.393044 -0.000000 1183.728814
-9078659.820581 -0.000000 1195.932203
-8933526.085969 -0.000000 1208.135593
-8790792.759229 -0.000000 1220.338983
-8654439.332530 -0.000000 1232.542373
-8531383.972393 -0.000000 1244.745763
-8422838.678786 -0.000000 1256.949153
-8324376.921347 -0.000000 1269.152542
-8223289.391127 -0.000000 1281.355932
-8104809.743244 -0.000000 1293.559322
-7954964.708701 -0.000000 1305.762712
-7785825.616510 -0.000000 1317.966102
-7648968.103003 -0.000000 1330.169492
-7549283.161928 -0.000000 1342.372881
-7442007.444512 -0.000000 1354.576271
-7311191.347401 -0.000000 1366.779661
-7175300.997029 -0.000000 1378.983051
-7041826.227418 -0.000000 1391.186441
-6915136.475929 -0.000000 1403.389831
-6789677.674327 -0.000000 1415.593220
-6667023.855744 -0.000000 1427.796610
-6543255.978947 -0.000000 1440.000000
-6420746.552390 -0.000000 1452.203390
-6297008.335739 -0.000000 1464.406780
-6174050.657165 -0.000000 1476.610169
-6050234.616415 -0.000000 1488.813559
-5926955.118180 -0.000000 1501.016949
-5803228.718437 -0.000000 1513.220339
-5679856.801631 -0.000000 1525.423729
-5556320.697678 -0.000000 1537.627119
-5432956.158767 -0.000000 1549.830508
-5309524.036880 -0.000000 1562.033898
-5186035.184313 -0.000000 1574.237288
-5062380.615930 -0.000000 1586.440678
-4938367.763267 -0.000000 1598.644068
-4813950.178480 -0.000000 1610.847458
-4688898.627106 -0.000000 1623.050847
-4563432.143976 -0.000000 1635.254237
-4437839.383399 -0.000000 1647.457627
-4313377.711886 -0.000000 1659.661017
-4191454.220359 -0.000000 1671.864407
-4073858.954885 -0.000000 1684.067797
-3960592.454066 -0.000000 1696.271186
-3850311.190292 -0.000000 1708.474576
-3739439.281867 -0.000000 1720.677966
-3625985.235350 -0.000000 1732.881356
-3509013.424327 -0.000000 1745.084746
-3391981.301742 -0.000000 1757.288136
-3278321.434022 -0.000000 1769.491525
-3175274.144800 -0.000000 1781.694915
-3088593.054570 -0.000000 1793.898305
-3029921.931079 -0.000000 1806.101695
-3010496.535200 -0.000000 1818.305085
-3049379.955980 -0.000000 1830.508475
-3164496.934941 -0.000000 1842.711864
-3373796.162193 -0.000000 1854.915254
-3686302.364568 -0.000000 1867.118644
-4080631.348347 -0.000000 1879.322034
-4542807.398258 -0.000000 1891.525424
-4975984.827094 -0.000000 1903.728814
-5356541.509065 -0.000000 1915.932203
-1296627.437212 -0.000000 1928.135593
7118867.210597 0.000000 1940.338983
11677452.875654 0.000000 1952.542373
13127237.100091 0.000000 1964.745763
13832845.120903 0.000000 1976.949153
13580555.892193 0.000000 1989.152542
13495920.413389 0.000000 2001.355932
14163677.151945 0.000000 2013.559322
11876118.399935 0.000000 2025.762712
361025.809860 0.000000 2037.966102
-11922252.554861 -0.000000 2050.169492
-21602410.639506 -0.000000 2062.372881
-47286148.481223 -0.000000 2074.576271
-29657866.503209 -0.000000 2086.779661
-17364444.847805 -0.000000 2098.983051
-13790827.550788 -0.000000 2111.186441
-11076523.454983 -0.000000 2123.389831
-16181482.529540 -0.000000 2135.593220
-22671723.689568 -0.000000 2147.796610
-26589566.548355 -0.000000 2160.000000
-25199592.293476 -0.000000 2172.203390
-24365211.392559 -0.000000 2184.406780
-23520332.835518 -0.000000 2196.610169
-20168629.248795 -0.000000 2208.813559
-35754695.404700 -0.000000 2221.016949
-1232041137.329220 -0.000000 2233.220339
-1190675.766491 -0.000000 2245.423729
8021337.859526 0.000000 2257.627119
13458673.798758 0.000000 2269.830508
15859595.302543 0.000000 2282.033898
15682450.920737 0.000000 2294.237288
12764448.676551 0.000000 2306.440678
8628132.415336 0.000000 2318.644068
4798806.947931 0.000000 2330.847458
2194235.205112 0.000000 2343.050847
1110023.446946 0.000000 2355.254237
1178483.678965 0.000000 2367.457627
1908830.304126 0.000000 2379.661017
2912242.274456 0.000000 2391.864407
3951056.059900 0.000000 2404.067797
4919228.398515 0.000000 2416.271186
5777597.732337 0.000000 2428.474576
6529185.969924 0.000000 2440.677966
7187423.028498 0.000000 2452.881356
7768710.199903 0.000000 2465.084746
8287572.235481 0.000000 2477.288136
8749085.022421 0.000000 2489.491525
9157364.336490 0.000000 2501.694915
9508054.243245 0.000000 2513.898305
9815747.233092 0.000000 2526.101695
10104619.800383 0.000000 2538.305085
10405363.416053 0.000000 2550.508475
10709975.391865 0.000000 2562.711864
10995398.254215 0.000000 2574.915254
11242023.303243 0.000000 2587.118644
11448217.490415 0.000000 2599.322034
11614989.671826 0.000000 2611.525424
11745975.169221 0.000000 2623.728814
11864136.787725 0.000000 2635.932203
11990155.544946 0.000000 2648.135593
12124340.807248 0.000000 2660.338983
12227589.758473 0.000000 2672.542373
12302084.237062 0.000000 2684.745763
12381655.693739 0.000000 2696.949153
12509942.331320 0.000000 2709.152542
12659875.225535 0.000000 2721.355932
12798207.027888 0.000000 2733.559322
12895748.408898 0.000000 2745.762712
12960372.579335 0.000000 2757.966102
12987828.324768 0.000000 2770.169492
12989817.420162 0.000000 2782.372881
12976010.593696 0.000000 2794.576271
12965312.586798 0.000000 2806.779661
12954415.601467 0.000000 2818.983051
12935450.448088 0.000000 2831.186441
12876624.140093 0.000000 2843.389831
12703433.541783 0.000000 2855.593220
12328815.176272 0.000000 2867.796610
11647778.813716 0.000000 2880.000000
10526790.004036 0.000000 2892.203390
8690356.924835 0.000000 2904.406780
5895965.269849 0.000000 2916.610169
2303129.018519 0.000000 2928.813559
-97895.921421 -0.000000 2941.016949
1964039.369689 0.000000 2953.220339
13768650.053956 0.000000 2965.423729
27558631.814482 0.000000 2977.627119
30249805.709856 0.000000 2989.830508
30287608.423911 0.000000 3002.033898
30720156.964028 0.000000 3014.237288
30994930.487490 0.000000 3026.440678
31139197.773599 0.000000 3038.644068
30987821.897628 0.000000 3050.847458
30463033.310295 0.000000 3063.050847
30212302.527765 0.000000 3075.254237
29959348.125356 0.000000 3087.457627
29573935.515133 0.000000 3099.661017
29273064.336950 0.000000 3111.864407
28989606.979328 0.000000 3124.067797
28779530.590268 0.000000 3136.271186
28618861.596925 0.000000 3148.474576
28493469.273650 0.000000 3160.677966
28377754.051790 0.000000 3172.881356
28273059.752196 0.000000 3185.084746
28166768.003184 0.000000 3197.288136
28079026.498650 0.000000 3209.491525
28028465.120220 0.000000 3221.694915
28042476.574580 0.000000 3233.898305
28159895.278479 0.000000 3246.101695
28450839.560378 0.000000 3258.305085
28933219.531639 0.000000 3270.508475
28926971.087977 0.000000 3282.711864
29342468.933829 0.000000 3294.915254
31702152.029668 0.000000 3307.118644
33934393.527334 0.000000 3319.322034
33762286.813745 0.000000 3331.525424
32431675.081521 0.000000 3343.728814
30417732.355685 0.000000 3355.932203
27137045.763473 0.000000 3368.135593
29149239.832468 0.000000 3380.338983
8269082.467828 0.000000 3392.542373
18441626.302341 0.000000 3404.745763
20544.306541 0.000000 3416.949153
35437.230531 0.000000 3429.152542
50000.517971 0.000000 3441.355932
63647.308448 0.000000 3453.559322
76298.570698 0.000000 3465.762712
87626.845918 0.000000 3477.966102
97562.263448 0.000000 3490.169492
106049.398114 0.000000 3502.372881
113154.790712 0.000000 3514.576271
118970.502138 0.000000 3526.779661
123631.401812 0.000000 3538.983051
127268.572857 0.000000 3551.186441
130011.890335 0.000000 3563.389831
131968.427612 0.000000 3575.593220
133224.786639 0.000000 3587.796610
133838.051701 0.000000 3600.000000
