268320.690095 0.000000 0.000000
269221.817000 0.000000 12.203390
271024.864929 0.000000 24.406780
273735.068912 0.000000 36.610169
277354.969634 0.000000 48.813559
281894.759483 0.000000 61.016949
287358.727393 0.000000 73.220339
293762.162819 0.000000 85.423729
301110.899934 0.000000 97.627119
309425.304489 0.000000 109.830508
318712.514901 0.000000 122.033898
328997.822849 0.000000 134.237288
340289.263458 0.000000 146.440678
352616.650201 0.000000 158.644068
365988.205721 0.000000 170.847458
380437.377739 0.000000 183.050847
395971.330641 0.000000 195.254237
412625.382797 0.000000 207.457627
430403.412972 0.000000 219.661017
449339.280039 0.000000 231.864407
469429.556460 0.000000 244.067797
490700.528195 0.000000 256.271186
513134.124058 0.000000 268.474576
536737.973803 0.000000 280.677966
561465.857741 0.000000 292.881356
587286.696035 0.000000 305.084746
614101.103216 0.000000 317.288136
641802.869642 0.000000 329.491525
670192.862037 0.000000 341.694915
699023.303449 0.000000 353.898305
727908.656084 0.000000 366.101695
756338.517735 0.000000 378.305085
783581.963098 0.000000 390.508475
808650.239140 0.000000 402.711864
830189.103747 0.000000 414.915254
846376.523702 0.000000 427.118644
854816.537553 0.000000 439.322034
852412.276498 0.000000 451.525424
835395.432022 0.000000 463.728814
799451.050364 0.000000 475.932203
740385.007107 0.000000 488.135593
655207.197879 0.000000 500.338983
544100.776632 0.000000 512.542373
412433.889302 0.000000 524.745763
272343.656340 0.000000 536.949153
141764.818933 0.000000 549.152542
146289047.555589 0.000000 561.355932
-1773255.955450 -0.000000 573.559322
-8762442.761136 -0.000000 585.762712
-13187793.993966 -0.000000 597.966102
-13411554.353984 -0.000000 610.169492
-13087518.140923 -0.000000 622.372881
-12999033.916929 -0.000000 634.576271
-12995169.757454 -0.000000 646.779661
-12978099.318795 -0.000000 658.983051
-12873083.574275 -0.000000 671.186441
-12661623.279315 -0.000000 683.389831
-12528439.154857 -0.000000 695.593220
-12569769.917217 -0.000000 707.796610
-12612979.169715 -0.000000 720.000000
-12592120.919371 -0.000000 732.203390
-12545985.851131 -0.000000 744.406780
-12480350.298904 -0.000000 756.610169
-12383774.531906 -0.000000 768.813559
-12261555.147077 -0.000000 781.016949
-12120397.227831 -0.000000 793.220339
-11967019.390148 -0.000000 805.423729
-11804160.115997 -0.000000 817.627119
-11635852.682127 -0.000000 829.830508
-11463581.713037 -0.000000 842.033898
-11289315.337260 -0.000000 854.237288
-11113666.204324 -0.000000 866.440678
-10937391.867032 -0.000000 878.644068
-10760653.644899 -0.000000 890.847458
-10583612.929174 -0.000000 903.050847
-10406232.664311 -0.000000 915.254237
-10228387.831329 -0.000000 927.457627
-10049956.641956 -0.000000 939.661017
-9870674.726340 -0.000000 951.864407
-9690426.030275 -0.000000 964.067797
-9508998.180031 -0.000000 976.271186
-9326627.685554 -0.000000 988.474576
-9143824.582973 -0.000000 1000.677966
-8962067.928536 -0.000000 1012.881356
-8783145.646088 -0.000000 1025.084746
-8608839.518014 -0.000000 1037.288136
-8439022.915513 -0.000000 1049.491525
-8271474.085674 -0.000000 1061.694915
-8102184.268043 -0.000000 1073.898305
-7928131.072977 -0.000000 1086.101695
-7748390.854993 -0.000000 1098.305085
-7564593.385875 -0.000000 1110.508475
-7378969.150665 -0.000000 1122.711864
-7193554.561098 -0.000000 1134.915254
-7009225.506718 -0.000000 1147.118644
-6826333.508015 -0.000000 1159.322034
-6644650.880770 -0.000000 1171.525424
-6464007.563834 -0.000000 1183.728814
-6284080.950802 -0.000000 1195.932203
-6104720.503543 -0.000000 1208.135593
-5925711.062080 -0.000000 1220.338983
-5746967.484106 -0.000000 1232.542373
-5568375.278007 -0.000000 1244.745763
-5389896.254327 -0.000000 1256.949153
-5211489.297308 -0.000000 1269.152542
-5033138.066185 -0.000000 1281.355932
-4854845.108157 -0.000000 1293.559322
-4676593.510448 -0.000000 1305.762712
-4498403.401097 -0.000000 1317.966102
-4320237.536423 -0.000000 1330.169492
-4142107.327504 -0.000000 1342.372881
-3963931.537840 -0.000000 1354.576271
-3785681.140022 -0.000000 1366.779661
-3607201.730802 -0.000000 1378.983051
-3428392.651715 -0.000000 1391.186441
-3249006.471205 -0.000000 1403.389831
-3068865.153612 -0.000000 1415.593220
-2887662.608593 -0.000000 1427.796610
-2705273.996876 -0.000000 1440.000000
-2521698.553938 -0.000000 1452.203390
-2337637.241995 -0.000000 1464.406780
-2154571.432224 -0.000000 1476.610169
-1974985.182006 -0.000000 1488.813559
-1801156.564104 -0.000000 1501.016949
-1633733.331741 -0.000000 1513.220339
-1470170.551200 -0.000000 1525.423729
-1305760.879566 -0.000000 1537.627119
-1135978.189565 -0.000000 1549.830508
-959251.845127 -0.000000 1562.033898
-776948.662134 -0.000000 1574.237288
-592102.510265 -0.000000 1586.440678
-407305.815190 -0.000000 1598.644068
-224207.038753 -0.000000 1610.847458
-43295.121115 -0.000000 1623.050847
135378.971777 0.000000 1635.254237
312116.243079 0.000000 1647.457627
487151.806095 0.000000 1659.661017
660774.368729 0.000000 1671.864407
833192.653734 0.000000 1684.067797
1004569.397121 0.000000 1696.271186
1175123.962571 0.000000 1708.474576
1344911.985339 0.000000 1720.677966
1514298.790769 0.000000 1732.881356
1683314.230001 0.000000 1745.084746
1852714.864286 0.000000 1757.288136
2022704.793842 0.000000 1769.491525
2194883.719600 0.000000 1781.694915
2370151.074178 0.000000 1793.898305
2551886.546909 0.000000 1806.101695
2743049.842134 0.000000 1818.305085
2950917.932333 0.000000 1830.508475
3183923.431033 0.000000 1842.711864
3458121.928358 0.000000 1854.915254
3795384.422087 0.000000 1867.118644
4230587.649201 0.000000 1879.322034
4814449.183419 0.000000 1891.525424
5607808.070398 0.000000 1903.728814
6702391.662213 0.000000 1915.932203
8084877.358504 0.000000 1928.135593
9765741.950628 0.000000 1940.338983
12128029.833048 0.000000 1952.542373
13508930.345016 0.000000 1964.745763
13417627.788488 0.000000 1976.949153
13728827.725572 0.000000 1989.152542
11624316.362486 0.000000 2001.355932
3046822.712751 0.000000 2013.559322
-8860438.098689 -0.000000 2025.762712
-21721250.378044 -0.000000 2037.966102
-50176749.647666 -0.000000 2050.169492
-32559932.315736 -0.000000 2062.372881
-19103369.373904 -0.000000 2074.576271
-14927292.554022 -0.000000 2086.779661
-14311659.860216 -0.000000 2098.983051
-16165452.909166 -0.000000 2111.186441
-19006256.357494 -0.000000 2123.389831
-21623241.200167 -0.000000 2135.593220
-23818034.135828 -0.000000 2147.796610
-25483745.802484 -0.000000 2160.000000
-26690480.115218 -0.000000 2172.203390
-27328622.275536 -0.000000 2184.406780
-27479154.110047 -0.000000 2196.610169
-23867418.004791 -0.000000 2208.813559
-29162577.861305 -0.000000 2221.016949
-2378419156.210040 -0.000000 2233.220339
-7546801.330803 -0.000000 2245.423729
2595140.936892 0.000000 2257.627119
4764789.063123 0.000000 2269.830508
7163717.690475 0.000000 2282.033898
7417921.233304 0.000000 2294.237288
5460430.549589 0.000000 2306.440678
2881112.557498 0.000000 2318.644068
702285.451895 0.000000 2330.847458
-409684.089778 -0.000000 2343.050847
-472433.105280 -0.000000 2355.254237
185891.855851 0.000000 2367.457627
1191600.761085 0.000000 2379.661017
2289843.465529 0.000000 2391.864407
3345724.259912 0.000000 2404.067797
4309242.038642 0.000000 2416.271186
5171447.369091 0.000000 2428.474576
5942806.065661 0.000000 2440.677966
6635236.004992 0.000000 2452.881356
7262403.580884 0.000000 2465.084746
7832054.198528 0.000000 2477.288136
8352750.061827 0.000000 2489.491525
8828012.501555 0.000000 2501.694915
9263237.121916 0.000000 2513.898305
9660541.625319 0.000000 2526.101695
10024242.375190 0.000000 2538.305085
10356418.162512 0.000000 2550.508475
10660726.416888 0.000000 2562.711864
10938925.845983 0.000000 2574.915254
11193709.215166 0.000000 2587.118644
11426260.275758 0.000000 2599.322034
11638532.173722 0.000000 2611.525424
11831387.935434 0.000000 2623.728814
12006521.147985 0.000000 2635.932203
12164857.824895 0.000000 2648.135593
12308313.212559 0.000000 2660.338983
12438189.825381 0.000000 2672.542373
12556740.222071 0.000000 2684.745763
12665514.845743 0.000000 2696.949153
12766704.735127 0.000000 2709.152542
12861572.206852 0.000000 2721.355932
12951022.090642 0.000000 2733.559322
13032976.827522 0.000000 2745.762712
13099366.734213 0.000000 2757.966102
13133809.118129 0.000000 2770.169492
13120660.958315 0.000000 2782.372881
13070458.259936 0.000000 2794.576271
13029551.564085 0.000000 2806.779661
13038460.157328 0.000000 2818.983051
13069829.306466 0.000000 2831.186441
13023122.011534 0.000000 2843.389831
12773614.539999 0.000000 2855.593220
12202170.743131 0.000000 2867.796610
11177795.661162 0.000000 2880.000000
9498528.269320 0.000000 2892.203390
6900235.746255 0.000000 2904.406780
3391450.076752 0.000000 2916.610169
185756.133355 0.000000 2928.813559
94376.522228 0.000000 2941.016949
7912672.608288 0.000000 2953.220339
22801898.947622 0.000000 2965.423729
30157309.260981 0.000000 2977.627119
30143533.129074 0.000000 2989.830508
30416997.002911 0.000000 3002.033898
30938822.494888 0.000000 3014.237288
31225063.422943 0.000000 3026.440678
31352994.184101 0.000000 3038.644068
30905695.486473 0.000000 3050.847458
30533980.667397 0.000000 3063.050847
30394730.015331 0.000000 3075.254237
29984562.992587 0.000000 3087.457627
29646509.016443 0.000000 3099.661017
29337400.739977 0.000000 3111.864407
29073817.874360 0.000000 3124.067797
28884502.873785 0.000000 3136.271186
28743695.741144 0.000000 3148.474576
28645583.201395 0.000000 3160.677966
28573587.452856 0.000000 3172.881356
28517114.341534 0.000000 3185.084746
28464588.915730 0.000000 3197.288136
28424014.877198 0.000000 3209.491525
28407757.865497 0.000000 3221.694915
28459732.910836 0.000000 3233.898305
28646679.735128 0.000000 3246.101695
29023979.360890 0.000000 3258.305085
29338172.333246 0.000000 3270.508475
29425516.603609 0.000000 3282.711864
30627627.105704 0.000000 3294.915254
32936320.508379 0.000000 3307.118644
33954251.202917 0.000000 3319.322034
33336045.779698 0.000000 3331.525424
31648878.036431 0.000000 3343.728814
30013903.741731 0.000000 3355.932203
30098602.037238 0.000000 3368.135593
24239055.603800 0.000000 3380.338983
-1568643.625986 -0.000000 3392.542373
7935508.960595 0.000000 3404.745763
25401.930823 0.000000 3416.949153
43087.683545 0.000000 3429.152542
60448.811802 0.000000 3441.355932
76830.308436 0.000000 3453.559322
91983.649620 0.000000 3465.762712
105580.313495 0.000000 3477.966102
117494.268954 0.000000 3490.169492
127679.642149 0.000000 3502.372881
136204.279777 0.000000 3514.576271
143185.002795 0.000000 3526.779661
148779.625428 0.000000 3538.983051
153147.110642 0.000000 3551.186441
156441.705676 0.000000 3563.389831
158792.113183 0.000000 3575.593220
160301.565962 0.000000 3587.796610
161038.496723 0.000000 3600.000000
