6448.221583 0.000000 0.000000
6473.229487 0.000000 12.203390
6523.277843 0.000000 24.406780
6598.689201 0.000000 36.610169
6699.720093 0.000000 48.813559
6826.763812 0.000000 61.016949
6980.367886 0.000000 73.220339
7161.114414 0.000000 85.423729
7369.791747 0.000000 97.627119
7607.190989 0.000000 109.830508
7874.349797 0.000000 122.033898
8172.285212 0.000000 134.237288
8502.301398 0.000000 146.440678
8865.660205 0.000000 158.644068
9263.953064 0.000000 170.847458
9698.709742 0.000000 183.050847
10171.833931 0.000000 195.254237
10685.150216 0.000000 207.457627
11240.903558 0.000000 219.661017
11841.243920 0.000000 231.864407
12488.790159 0.000000 244.067797
13186.052404 0.000000 256.271186
13936.059622 0.000000 268.474576
14741.720391 0.000000 280.677966
15606.514229 0.000000 292.881356
16533.790038 0.000000 305.084746
17527.520355 0.000000 317.288136
18591.540412 0.000000 329.491525
19730.361629 0.000000 341.694915
20948.353986 0.000000 353.898305
22250.616742 0.000000 366.101695
23642.106299 0.000000 378.305085
25128.559398 0.000000 390.508475
26715.574049 0.000000 402.711864
28409.576738 0.000000 414.915254
30216.863409 0.000000 427.118644
32144.604247 0.000000 439.322034
34199.853837 0.000000 451.525424
36390.579325 0.000000 463.728814
38724.657568 0.000000 475.932203
41210.908495 0.000000 488.135593
43858.096755 0.000000 500.338983
46675.951897 0.000000 512.542373
49674.197858 0.000000 524.745763
52863.530047 0.000000 536.949153
56254.707991 0.000000 549.152542
59859.452156 0.000000 561.355932
63689.638750 0.000000 573.559322
67758.073544 0.000000 585.762712
72077.840362 0.000000 597.966102
76662.891700 0.000000 610.169492
81527.617360 0.000000 622.372881
86687.181471 0.000000 634.576271
92157.389767 0.000000 646.779661
97954.684315 0.000000 658.983051
104096.409942 0.000000 671.186441
110600.355305 0.000000 683.389831
117485.540164 0.000000 695.593220
124771.171387 0.000000 707.796610
132478.096240 0.000000 720.000000
140627.011763 0.000000 732.203390
149240.758865 0.000000 744.406780
158341.595072 0.000000 756.610169
167954.535170 0.000000 768.813559
178103.463026 0.000000 781.016949
188815.754493 0.000000 793.220339
200116.969939 0.000000 805.423729
212037.029471 0.000000 817.627119
224603.192302 0.000000 829.830508
237848.074864 0.000000 842.033898
251800.599931 0.000000 854.237288
266496.162646 0.000000 866.440678
281965.206439 0.000000 878.644068
298245.837040 0.000000 890.847458
315369.677969 0.000000 903.050847
333377.188529 0.000000 915.254237
352300.472701 0.000000 927.457627
372181.455837 0.000000 939.661017
393051.366429 0.000000 951.864407
414951.751794 0.000000 964.067797
437910.419498 0.000000 976.271186
461964.971669 0.000000 988.474576
487135.073508 0.000000 1000.677966
513447.715293 0.000000 1012.881356
540905.708138 0.000000 1025.084746
569513.135845 0.000000 1037.288136
599239.851816 0.000000 1049.491525
630044.416774 0.000000 1061.694915
661833.825439 0.000000 1073.898305
694479.362225 0.000000 1086.101695
727769.369952 0.000000 1098.305085
761410.414637 0.000000 1110.508475
794967.935708 0.000000 1122.711864
827840.400924 0.000000 1134.915254
859177.794172 0.000000 1147.118644
887811.051140 0.000000 1159.322034
912135.415267 0.000000 1171.525424
929982.669839 0.000000 1183.728814
938482.159694 0.000000 1195.932203
933938.007023 0.000000 1208.135593
911850.690697 0.000000 1220.338983
867193.996071 0.000000 1232.542373
795296.950257 0.000000 1244.745763
693462.895847 0.000000 1256.949153
563437.095080 0.000000 1269.152542
413841.532459 0.000000 1281.355932
261189.910896 0.000000 1293.559322
127480.368412 0.000000 1305.762712
118454512.510444 0.000000 1317.966102
-1173302.127317 -0.000000 1330.169492
-6971829.051290 -0.000000 1342.372881
-12462326.722991 -0.000000 1354.576271
-13496339.025958 -0.000000 1366.779661
-13094142.063382 -0.000000 1378.983051
-12970129.653854 -0.000000 1391.186441
-12966493.044721 -0.000000 1403.389831
-12963408.537383 -0.000000 1415.593220
-12830535.894901 -0.000000 1427.796610
-12509307.786591 -0.000000 1440.000000
-12281371.361866 -0.000000 1452.203390
-12256466.755727 -0.000000 1464.406780
-12182111.833863 -0.000000 1476.610169
-12042985.149084 -0.000000 1488.813559
-11893240.358302 -0.000000 1501.016949
-11751819.548906 -0.000000 1513.220339
-11657781.780528 -0.000000 1525.423729
-11569782.367875 -0.000000 1537.627119
-11445190.937145 -0.000000 1549.830508
-11286734.887356 -0.000000 1562.033898
-11111071.423224 -0.000000 1574.237288
-10929109.207830 -0.000000 1586.440678
-10750313.573320 -0.000000 1598.644068
-10580509.076727 -0.000000 1610.847458
-10415601.473098 -0.000000 1623.050847
-10243792.919489 -0.000000 1635.254237
-10053425.539876 -0.000000 1647.457627
-9844108.580334 -0.000000 1659.661017
-9619492.754582 -0.000000 1671.864407
-9386653.004281 -0.000000 1684.067797
-9143735.121990 -0.000000 1696.271186
-8880993.356513 -0.000000 1708.474576
-8564836.275603 -0.000000 1720.677966
-8149520.067438 -0.000000 1732.881356
-7580990.895451 -0.000000 1745.084746
-6817152.180057 -0.000000 1757.288136
-5837858.582521 -0.000000 1769.491525
-4582587.327309 -0.000000 1781.694915
-2893036.586404 -0.000000 1793.898305
-593681.964007 -0.000000 1806.101695
2401606.508197 0.000000 1818.305085
6021275.395570 0.000000 1830.508475
10172658.204760 0.000000 1842.711864
13099048.885640 0.000000 1854.915254
13598061.961487 0.000000 1867.118644
13462028.414170 0.000000 1879.322034
6987411.641797 0.000000 1891.525424
-8593235.570967 -0.000000 1903.728814
-16905561.747471 -0.000000 1915.932203
-35482678.290901 -0.000000 1928.135593
-42357314.125452 -0.000000 1940.338983
-20888490.161887 -0.000000 1952.542373
-15343390.700886 -0.000000 1964.745763
-13581440.137521 -0.000000 1976.949153
-13884163.230598 -0.000000 1989.152542
-15995426.432960 -0.000000 2001.355932
-18726285.058169 -0.000000 2013.559322
-21470179.750319 -0.000000 2025.762712
-24171563.738713 -0.000000 2037.966102
-26720205.918112 -0.000000 2050.169492
-29231359.352639 -0.000000 2062.372881
-31604085.966242 -0.000000 2074.576271
-34823331.558144 -0.000000 2086.779661
-27392925.680316 -0.000000 2098.983051
-894543849.101950 -0.000000 2111.186441
-49566046.691292 -0.000000 2123.389831
-7194.293426 -0.000000 2135.593220
14362536.290131 0.000000 2147.796610
917169031.688211 0.000000 2160.000000
10874858.537632 0.000000 2172.203390
10826315.129038 0.000000 2184.406780
14659919.769161 0.000000 2196.610169
22379010.861513 0.000000 2208.813559
38423951.061822 0.000000 2221.016949
64647861.353082 0.000000 2233.220339
16727683.003457 0.000000 2245.423729
10081515.343871 0.000000 2257.627119
4296746.048083 0.000000 2269.830508
-669759.217411 -0.000000 2282.033898
-3125352.367029 -0.000000 2294.237288
-3568748.048085 -0.000000 2306.440678
-2808233.160248 -0.000000 2318.644068
-1517143.564757 -0.000000 2330.847458
-99815.827427 -0.000000 2343.050847
1229795.870345 0.000000 2355.254237
2386036.873312 0.000000 2367.457627
3353468.714011 0.000000 2379.661017
4150583.289233 0.000000 2391.864407
4807583.503206 0.000000 2404.067797
5354802.154753 0.000000 2416.271186
5818255.884681 0.000000 2428.474576
6217618.585826 0.000000 2440.677966
6567254.242670 0.000000 2452.881356
6876664.770563 0.000000 2465.084746
7152383.507601 0.000000 2477.288136
7398853.144842 0.000000 2489.491525
7619493.679233 0.000000 2501.694915
7817411.670164 0.000000 2513.898305
7995446.245799 0.000000 2526.101695
8156630.014805 0.000000 2538.305085
8303840.012119 0.000000 2550.508475
8439660.968164 0.000000 2562.711864
8566730.148721 0.000000 2574.915254
8686261.415397 0.000000 2587.118644
8800341.605990 0.000000 2599.322034
8907541.392032 0.000000 2611.525424
9007169.116886 0.000000 2623.728814
9089682.029687 0.000000 2635.932203
9146534.962003 0.000000 2648.135593
9169165.405763 0.000000 2660.338983
9180253.094866 0.000000 2672.542373
9218156.105985 0.000000 2684.745763
9310739.687178 0.000000 2696.949153
9429951.873277 0.000000 2709.152542
9531763.887222 0.000000 2721.355932
9580555.023168 0.000000 2733.559322
9568956.383803 0.000000 2745.762712
9510426.285234 0.000000 2757.966102
9443611.267799 0.000000 2770.169492
9387984.359847 0.000000 2782.372881
9297133.799749 0.000000 2794.576271
9049239.668419 0.000000 2806.779661
8497790.531089 0.000000 2818.983051
7495146.739045 0.000000 2831.186441
5915586.622424 0.000000 2843.389831
3663053.223728 0.000000 2855.593220
925954.178067 0.000000 2867.796610
-1443823.163465 -0.000000 2880.000000
-1348420.284372 -0.000000 2892.203390
5029578.063480 0.000000 2904.406780
18177936.653105 0.000000 2916.610169
28488800.899868 0.000000 2928.813559
29924708.589167 0.000000 2941.016949
29852817.174379 0.000000 2953.220339
30167076.800509 0.000000 2965.423729
30568650.654608 0.000000 2977.627119
30512803.102648 0.000000 2989.830508
30046292.499444 0.000000 3002.033898
29805197.865189 0.000000 3014.237288
29543895.423584 0.000000 3026.440678
29136492.959671 0.000000 3038.644068
28795786.641413 0.000000 3050.847458
28452844.807804 0.000000 3063.050847
28165309.459339 0.000000 3075.254237
27956906.030673 0.000000 3087.457627
27817096.342029 0.000000 3099.661017
27738828.688894 0.000000 3111.864407
27697652.854988 0.000000 3124.067797
27673402.482613 0.000000 3136.271186
27646379.373791 0.000000 3148.474576
27620753.422515 0.000000 3160.677966
27604057.980635 0.000000 3172.881356
27625997.609853 0.000000 3185.084746
27728840.722130 0.000000 3197.288136
28041692.408987 0.000000 3209.491525
28511379.550295 0.000000 3221.694915
28447942.007770 0.000000 3233.898305
29037684.724672 0.000000 3246.101695
31695386.704916 0.000000 3258.305085
33543103.213442 0.000000 3270.508475
33040040.431978 0.000000 3282.711864
31369183.141618 0.000000 3294.915254
29730460.074673 0.000000 3307.118644
26277779.791369 0.000000 3319.322034
26946578.420031 0.000000 3331.525424
5356240.513738 0.000000 3343.728814
-10557618.559201 -0.000000 3355.932203
-15379.007251 -0.000000 3368.135593
-25501.413452 -0.000000 3380.338983
-36079.797046 -0.000000 3392.542373
-46806.036560 -0.000000 3404.745763
-57020.885640 -0.000000 3416.949153
-66465.278884 -0.000000 3429.152542
-74859.511282 -0.000000 3441.355932
-82117.857384 -0.000000 3453.559322
-88213.781991 -0.000000 3465.762712
-93214.633328 -0.000000 3477.966102
-97222.310091 -0.000000 3490.169492
-100367.837416 -0.000000 3502.372881
-102786.058222 -0.000000 3514.576271
-104607.272024 -0.000000 3526.779661
-105949.915446 -0.000000 3538.983051
-106915.513448 -0.000000 3551.186441
-107589.171757 -0.000000 3563.389831
-108037.051534 -0.000000 3575.593220
-108308.788285 -0.000000 3587.796610
-108436.587930 -0.000000 3600.000000
