11474.422841 0.000000 0.000000
11481.864208 0.000000 12.203390
11496.901636 0.000000 24.406780
11519.317175 0.000000 36.610169
11549.294633 0.000000 48.813559
11586.855567 0.000000 61.016949
11632.103157 0.000000 73.220339
11685.100340 0.000000 85.423729
11745.979331 0.000000 97.627119
11814.828450 0.000000 109.830508
11891.816480 0.000000 122.033898
11977.055961 0.000000 134.237288
12070.755471 0.000000 146.440678
12173.051537 0.000000 158.644068
12284.194487 0.000000 170.847458
12404.345835 0.000000 183.050847
12533.800224 0.000000 195.254237
12672.745631 0.000000 207.457627
12821.524409 0.000000 219.661017
12980.352767 0.000000 231.864407
13149.624825 0.000000 244.067797
13329.587848 0.000000 256.271186
13520.692647 0.000000 268.474576
13723.220709 0.000000 280.677966
13937.686205 0.000000 292.881356
14164.408610 0.000000 305.084746
14403.971917 0.000000 317.288136
14656.738511 0.000000 329.491525
14923.370099 0.000000 341.694915
15204.276453 0.000000 353.898305
15500.206173 0.000000 366.101695
15811.621249 0.000000 378.305085
16139.365573 0.000000 390.508475
16483.958792 0.000000 402.711864
16846.349898 0.000000 414.915254
17227.119828 0.000000 427.118644
17627.333327 0.000000 439.322034
18047.637591 0.000000 451.525424
18489.222541 0.000000 463.728814
18952.806405 0.000000 475.932203
19439.716194 0.000000 488.135593
19950.744512 0.000000 500.338983
20487.368783 0.000000 512.542373
21050.461553 0.000000 524.745763
21641.664071 0.000000 536.949153
22261.935066 0.000000 549.152542
22913.097161 0.000000 561.355932
23596.201420 0.000000 573.559322
24313.271847 0.000000 585.762712
25065.461895 0.000000 597.966102
25855.019815 0.000000 610.169492
26683.211910 0.000000 622.372881
27552.538869 0.000000 634.576271
28464.393281 0.000000 646.779661
29421.560104 0.000000 658.983051
30425.574838 0.000000 671.186441
31479.543394 0.000000 683.389831
32585.162040 0.000000 695.593220
33745.900335 0.000000 707.796610
34963.636562 0.000000 720.000000
36242.251216 0.000000 732.203390
37583.827593 0.000000 744.406780
38992.709658 0.000000 756.610169
40471.210124 0.000000 768.813559
42024.194915 0.000000 781.016949
43654.231641 0.000000 793.220339
45366.770435 0.000000 805.423729
47164.659866 0.000000 817.627119
49054.002210 0.000000 829.830508
51037.950728 0.000000 842.033898
53123.331413 0.000000 854.237288
55313.625467 0.000000 866.440678
57616.457667 0.000000 878.644068
60035.657360 0.000000 890.847458
62579.726723 0.000000 903.050847
65252.858711 0.000000 915.254237
68064.514874 0.000000 927.457627
71019.262117 0.000000 939.661017
74127.606450 0.000000 951.864407
77394.494040 0.000000 964.067797
80831.562872 0.000000 976.271186
84444.136323 0.000000 988.474576
88245.073329 0.000000 1000.677966
92240.065241 0.000000 1012.881356
96443.284586 0.000000 1025.084746
100860.772209 0.000000 1037.288136
105508.106706 0.000000 1049.491525
110391.650581 0.000000 1061.694915
115528.481024 0.000000 1073.898305
120925.243624 0.000000 1086.101695
126600.604997 0.000000 1098.305085
132561.443083 0.000000 1110.508475
138828.098714 0.000000 1122.711864
145407.617788 0.000000 1134.915254
152322.091976 0.000000 1147.118644
159578.655318 0.000000 1159.322034
167201.210257 0.000000 1171.525424
175196.883835 0.000000 1183.728814
183591.425773 0.000000 1195.932203
192391.841927 0.000000 1208.135593
201625.731434 0.000000 1220.338983
211299.841874 0.000000 1232.542373
221443.573022 0.000000 1244.745763
232063.252726 0.000000 1256.949153
243189.957131 0.000000 1269.152542
254829.394378 0.000000 1281.355932
267014.081322 0.000000 1293.559322
279748.850146 0.000000 1305.762712
293067.257970 0.000000 1317.966102
306972.902956 0.000000 1330.169492
321499.724597 0.000000 1342.372881
336649.551574 0.000000 1354.576271
352455.641915 0.000000 1366.779661
368917.178765 0.000000 1378.983051
386065.016818 0.000000 1391.186441
403894.192008 0.000000 1403.389831
422430.329184 0.000000 1415.593220
441661.625381 0.000000 1427.796610
461603.751784 0.000000 1440.000000
482233.152069 0.000000 1452.203390
503547.468571 0.000000 1464.406780
525502.298965 0.000000 1476.610169
548063.143642 0.000000 1488.813559
571147.778573 0.000000 1501.016949
594664.340102 0.000000 1513.220339
618460.934395 0.000000 1525.423729
642342.451710 0.000000 1537.627119
666027.437849 0.000000 1549.830508
689133.249864 0.000000 1562.033898
711137.069825 0.000000 1574.237288
731315.159751 0.000000 1586.440678
748701.218150 0.000000 1598.644068
761964.848760 0.000000 1610.847458
769366.641502 0.000000 1623.050847
768588.140925 0.000000 1635.254237
756750.745664 0.000000 1647.457627
730362.701163 0.000000 1659.661017
685749.724731 0.000000 1671.864407
619703.127693 0.000000 1684.067797
531045.770628 0.000000 1696.271186
422398.163130 0.000000 1708.474576
302073.348539 0.000000 1720.677966
184058.609321 0.000000 1732.881356
85589.619786 0.000000 1745.084746
237819907.851042 0.000000 1757.288136
8530554.464956 0.000000 1769.491525
3643986.480600 0.000000 1781.694915
-3318595.519441 -0.000000 1793.898305
-4464337.335554 -0.000000 1806.101695
-1281484.298920 -0.000000 1818.305085
3669020.418724 0.000000 1830.508475
8317226.992205 0.000000 1842.711864
11998118.802650 0.000000 1854.915254
7303443.263779 0.000000 1867.118644
-9934117.656942 -0.000000 1879.322034
-22338039.133525 -0.000000 1891.525424
-53071496.063142 -0.000000 1903.728814
-30242582.082723 -0.000000 1915.932203
-17868033.855635 -0.000000 1928.135593
-14374458.748421 -0.000000 1940.338983
-13297293.525575 -0.000000 1952.542373
-13873283.845839 -0.000000 1964.745763
-15746574.617470 -0.000000 1976.949153
-17857588.506993 -0.000000 1989.152542
-19887914.812083 -0.000000 2001.355932
-21876419.544948 -0.000000 2013.559322
-23775037.662114 -0.000000 2025.762712
-25736230.887945 -0.000000 2037.966102
-27754474.351964 -0.000000 2050.169492
-30460662.489765 -0.000000 2062.372881
-30827263.052980 -0.000000 2074.576271
-32971636.884193 -0.000000 2086.779661
-4931362375.011822 -0.000000 2098.983051
-454005.909222 -0.000000 2111.186441
-9854867.230305 -0.000000 2123.389831
48055696.230300 0.000000 2135.593220
33182190.445706 0.000000 2147.796610
5268662.874048 0.000000 2160.000000
4771132.798952 0.000000 2172.203390
5655673.610677 0.000000 2184.406780
62713700.608215 0.000000 2196.610169
108748435.077123 0.000000 2208.813559
7417992.692423 0.000000 2221.016949
9723868.324761 0.000000 2233.220339
9845972.869774 0.000000 2245.423729
9022898.404646 0.000000 2257.627119
6611684.007347 0.000000 2269.830508
4277051.277011 0.000000 2282.033898
2961468.747300 0.000000 2294.237288
2664720.423030 0.000000 2306.440678
3081566.102938 0.000000 2318.644068
3886167.156877 0.000000 2330.847458
4834184.631363 0.000000 2343.050847
5780132.229776 0.000000 2355.254237
6648238.443465 0.000000 2367.457627
7410879.949194 0.000000 2379.661017
8067551.310607 0.000000 2391.864407
8625891.068827 0.000000 2404.067797
9103158.156035 0.000000 2416.271186
9508818.338683 0.000000 2428.474576
9860418.548600 0.000000 2440.677966
10163077.786877 0.000000 2452.881356
10430931.429968 0.000000 2465.084746
10664912.873635 0.000000 2477.288136
10875003.452339 0.000000 2489.491525
11059670.800880 0.000000 2501.694915
11225658.552280 0.000000 2513.898305
11370174.843268 0.000000 2526.101695
11495163.765482 0.000000 2538.305085
11592687.890283 0.000000 2550.508475
11660543.760019 0.000000 2562.711864
11704721.776535 0.000000 2574.915254
11755400.072876 0.000000 2587.118644
11838367.532116 0.000000 2599.322034
11949914.434298 0.000000 2611.525424
12059248.421785 0.000000 2623.728814
12146983.099103 0.000000 2635.932203
12206028.778094 0.000000 2648.135593
12236192.268421 0.000000 2660.338983
12238144.147388 0.000000 2672.542373
12222699.637958 0.000000 2684.745763
12194468.186071 0.000000 2696.949153
12152247.456923 0.000000 2709.152542
12106597.768519 0.000000 2721.355932
12081547.727983 0.000000 2733.559322
12073429.620483 0.000000 2745.762712
12061107.909370 0.000000 2757.966102
12042703.864128 0.000000 2770.169492
12037028.717053 0.000000 2782.372881
12027240.861850 0.000000 2794.576271
11907885.386474 0.000000 2806.779661
11553650.660020 0.000000 2818.983051
10844930.931536 0.000000 2831.186441
9656189.615441 0.000000 2843.389831
7743955.379469 0.000000 2855.593220
4945165.901884 0.000000 2867.796610
1515339.826451 0.000000 2880.000000
-587636.944563 -0.000000 2892.203390
1764317.456577 0.000000 2904.406780
13362426.096198 0.000000 2916.610169
26917751.765251 0.000000 2928.813559
29790914.820508 0.000000 2941.016949
29820007.831802 0.000000 2953.220339
30196017.944054 0.000000 2965.423729
30492392.392271 0.000000 2977.627119
30665451.169846 0.000000 2989.830508
30506395.465401 0.000000 3002.033898
30010838.514687 0.000000 3014.237288
29788609.160316 0.000000 3026.440678
29536121.230950 0.000000 3038.644068
29145521.091051 0.000000 3050.847458
28819403.168410 0.000000 3063.050847
28504850.912404 0.000000 3075.254237
28263017.626041 0.000000 3087.457627
28097075.884469 0.000000 3099.661017
27990404.465448 0.000000 3111.864407
27919641.174316 0.000000 3124.067797
27860990.496624 0.000000 3136.271186
27809542.901655 0.000000 3148.474576
27758506.637369 0.000000 3160.677966
27721764.433779 0.000000 3172.881356
27697267.673134 0.000000 3185.084746
27739082.180270 0.000000 3197.288136
27901509.505553 0.000000 3209.491525
28324353.166436 0.000000 3221.694915
28472525.708805 0.000000 3233.898305
28438544.626573 0.000000 3246.101695
30488493.966639 0.000000 3258.305085
33378497.068824 0.000000 3270.508475
33548323.729465 0.000000 3282.711864
32101613.666063 0.000000 3294.915254
30171437.209857 0.000000 3307.118644
27250719.104648 0.000000 3319.322034
28400268.290680 0.000000 3331.525424
12673063.376451 0.000000 3343.728814
7220332.114927 0.000000 3355.932203
184735.086855 0.000000 3368.135593
11618.828963 0.000000 3380.338983
22932.425912 0.000000 3392.542373
28621.246795 0.000000 3404.745763
34136.155864 0.000000 3416.949153
39149.007072 0.000000 3429.152542
43569.498994 0.000000 3441.355932
47432.476052 0.000000 3453.559322
50685.460721 0.000000 3465.762712
53412.510262 0.000000 3477.966102
55629.837871 0.000000 3490.169492
57432.153759 0.000000 3502.372881
58856.408040 0.000000 3514.576271
59983.379793 0.000000 3526.779661
60847.908556 0.000000 3538.983051
61508.698666 0.000000 3551.186441
61991.007338 0.000000 3563.389831
62331.759312 0.000000 3575.593220
62545.505238 0.000000 3587.796610
62650.065010 0.000000 3600.000000
