273399.149928 0.000000 0.000000
274312.958823 0.000000 12.203390
276142.958572 0.000000 24.406780
278891.255061 0.000000 36.610169
282565.123824 0.000000 48.813559
287168.545481 0.000000 61.016949
292713.629973 0.000000 73.220339
299206.424439 0.000000 85.423729
306663.568956 0.000000 97.627119
315093.259465 0.000000 109.830508
324516.246008 0.000000 122.033898
334942.885520 0.000000 134.237288
346397.348294 0.000000 146.440678
358891.983082 0.000000 158.644068
372453.241439 0.000000 170.847458
387094.900460 0.000000 183.050847
402843.804620 0.000000 195.254237
419713.808395 0.000000 207.457627
437728.984629 0.000000 219.661017
456900.407340 0.000000 231.864407
477243.996198 0.000000 244.067797
498762.382099 0.000000 256.271186
521454.013746 0.000000 268.474576
545302.214824 0.000000 280.677966
570271.539929 0.000000 292.881356
596305.519062 0.000000 305.084746
623305.357661 0.000000 317.288136
651136.466509 0.000000 329.491525
679583.153178 0.000000 341.694915
708361.368003 0.000000 353.898305
737040.596682 0.000000 366.101695
765055.967934 0.000000 378.305085
791585.182037 0.000000 390.508475
815548.657034 0.000000 402.711864
835429.531619 0.000000 414.915254
849257.497072 0.000000 427.118644
854389.697171 0.000000 439.322034
847546.104073 0.000000 451.525424
824726.635189 0.000000 463.728814
781650.122004 0.000000 475.932203
714400.343575 0.000000 488.135593
621014.646753 0.000000 500.338983
503367.336053 0.000000 512.542373
369329.744989 0.000000 524.745763
233294.045508 0.000000 536.949153
114289.441899 0.000000 549.152542
396631383.959671 0.000000 561.355932
-3801417.369613 -0.000000 573.559322
-10417327.316175 -0.000000 585.762712
-13457809.096004 -0.000000 597.966102
-13346528.536006 -0.000000 610.169492
-13030131.548555 -0.000000 622.372881
-12956897.587115 -0.000000 634.576271
-12975835.781233 -0.000000 646.779661
-12956688.838194 -0.000000 658.983051
-12829289.540588 -0.000000 671.186441
-12608182.167200 -0.000000 683.389831
-12504568.657467 -0.000000 695.593220
-12555446.944633 -0.000000 707.796610
-12578028.377804 -0.000000 720.000000
-12545575.978730 -0.000000 732.203390
-12507249.503206 -0.000000 744.406780
-12462395.535747 -0.000000 756.610169
-12389663.595798 -0.000000 768.813559
-12275166.966206 -0.000000 781.016949
-12125921.152758 -0.000000 793.220339
-11952903.182880 -0.000000 805.423729
-11770597.893705 -0.000000 817.627119
-11587085.518728 -0.000000 829.830508
-11406267.353534 -0.000000 842.033898
-11227871.238934 -0.000000 854.237288
-11051437.438823 -0.000000 866.440678
-10875662.369190 -0.000000 878.644068
-10700134.962365 -0.000000 890.847458
-10524067.081686 -0.000000 903.050847
-10347304.149946 -0.000000 915.254237
-10169323.181272 -0.000000 927.457627
-9990083.159665 -0.000000 939.661017
-9809338.312823 -0.000000 951.864407
-9627617.177008 -0.000000 964.067797
-9445807.880765 -0.000000 976.271186
-9265978.519090 -0.000000 988.474576
-9090069.064888 -0.000000 1000.677966
-8919314.325635 -0.000000 1012.881356
-8752203.422730 -0.000000 1025.084746
-8585449.592177 -0.000000 1037.288136
-8415060.287965 -0.000000 1049.491525
-8239342.411645 -0.000000 1061.694915
-8058641.722382 -0.000000 1073.898305
-7875193.395129 -0.000000 1086.101695
-7690700.959188 -0.000000 1098.305085
-7506410.363868 -0.000000 1110.508475
-7322022.120938 -0.000000 1122.711864
-7136948.385049 -0.000000 1134.915254
-6949838.525311 -0.000000 1147.118644
-6760477.041880 -0.000000 1159.322034
-6570152.442076 -0.000000 1171.525424
-6383619.135075 -0.000000 1183.728814
-6206769.173788 -0.000000 1195.932203
-6042798.296426 -0.000000 1208.135593
-5886554.516350 -0.000000 1220.338983
-5727077.473414 -0.000000 1232.542373
-5555293.082506 -0.000000 1244.745763
-5371022.548378 -0.000000 1256.949153
-5180323.939025 -0.000000 1269.152542
-4989876.507713 -0.000000 1281.355932
-4803026.199819 -0.000000 1293.559322
-4620188.276469 -0.000000 1305.762712
-4440328.284351 -0.000000 1317.966102
-4262137.162838 -0.000000 1330.169492
-4084699.687374 -0.000000 1342.372881
-3907179.913447 -0.000000 1354.576271
-3729234.015214 -0.000000 1366.779661
-3550252.241187 -0.000000 1378.983051
-3370144.699811 -0.000000 1391.186441
-3188389.213638 -0.000000 1403.389831
-3005291.594256 -0.000000 1415.593220
-2820952.859291 -0.000000 1427.796610
-2636923.345196 -0.000000 1440.000000
-2454631.060154 -0.000000 1452.203390
-2276456.306314 -0.000000 1464.406780
-2102971.749643 -0.000000 1476.610169
-1934187.553972 -0.000000 1488.813559
-1767887.668564 -0.000000 1501.016949
-1602520.139469 -0.000000 1513.220339
-1435436.519644 -0.000000 1525.423729
-1265137.795011 -0.000000 1537.627119
-1089394.835954 -0.000000 1549.830508
-908341.018251 -0.000000 1562.033898
-722127.065875 -0.000000 1574.237288
-532634.614481 -0.000000 1586.440678
-340391.884026 -0.000000 1598.644068
-147740.684873 -0.000000 1610.847458
42239.348809 0.000000 1623.050847
222901.747087 0.000000 1635.254237
389945.814714 0.000000 1647.457627
544486.839475 0.000000 1659.661017
696928.555334 0.000000 1671.864407
857806.609401 0.000000 1684.067797
1031932.040762 0.000000 1696.271186
1214948.644089 0.000000 1708.474576
1400557.950014 0.000000 1720.677966
1582982.321154 0.000000 1732.881356
1759951.265385 0.000000 1745.084746
1929850.074228 0.000000 1757.288136
2092986.487254 0.000000 1769.491525
2250416.981524 0.000000 1781.694915
2406226.017263 0.000000 1793.898305
2565199.631503 0.000000 1806.101695
2732801.397163 0.000000 1818.305085
2912134.208532 0.000000 1830.508475
3106392.468289 0.000000 1842.711864
3318377.164940 0.000000 1854.915254
3554783.337501 0.000000 1867.118644
3823942.243505 0.000000 1879.322034
4139954.498199 0.000000 1891.525424
4516870.761401 0.000000 1903.728814
4974957.078831 0.000000 1915.932203
5526604.375301 0.000000 1928.135593
6187120.902340 0.000000 1940.338983
6929020.681165 0.000000 1952.542373
7690961.105749 0.000000 1964.745763
8192311.331957 0.000000 1976.949153
7999631.302374 0.000000 1989.152542
6417307.679708 0.000000 2001.355932
7735258.842710 0.000000 2013.559322
7825926.873497 0.000000 2025.762712
273982.393084 0.000000 2037.966102
-14078014.418195 -0.000000 2050.169492
-39776540.200966 -0.000000 2062.372881
-77521116.500950 -0.000000 2074.576271
-24363052.051127 -0.000000 2086.779661
-16450442.894236 -0.000000 2098.983051
-13991807.490757 -0.000000 2111.186441
-13199964.618839 -0.000000 2123.389831
-13249162.086855 -0.000000 2135.593220
-12747730.112355 -0.000000 2147.796610
-10861059.974309 -0.000000 2160.000000
-11324686.587747 -0.000000 2172.203390
-19504992.519394 -0.000000 2184.406780
-31174365.556952 -0.000000 2196.610169
-32481777.716083 -0.000000 2208.813559
-22994200.036269 -0.000000 2221.016949
-62681526.520517 -0.000000 2233.220339
-746179150.354935 -0.000000 2245.423729
-3997913.311100 -0.000000 2257.627119
4206062.192988 0.000000 2269.830508
6581460.327537 0.000000 2282.033898
6048577.038328 0.000000 2294.237288
4698588.716518 0.000000 2306.440678
2471503.177070 0.000000 2318.644068
253090.413625 0.000000 2330.847458
-1157530.710699 -0.000000 2343.050847
-1548514.376819 -0.000000 2355.254237
-1153305.104743 -0.000000 2367.457627
-278536.557043 -0.000000 2379.661017
778885.038253 0.000000 2391.864407
1879030.569917 0.000000 2404.067797
2912335.668650 0.000000 2416.271186
3869077.506928 0.000000 2428.474576
4721152.491498 0.000000 2440.677966
5494902.949889 0.000000 2452.881356
6182759.177815 0.000000 2465.084746
6810845.925895 0.000000 2477.288136
7374144.992190 0.000000 2489.491525
7891842.511642 0.000000 2501.694915
8359028.014440 0.000000 2513.898305
8789565.864967 0.000000 2526.101695
9179141.305689 0.000000 2538.305085
9538736.732045 0.000000 2550.508475
9864436.224082 0.000000 2562.711864
10164454.065722 0.000000 2574.915254
10431464.967922 0.000000 2587.118644
10666246.385734 0.000000 2599.322034
10858059.711607 0.000000 2611.525424
11019878.329948 0.000000 2623.728814
11173905.546658 0.000000 2635.932203
11351112.353971 0.000000 2648.135593
11541768.071539 0.000000 2660.338983
11721813.009370 0.000000 2672.542373
11871649.451647 0.000000 2684.745763
11996636.607517 0.000000 2696.949153
12104316.177700 0.000000 2709.152542
12202992.421425 0.000000 2721.355932
12295561.113991 0.000000 2733.559322
12383238.494760 0.000000 2745.762712
12464646.117446 0.000000 2757.966102
12530668.965680 0.000000 2770.169492
12566243.703328 0.000000 2782.372881
12553008.923711 0.000000 2794.576271
12500564.175603 0.000000 2806.779661
12446341.560175 0.000000 2818.983051
12422066.437962 0.000000 2831.186441
12381810.861350 0.000000 2843.389831
12206106.418151 0.000000 2855.593220
11757252.246623 0.000000 2867.796610
10929216.976827 0.000000 2880.000000
9632014.846540 0.000000 2892.203390
7670081.825331 0.000000 2904.406780
4872017.660860 0.000000 2916.610169
1601996.005764 0.000000 2928.813559
41114.489851 0.000000 2941.016949
4606827.381760 0.000000 2953.220339
17660191.915354 0.000000 2965.423729
29092607.540248 0.000000 2977.627119
30385188.933464 0.000000 2989.830508
30401884.238633 0.000000 3002.033898
30856654.288101 0.000000 3014.237288
31112773.285772 0.000000 3026.440678
31246696.244504 0.000000 3038.644068
30917146.926821 0.000000 3050.847458
30434851.047260 0.000000 3063.050847
30264570.751898 0.000000 3075.254237
29901855.917484 0.000000 3087.457627
29533164.241821 0.000000 3099.661017
29222481.106406 0.000000 3111.864407
28925327.624745 0.000000 3124.067797
28721565.485837 0.000000 3136.271186
28571600.449250 0.000000 3148.474576
28468335.847022 0.000000 3160.677966
28388043.399199 0.000000 3172.881356
28320454.280079 0.000000 3185.084746
28253250.417212 0.000000 3197.288136
28193454.307819 0.000000 3209.491525
28149608.295889 0.000000 3221.694915
28145725.754877 0.000000 3233.898305
28224123.563709 0.000000 3246.101695
28502180.394072 0.000000 3258.305085
28964564.949347 0.000000 3270.508475
28941727.024876 0.000000 3282.711864
29407465.100050 0.000000 3294.915254
31980159.467150 0.000000 3307.118644
34077022.335204 0.000000 3319.322034
33756664.859582 0.000000 3331.525424
32137728.378832 0.000000 3343.728814
30507350.671684 0.000000 3355.932203
27128416.181402 0.000000 3368.135593
27395938.013309 0.000000 3380.338983
5363317.673180 0.000000 3392.542373
6234321.966831 0.000000 3404.745763
15934.686575 0.000000 3416.949153
27721.086722 0.000000 3429.152542
39196.638860 0.000000 3441.355932
49898.232057 0.000000 3453.559322
59809.286549 0.000000 3465.762712
68663.845258 0.000000 3477.966102
76426.057561 0.000000 3490.169492
83049.598106 0.000000 3502.372881
88594.956373 0.000000 3514.576271
93132.189499 0.000000 3526.779661
96770.080319 0.000000 3538.983051
99609.191522 0.000000 3551.186441
101751.979280 0.000000 3563.389831
103280.561186 0.000000 3575.593220
104262.713613 0.000000 3587.796610
104742.147640 0.000000 3600.000000
