704726.217825 0.000000 0.000000
683860.431010 0.000000 12.203390
641148.191482 0.000000 24.406780
575114.172462 0.000000 36.610169
484673.592797 0.000000 48.813559
370208.163578 0.000000 61.016949
234176.858515 0.000000 73.220339
219477818.796662 0.000000 85.423729
-2644769.833777 -0.000000 97.627119
-11202247.952701 -0.000000 109.830508
-13786922.336436 -0.000000 122.033898
-13210113.716567 -0.000000 134.237288
-12900392.490297 -0.000000 146.440678
-12777515.966920 -0.000000 158.644068
-12844554.315980 -0.000000 170.847458
-12901248.814825 -0.000000 183.050847
-12868769.482729 -0.000000 195.254237
-12745984.047068 -0.000000 207.457627
-12625786.326989 -0.000000 219.661017
-12609517.553580 -0.000000 231.864407
-12674457.748507 -0.000000 244.067797
-12746101.138971 -0.000000 256.271186
-12794607.064685 -0.000000 268.474576
-12814413.087257 -0.000000 280.677966
-12813403.700468 -0.000000 292.881356
-12810874.733493 -0.000000 305.084746
-12809780.174635 -0.000000 317.288136
-12804577.857190 -0.000000 329.491525
-12795054.918782 -0.000000 341.694915
-12786172.411892 -0.000000 353.898305
-12777381.578672 -0.000000 366.101695
-12772614.456808 -0.000000 378.305085
-12771210.141371 -0.000000 390.508475
-12771263.269829 -0.000000 402.711864
-12771197.463672 -0.000000 414.915254
-12773330.851939 -0.000000 427.118644
-12776305.626170 -0.000000 439.322034
-12780014.568747 -0.000000 451.525424
-12782873.244599 -0.000000 463.728814
-12785143.073601 -0.000000 475.932203
-12785993.213248 -0.000000 488.135593
-12786089.393555 -0.000000 500.338983
-12784505.488842 -0.000000 512.542373
-12782809.706155 -0.000000 524.745763
-12780927.850684 -0.000000 536.949153
-12780112.776551 -0.000000 549.152542
-12779928.222064 -0.000000 561.355932
-12780499.852368 -0.000000 573.559322
-12780875.445501 -0.000000 585.762712
-12781452.032401 -0.000000 597.966102
-12781970.187343 -0.000000 610.169492
-12782535.399113 -0.000000 622.372881
-12782760.397372 -0.000000 634.576271
-12783108.559445 -0.000000 646.779661
-12783145.490549 -0.000000 658.983051
-12783186.646310 -0.000000 671.186441
-12783211.076335 -0.000000 683.389831
-12783368.349883 -0.000000 695.593220
-12783463.560776 -0.000000 707.796610
-12783489.101480 -0.000000 720.000000
-12783426.336157 -0.000000 732.203390
-12783464.296243 -0.000000 744.406780
-12783236.942735 -0.000000 756.610169
-12783225.348139 -0.000000 768.813559
-12783513.431209 -0.000000 781.016949
-12783379.343880 -0.000000 793.220339
-12783139.681229 -0.000000 805.423729
-12783024.285685 -0.000000 817.627119
-12783163.684674 -0.000000 829.830508
-12784201.490071 -0.000000 842.033898
-12784817.964897 -0.000000 854.237288
-12784625.382641 -0.000000 866.440678
-12785232.287750 -0.000000 878.644068
-12785965.368950 -0.000000 890.847458
-12784861.666406 -0.000000 903.050847
-12783349.116442 -0.000000 915.254237
-12783583.606990 -0.000000 927.457627
-12783686.766698 -0.000000 939.661017
-12783363.447566 -0.000000 951.864407
-12784662.015067 -0.000000 964.067797
-12785884.395707 -0.000000 976.271186
-12785495.167090 -0.000000 988.474576
-12785374.051967 -0.000000 1000.677966
-12785387.048738 -0.000000 1012.881356
-12785106.361228 -0.000000 1025.084746
-12784853.247940 -0.000000 1037.288136
-12784701.025401 -0.000000 1049.491525
-12784761.424274 -0.000000 1061.694915
-12784904.193322 -0.000000 1073.898305
-12784912.351929 -0.000000 1086.101695
-12784950.398428 -0.000000 1098.305085
-12785090.078458 -0.000000 1110.508475
-12785241.190125 -0.000000 1122.711864
-12785353.915579 -0.000000 1134.915254
-12785379.989279 -0.000000 1147.118644
-12785188.381257 -0.000000 1159.322034
-12784761.960927 -0.000000 1171.525424
-12784824.912617 -0.000000 1183.728814
-12785445.901814 -0.000000 1195.932203
-12784603.933816 -0.000000 1208.135593
-12784255.831637 -0.000000 1220.338983
-12784203.241905 -0.000000 1232.542373
-12784025.520788 -0.000000 1244.745763
-12784190.687719 -0.000000 1256.949153
-12784189.616590 -0.000000 1269.152542
-12783857.774110 -0.000000 1281.355932
-12784620.154384 -0.000000 1293.559322
-12785194.860550 -0.000000 1305.762712
-12786683.660484 -0.000000 1317.966102
-12788650.974502 -0.000000 1330.169492
-12790897.299097 -0.000000 1342.372881
-12793607.431558 -0.000000 1354.576271
-12795198.121395 -0.000000 1366.779661
-12797413.588741 -0.000000 1378.983051
-12789970.443910 -0.000000 1391.186441
-12779237.657210 -0.000000 1403.389831
-12750345.113134 -0.000000 1415.593220
-12676411.928773 -0.000000 1427.796610
-12589295.116781 -0.000000 1440.000000
-12612813.275513 -0.000000 1452.203390
-12763081.805845 -0.000000 1464.406780
-12874408.017561 -0.000000 1476.610169
-12866639.349655 -0.000000 1488.813559
-12879336.214711 -0.000000 1501.016949
-13072700.973909 -0.000000 1513.220339
-14279462.572979 -0.000000 1525.423729
-12807105.970337 -0.000000 1537.627119
-4311110.051538 -0.000000 1549.830508
-890420.201647 -0.000000 1562.033898
-2231512.172530 -0.000000 1574.237288
-3287733.961949 -0.000000 1586.440678
-4235926.635862 -0.000000 1598.644068
-4985460.078731 -0.000000 1610.847458
-5547906.117936 -0.000000 1623.050847
-5889960.732064 -0.000000 1635.254237
-6016544.049258 -0.000000 1647.457627
-5925550.876144 -0.000000 1659.661017
-5619599.845724 -0.000000 1671.864407
-5102833.080316 -0.000000 1684.067797
-4384846.774578 -0.000000 1696.271186
-3503314.798099 -0.000000 1708.474576
-2440439.546629 -0.000000 1720.677966
-1308571.669232 -0.000000 1732.881356
-1794537.055413 -0.000000 1745.084746
-10302099.538687 -0.000000 1757.288136
-14767405.383215 -0.000000 1769.491525
-13301725.821251 -0.000000 1781.694915
-12924732.374378 -0.000000 1793.898305
-12874139.137748 -0.000000 1806.101695
-12886929.869283 -0.000000 1818.305085
-12684545.223083 -0.000000 1830.508475
-12476346.778465 -0.000000 1842.711864
-12469934.504626 -0.000000 1854.915254
-12524911.503311 -0.000000 1867.118644
-12540541.223267 -0.000000 1879.322034
-12549071.239337 -0.000000 1891.525424
-12559346.868236 -0.000000 1903.728814
-12563172.583683 -0.000000 1915.932203
-12531907.730040 -0.000000 1928.135593
-12433491.687527 -0.000000 1940.338983
-12287133.763686 -0.000000 1952.542373
-12056997.763733 -0.000000 1964.745763
-11689719.087930 -0.000000 1976.949153
-11132206.818983 -0.000000 1989.152542
-10305457.719360 -0.000000 2001.355932
-9113090.417464 -0.000000 2013.559322
-7447035.343955 -0.000000 2025.762712
-5226929.113341 -0.000000 2037.966102
-2418899.426698 -0.000000 2050.169492
871658.965902 0.000000 2062.372881
4432328.828443 0.000000 2074.576271
7810143.905297 0.000000 2086.779661
9747222.733865 0.000000 2098.983051
6642341.949085 0.000000 2111.186441
-6334379.767074 -0.000000 2123.389831
-18477111.315190 -0.000000 2135.593220
-16443818.257240 -0.000000 2147.796610
-16002508.760914 -0.000000 2160.000000
-18054378.045399 -0.000000 2172.203390
-20029794.784400 -0.000000 2184.406780
-18268083.688358 -0.000000 2196.610169
-15410164.045335 -0.000000 2208.813559
-15045518.307280 -0.000000 2221.016949
-14353537.247718 -0.000000 2233.220339
-14722239.716233 -0.000000 2245.423729
-14904647.891196 -0.000000 2257.627119
-15190712.435462 -0.000000 2269.830508
-15377294.461576 -0.000000 2282.033898
-15449924.931699 -0.000000 2294.237288
-15506337.199752 -0.000000 2306.440678
-15665993.617910 -0.000000 2318.644068
-15891466.601500 -0.000000 2330.847458
-16193900.206514 -0.000000 2343.050847
-16825025.973278 -0.000000 2355.254237
-17941218.763002 -0.000000 2367.457627
-19873214.835546 -0.000000 2379.661017
-23853441.113229 -0.000000 2391.864407
-31967936.737177 -0.000000 2404.067797
-31252419.571352 -0.000000 2416.271186
-10208820.753730 -0.000000 2428.474576
-2919977.078446 -0.000000 2440.677966
982527.792357 0.000000 2452.881356
3118812.943866 0.000000 2465.084746
4882071.108627 0.000000 2477.288136
6241618.486599 0.000000 2489.491525
7317651.747153 0.000000 2501.694915
8197510.811045 0.000000 2513.898305
8957588.050849 0.000000 2526.101695
9638507.739566 0.000000 2538.305085
10265455.214714 0.000000 2550.508475
10842136.541421 0.000000 2562.711864
11373239.705764 0.000000 2574.915254
11855268.635621 0.000000 2587.118644
12291044.856051 0.000000 2599.322034
12679565.876196 0.000000 2611.525424
13025152.416781 0.000000 2623.728814
13329402.270824 0.000000 2635.932203
13597244.170267 0.000000 2648.135593
13831397.011966 0.000000 2660.338983
14036353.129238 0.000000 2672.542373
14214815.281181 0.000000 2684.745763
14370366.163170 0.000000 2696.949153
14505265.175196 0.000000 2709.152542
14622261.595467 0.000000 2721.355932
14723166.423691 0.000000 2733.559322
14810118.836454 0.000000 2745.762712
14884545.805623 0.000000 2757.966102
14948159.646891 0.000000 2770.169492
15002050.469847 0.000000 2782.372881
15047663.096437 0.000000 2794.576271
15085796.755910 0.000000 2806.779661
15117811.218114 0.000000 2818.983051
15144272.153017 0.000000 2831.186441
15166670.905394 0.000000 2843.389831
15185361.835962 0.000000 2855.593220
15202077.592313 0.000000 2867.796610
15216649.520640 0.000000 2880.000000
15230399.427758 0.000000 2892.203390
15240906.203272 0.000000 2904.406780
15245736.180336 0.000000 2916.610169
15234301.562439 0.000000 2928.813559
15190426.952325 0.000000 2941.016949
15081181.431363 0.000000 2953.220339
14857295.443903 0.000000 2965.423729
14447824.789686 0.000000 2977.627119
13771789.815817 0.000000 2989.830508
12724122.503561 0.000000 3002.033898
11013951.505615 0.000000 3014.237288
8110797.717928 0.000000 3026.440678
3957656.049011 0.000000 3038.644068
1043784.747231 0.000000 3050.847458
4382221.913714 0.000000 3063.050847
18270047.448288 0.000000 3075.254237
30160468.355886 0.000000 3087.457627
30404039.942428 0.000000 3099.661017
30418257.579805 0.000000 3111.864407
31098636.525852 0.000000 3124.067797
31319459.364603 0.000000 3136.271186
31359945.836948 0.000000 3148.474576
31203720.857433 0.000000 3160.677966
30642735.308772 0.000000 3172.881356
30388911.584796 0.000000 3185.084746
30189640.984639 0.000000 3197.288136
29823359.223794 0.000000 3209.491525
29527471.463149 0.000000 3221.694915
29257809.147674 0.000000 3233.898305
29045716.718727 0.000000 3246.101695
28890231.642922 0.000000 3258.305085
28763035.243701 0.000000 3270.508475
28650837.171103 0.000000 3282.711864
28547533.355553 0.000000 3294.915254
28448150.265194 0.000000 3307.118644
28357629.215267 0.000000 3319.322034
28288019.842683 0.000000 3331.525424
28262493.176280 0.000000 3343.728814
28324649.487030 0.000000 3355.932203
28582799.211425 0.000000 3368.135593
29035899.088725 0.000000 3380.338983
28950688.565106 0.000000 3392.542373
29337189.295297 0.000000 3404.745763
32175754.968648 0.000000 3416.949153
34519100.353053 0.000000 3429.152542
34197772.160860 0.000000 3441.355932
32562597.793075 0.000000 3453.559322
30944778.034446 0.000000 3465.762712
27494847.397468 0.000000 3477.966102
27494564.596412 0.000000 3490.169492
5643718.504630 0.000000 3502.372881
48468333.545064 0.000000 3514.576271
114138.578398 0.000000 3526.779661
179642.337041 0.000000 3538.983051
234786.167366 0.000000 3551.186441
279142.717206 0.000000 3563.389831
312710.189516 0.000000 3575.593220
335176.555610 0.000000 3587.796610
346454.246584 0.000000 3600.000000
