6013.424918 0.000000 0.000000
6030.630044 0.000000 12.203390
6065.230073 0.000000 24.406780
6117.032383 0.000000 36.610169
6186.354088 0.000000 48.813559
6273.227217 0.000000 61.016949
6378.002476 0.000000 73.220339
6500.761700 0.000000 85.423729
6641.998340 0.000000 97.627119
6801.836759 0.000000 109.830508
6980.933470 0.000000 122.033898
7179.463912 0.000000 134.237288
7398.268043 0.000000 146.440678
7637.583932 0.000000 158.644068
7898.457932 0.000000 170.847458
8181.205398 0.000000 183.050847
8487.106334 0.000000 195.254237
8816.570197 0.000000 207.457627
9171.142105 0.000000 219.661017
9551.344091 0.000000 231.864407
9959.021746 0.000000 244.067797
10394.829951 0.000000 256.271186
10860.954003 0.000000 268.474576
11358.202802 0.000000 280.677966
11889.145052 0.000000 292.881356
12454.765450 0.000000 305.084746
13058.062427 0.000000 317.288136
13700.219009 0.000000 329.491525
14384.713619 0.000000 341.694915
15112.949281 0.000000 353.898305
15888.938884 0.000000 366.101695
16714.326387 0.000000 378.305085
17593.715851 0.000000 390.508475
18529.012817 0.000000 402.711864
19525.473754 0.000000 414.915254
20585.283643 0.000000 427.118644
21714.417137 0.000000 439.322034
22915.356004 0.000000 451.525424
24194.861864 0.000000 463.728814
25555.729247 0.000000 475.932203
27005.581854 0.000000 488.135593
28547.539791 0.000000 500.338983
30190.170419 0.000000 512.542373
31936.931832 0.000000 524.745763
33797.422127 0.000000 536.949153
35775.448593 0.000000 549.152542
37881.736308 0.000000 561.355932
40120.449821 0.000000 573.559322
42503.546194 0.000000 585.762712
45035.556529 0.000000 597.966102
47729.783936 0.000000 610.169492
50591.132122 0.000000 622.372881
53634.376523 0.000000 634.576271
56864.799212 0.000000 646.779661
60298.784467 0.000000 658.983051
63941.997909 0.000000 671.186441
67812.581785 0.000000 683.389831
71916.588610 0.000000 695.593220
76274.080320 0.000000 707.796610
80891.499998 0.000000 720.000000
85791.002933 0.000000 732.203390
90979.426785 0.000000 744.406780
96481.205636 0.000000 756.610169
102303.576319 0.000000 768.813559
108473.448961 0.000000 781.016949
114998.468061 0.000000 793.220339
121908.224203 0.000000 805.423729
129210.785253 0.000000 817.627119
136938.632813 0.000000 829.830508
145100.279828 0.000000 842.033898
153731.309149 0.000000 854.237288
162840.716946 0.000000 866.440678
172467.387569 0.000000 878.644068
182620.854561 0.000000 890.847458
193343.479967 0.000000 903.050847
204645.411309 0.000000 915.254237
216572.620687 0.000000 927.457627
229135.964355 0.000000 939.661017
242385.077852 0.000000 951.864407
256331.635252 0.000000 964.067797
271028.857398 0.000000 976.271186
286489.333389 0.000000 988.474576
302769.573838 0.000000 1000.677966
319883.108055 0.000000 1012.881356
337889.094111 0.000000 1025.084746
356801.837280 0.000000 1037.288136
376681.922462 0.000000 1049.491525
397543.839334 0.000000 1061.694915
419447.434007 0.000000 1073.898305
442405.923024 0.000000 1086.101695
466474.645872 0.000000 1098.305085
491662.387330 0.000000 1110.508475
518013.471412 0.000000 1122.711864
545525.858319 0.000000 1134.915254
574221.518809 0.000000 1147.118644
604075.091846 0.000000 1159.322034
635066.193689 0.000000 1171.525424
667122.200008 0.000000 1183.728814
700144.513529 0.000000 1195.932203
733967.828583 0.000000 1208.135593
768350.114921 0.000000 1220.338983
802947.830984 0.000000 1232.542373
837256.009637 0.000000 1244.745763
870593.766731 0.000000 1256.949153
901976.549888 0.000000 1269.152542
930100.669710 0.000000 1281.355932
953130.544912 0.000000 1293.559322
968680.152166 0.000000 1305.762712
973538.564635 0.000000 1317.966102
963742.628937 0.000000 1330.169492
934477.671568 0.000000 1342.372881
880716.910317 0.000000 1354.576271
798082.381586 0.000000 1366.779661
684986.091594 0.000000 1378.983051
544939.764913 0.000000 1391.186441
389052.458001 0.000000 1403.389831
235938.418698 0.000000 1415.593220
108544.193091 0.000000 1427.796610
408016074.758497 0.000000 1440.000000
-4067824.598799 -0.000000 1452.203390
-10399494.808762 -0.000000 1464.406780
-13283854.503523 -0.000000 1476.610169
-13297834.542560 -0.000000 1488.813559
-13000715.312294 -0.000000 1501.016949
-12940335.132140 -0.000000 1513.220339
-12948929.422965 -0.000000 1525.423729
-12884322.875418 -0.000000 1537.627119
-12662019.069144 -0.000000 1549.830508
-12391621.250396 -0.000000 1562.033898
-12357631.932086 -0.000000 1574.237288
-12363551.347181 -0.000000 1586.440678
-12259798.841251 -0.000000 1598.644068
-12136839.790608 -0.000000 1610.847458
-12008732.159074 -0.000000 1623.050847
-11870324.074477 -0.000000 1635.254237
-11721499.291901 -0.000000 1647.457627
-11560157.184170 -0.000000 1659.661017
-11386825.425331 -0.000000 1671.864407
-11199093.032571 -0.000000 1684.067797
-10994635.151042 -0.000000 1696.271186
-10766944.795875 -0.000000 1708.474576
-10506247.825978 -0.000000 1720.677966
-10197470.541413 -0.000000 1732.881356
-9816778.453922 -0.000000 1745.084746
-9332998.029144 -0.000000 1757.288136
-8697246.939082 -0.000000 1769.491525
-7850140.441326 -0.000000 1781.694915
-6702462.358347 -0.000000 1793.898305
-5154356.587819 -0.000000 1806.101695
-3074176.450371 -0.000000 1818.305085
-359410.742268 -0.000000 1830.508475
3066477.312238 0.000000 1842.711864
7083429.262225 0.000000 1854.915254
11102392.281251 0.000000 1867.118644
13353867.540820 0.000000 1879.322034
13718287.553501 0.000000 1891.525424
13063085.551702 0.000000 1903.728814
2580407.720173 0.000000 1915.932203
-12867294.336368 -0.000000 1928.135593
-15234689.333705 -0.000000 1940.338983
-84257640.680850 -0.000000 1952.542373
-28753012.141583 -0.000000 1964.745763
-17277768.106038 -0.000000 1976.949153
-14233059.307134 -0.000000 1989.152542
-13424413.049697 -0.000000 2001.355932
-14521017.390528 -0.000000 2013.559322
-16984930.661105 -0.000000 2025.762712
-19581645.838960 -0.000000 2037.966102
-21932509.291397 -0.000000 2050.169492
-23994874.828034 -0.000000 2062.372881
-25730663.308121 -0.000000 2074.576271
-27183817.114702 -0.000000 2086.779661
-28456579.353405 -0.000000 2098.983051
-29360148.948709 -0.000000 2111.186441
-29825035.790764 -0.000000 2123.389831
-24942212.337897 -0.000000 2135.593220
-39809446.182851 -0.000000 2147.796610
-308418992.768388 -0.000000 2160.000000
-24064849.133021 -0.000000 2172.203390
-6318413.088318 -0.000000 2184.406780
-7251814.803674 -0.000000 2196.610169
-7170716.334066 -0.000000 2208.813559
-7656348.337060 -0.000000 2221.016949
-7564948.598595 -0.000000 2233.220339
-6613834.841120 -0.000000 2245.423729
-5055263.971594 -0.000000 2257.627119
-3106595.097657 -0.000000 2269.830508
-1068279.540361 -0.000000 2282.033898
813520.938731 0.000000 2294.237288
2437202.534465 0.000000 2306.440678
3797628.828629 0.000000 2318.644068
4940874.990527 0.000000 2330.847458
5919354.050191 0.000000 2343.050847
6776561.753519 0.000000 2355.254237
7540970.483314 0.000000 2367.457627
8229431.930319 0.000000 2379.661017
8851565.159985 0.000000 2391.864407
9412488.525444 0.000000 2404.067797
9916711.213258 0.000000 2416.271186
10367258.225422 0.000000 2428.474576
10768546.011679 0.000000 2440.677966
11123942.467019 0.000000 2452.881356
11438137.361707 0.000000 2465.084746
11714737.532204 0.000000 2477.288136
11958033.433181 0.000000 2489.491525
12171306.563099 0.000000 2501.694915
12357946.387580 0.000000 2513.898305
12520805.234375 0.000000 2526.101695
12662634.869307 0.000000 2538.305085
12786187.463597 0.000000 2550.508475
12893778.359538 0.000000 2562.711864
12987896.896588 0.000000 2574.915254
13070214.760440 0.000000 2587.118644
13142745.605607 0.000000 2599.322034
13206603.178742 0.000000 2611.525424
13263323.337699 0.000000 2623.728814
13313588.472754 0.000000 2635.932203
13358002.507841 0.000000 2648.135593
13396107.087831 0.000000 2660.338983
13424833.248445 0.000000 2672.542373
13437771.325250 0.000000 2684.745763
13418103.750993 0.000000 2696.949153
13338723.655563 0.000000 2709.152542
13146284.692007 0.000000 2721.355932
12766970.541655 0.000000 2733.559322
12085922.772129 0.000000 2745.762712
10964845.946221 0.000000 2757.966102
9155494.467901 0.000000 2770.169492
6403035.708300 0.000000 2782.372881
2770417.541035 0.000000 2794.576271
138081.822782 0.000000 2806.779661
1339491.062731 0.000000 2818.983051
11376782.312141 0.000000 2831.186441
25711004.704072 0.000000 2843.389831
29801268.167307 0.000000 2855.593220
29800092.315809 0.000000 2867.796610
30283893.223473 0.000000 2880.000000
30703067.098046 0.000000 2892.203390
30966500.180945 0.000000 2904.406780
31005389.172332 0.000000 2916.610169
30499805.680095 0.000000 2928.813559
30167113.779589 0.000000 2941.016949
29911325.412561 0.000000 2953.220339
29488259.606172 0.000000 2965.423729
29164274.373190 0.000000 2977.627119
28878885.712821 0.000000 2989.830508
28671899.705903 0.000000 3002.033898
28535335.758827 0.000000 3014.237288
28447360.255608 0.000000 3026.440678
28385437.920805 0.000000 3038.644068
28327961.457737 0.000000 3050.847458
28263131.270722 0.000000 3063.050847
28192297.320537 0.000000 3075.254237
28134979.284567 0.000000 3087.457627
28119523.305848 0.000000 3099.661017
28186421.948635 0.000000 3111.864407
28383101.563599 0.000000 3124.067797
28762150.903222 0.000000 3136.271186
29050582.369299 0.000000 3148.474576
29073280.310867 0.000000 3160.677966
30287386.876914 0.000000 3172.881356
32687944.272205 0.000000 3185.084746
33705050.124072 0.000000 3197.288136
32983000.059447 0.000000 3209.491525
31235524.631524 0.000000 3221.694915
29654352.539686 0.000000 3233.898305
29595962.897678 0.000000 3246.101695
21063800.459422 0.000000 3258.305085
-1087033.857418 -0.000000 3270.508475
1211009.789834 0.000000 3282.711864
12304.777218 0.000000 3294.915254
22249.404172 0.000000 3307.118644
32681.094698 0.000000 3319.322034
42909.844283 0.000000 3331.525424
52695.636563 0.000000 3343.728814
61671.518175 0.000000 3355.932203
69668.189158 0.000000 3368.135593
76577.288011 0.000000 3380.338983
82402.368052 0.000000 3392.542373
87193.887966 0.000000 3404.745763
91053.647500 0.000000 3416.949153
94093.312112 0.000000 3429.152542
96438.400745 0.000000 3441.355932
98202.529867 0.000000 3453.559322
99496.707123 0.000000 3465.762712
100413.136359 0.000000 3477.966102
101037.011133 0.000000 3490.169492
101435.429157 0.000000 3502.372881
101668.912500 0.000000 3514.576271
101783.162840 0.000000 3526.779661
101818.855473 0.000000 3538.983051
101805.375290 0.000000 3551.186441
101768.296765 0.000000 3563.389831
101724.916358 0.000000 3575.593220
101689.106028 0.000000 3587.796610
101669.042369 0.000000 3600.000000
