143734.966280 0.000000 0.000000
144270.478285 0.000000 12.203390
145342.226345 0.000000 24.406780
146953.191199 0.000000 36.610169
149105.723476 0.000000 48.813559
151805.507939 0.000000 61.016949
155056.627062 0.000000 73.220339
158867.567736 0.000000 85.423729
163244.148270 0.000000 97.627119
168197.632643 0.000000 109.830508
173735.661350 0.000000 122.033898
179872.215760 0.000000 134.237288
186616.868018 0.000000 146.440678
193986.212541 0.000000 158.644068
201991.866809 0.000000 170.847458
210652.862231 0.000000 183.050847
219982.954617 0.000000 195.254237
230003.320042 0.000000 207.457627
240729.870157 0.000000 219.661017
252185.439966 0.000000 231.864407
264387.944805 0.000000 244.067797
277361.070628 0.000000 256.271186
291124.238280 0.000000 268.474576
305700.630873 0.000000 280.677966
321110.015165 0.000000 292.881356
337372.774124 0.000000 305.084746
354506.639869 0.000000 317.288136
372525.237728 0.000000 329.491525
391439.644987 0.000000 341.694915
411249.814053 0.000000 353.898305
431951.472692 0.000000 366.101695
453518.605455 0.000000 378.305085
475915.443360 0.000000 390.508475
499067.843767 0.000000 402.711864
522878.708376 0.000000 414.915254
547185.360029 0.000000 427.118644
571774.408091 0.000000 439.322034
596320.640717 0.000000 451.525424
620393.865561 0.000000 463.728814
643372.356098 0.000000 475.932203
664430.393344 0.000000 488.135593
682418.662268 0.000000 500.338983
695824.808140 0.000000 512.542373
702631.228721 0.000000 524.745763
700287.862308 0.000000 536.949153
685661.580587 0.000000 549.152542
655256.312125 0.000000 561.355932
605670.997903 0.000000 573.559322
534641.100530 0.000000 585.762712
442519.830822 0.000000 597.966102
334052.193657 0.000000 610.169492
219406.348451 0.000000 622.372881
113451.372694 0.000000 634.576271
217734040.061306 0.000000 646.779661
-5030563.110653 -0.000000 658.983051
-11262939.105371 -0.000000 671.186441
-13491643.480317 -0.000000 683.389831
-13275097.606351 -0.000000 695.593220
-13019562.188124 -0.000000 707.796610
-12923715.649268 -0.000000 720.000000
-12931028.303636 -0.000000 732.203390
-12921757.778734 -0.000000 744.406780
-12849808.174314 -0.000000 756.610169
-12725517.696060 -0.000000 768.813559
-12620659.378926 -0.000000 781.016949
-12656108.268295 -0.000000 793.220339
-12757038.143916 -0.000000 805.423729
-12796819.012935 -0.000000 817.627119
-12803727.237853 -0.000000 829.830508
-12806485.353402 -0.000000 842.033898
-12803322.938018 -0.000000 854.237288
-12794324.738913 -0.000000 866.440678
-12765974.888192 -0.000000 878.644068
-12728271.329117 -0.000000 890.847458
-12681342.192171 -0.000000 903.050847
-12628183.395912 -0.000000 915.254237
-12556460.843840 -0.000000 927.457627
-12465896.851215 -0.000000 939.661017
-12356440.371822 -0.000000 951.864407
-12228380.160266 -0.000000 964.067797
-12091246.596497 -0.000000 976.271186
-11952218.282075 -0.000000 988.474576
-11809340.681672 -0.000000 1000.677966
-11664495.605792 -0.000000 1012.881356
-11516617.147743 -0.000000 1025.084746
-11368216.306933 -0.000000 1037.288136
-11219466.948509 -0.000000 1049.491525
-11073285.429864 -0.000000 1061.694915
-10929284.663819 -0.000000 1073.898305
-10787827.232659 -0.000000 1086.101695
-10648117.247964 -0.000000 1098.305085
-10511424.696074 -0.000000 1110.508475
-10378017.294958 -0.000000 1122.711864
-10240290.685774 -0.000000 1134.915254
-10090217.082089 -0.000000 1147.118644
-9926292.668227 -0.000000 1159.322034
-9761247.694220 -0.000000 1171.525424
-9600585.285716 -0.000000 1183.728814
-9447885.592547 -0.000000 1195.932203
-9297609.843086 -0.000000 1208.135593
-9150443.833804 -0.000000 1220.338983
-9002501.679796 -0.000000 1232.542373
-8855956.681659 -0.000000 1244.745763
-8708293.956118 -0.000000 1256.949153
-8561481.664986 -0.000000 1269.152542
-8413776.315421 -0.000000 1281.355932
-8266610.659689 -0.000000 1293.559322
-8118867.736161 -0.000000 1305.762712
-7971465.905594 -0.000000 1317.966102
-7823734.428555 -0.000000 1330.169492
-7676237.160943 -0.000000 1342.372881
-7528551.544797 -0.000000 1354.576271
-7381083.623474 -0.000000 1366.779661
-7233468.156245 -0.000000 1378.983051
-7086137.015649 -0.000000 1391.186441
-6938617.795206 -0.000000 1403.389831
-6791516.819119 -0.000000 1415.593220
-6644129.827910 -0.000000 1427.796610
-6497331.304218 -0.000000 1440.000000
-6350118.438508 -0.000000 1452.203390
-6203638.027732 -0.000000 1464.406780
-6056602.808448 -0.000000 1476.610169
-5910296.398238 -0.000000 1488.813559
-5763254.276640 -0.000000 1501.016949
-5616594.515288 -0.000000 1513.220339
-5468995.462581 -0.000000 1525.423729
-5321659.545578 -0.000000 1537.627119
-5175518.555131 -0.000000 1549.830508
-5033719.002855 -0.000000 1562.033898
-4898155.119234 -0.000000 1574.237288
-4764011.953894 -0.000000 1586.440678
-4624432.015415 -0.000000 1598.644068
-4475113.831440 -0.000000 1610.847458
-4323684.420910 -0.000000 1623.050847
-4173722.083296 -0.000000 1635.254237
-4029448.592784 -0.000000 1647.457627
-3886980.593550 -0.000000 1659.661017
-3747554.864936 -0.000000 1671.864407
-3607736.923082 -0.000000 1684.067797
-3469439.674565 -0.000000 1696.271186
-3330288.575798 -0.000000 1708.474576
-3191756.899769 -0.000000 1720.677966
-3051992.534629 -0.000000 1732.881356
-2911463.667946 -0.000000 1745.084746
-2768372.999163 -0.000000 1757.288136
-2621648.726627 -0.000000 1769.491525
-2468604.436006 -0.000000 1781.694915
-2305506.469367 -0.000000 1793.898305
-2126720.304544 -0.000000 1806.101695
-1923085.020309 -0.000000 1818.305085
-1681467.150467 -0.000000 1830.508475
-1380842.534263 -0.000000 1842.711864
-990896.857956 -0.000000 1854.915254
-465470.658963 -0.000000 1867.118644
260440.259494 0.000000 1879.322034
1276342.690693 0.000000 1891.525424
2690158.915416 0.000000 1903.728814
4622478.669815 0.000000 1915.932203
7006659.796415 0.000000 1928.135593
10356597.425743 0.000000 1940.338983
13271994.279461 0.000000 1952.542373
13481963.756903 0.000000 1964.745763
13672245.656387 0.000000 1976.949153
12740385.277922 0.000000 1989.152542
3257130.973553 0.000000 2001.355932
-11024701.540260 -0.000000 2013.559322
-19625240.072247 -0.000000 2025.762712
-43119200.131628 -0.000000 2037.966102
-32336418.996222 -0.000000 2050.169492
-19017777.058916 -0.000000 2062.372881
-14914163.698268 -0.000000 2074.576271
-13753673.411377 -0.000000 2086.779661
-14825794.859710 -0.000000 2098.983051
-17381721.840566 -0.000000 2111.186441
-19907467.384508 -0.000000 2123.389831
-21969411.332124 -0.000000 2135.593220
-23562148.113204 -0.000000 2147.796610
-24675523.913212 -0.000000 2160.000000
-25272961.366961 -0.000000 2172.203390
-25359098.446722 -0.000000 2184.406780
-23472971.721470 -0.000000 2196.610169
-24654823.133754 -0.000000 2208.813559
-3020859205.221208 -0.000000 2221.016949
-7229862.630925 -0.000000 2233.220339
3815796.491468 0.000000 2245.423729
6928597.361369 0.000000 2257.627119
9634810.333134 0.000000 2269.830508
9938258.522094 0.000000 2282.033898
8049441.776639 0.000000 2294.237288
5440099.368468 0.000000 2306.440678
3216384.159043 0.000000 2318.644068
2087286.548479 0.000000 2330.847458
2045065.682795 0.000000 2343.050847
2744292.577562 0.000000 2355.254237
3800808.350541 0.000000 2367.457627
4948260.045687 0.000000 2379.661017
6046622.733700 0.000000 2391.864407
7040485.895343 0.000000 2404.067797
7921713.878674 0.000000 2416.271186
8700669.203380 0.000000 2428.474576
9392441.985058 0.000000 2440.677966
10011519.211254 0.000000 2452.881356
10568453.954583 0.000000 2465.084746
11072137.293386 0.000000 2477.288136
11528399.678006 0.000000 2489.491525
11942549.940523 0.000000 2501.694915
12318557.869284 0.000000 2513.898305
12660160.369819 0.000000 2526.101695
12970648.780319 0.000000 2538.305085
13252797.435200 0.000000 2550.508475
13509037.748268 0.000000 2562.711864
13741426.782031 0.000000 2574.915254
13951043.083810 0.000000 2587.118644
14138027.369481 0.000000 2599.322034
14297299.194954 0.000000 2611.525424
14422754.614330 0.000000 2623.728814
14512375.754666 0.000000 2635.932203
14590015.229314 0.000000 2648.135593
14688675.766138 0.000000 2660.338983
14820135.113531 0.000000 2672.542373
14955130.523745 0.000000 2684.745763
15069195.941173 0.000000 2696.949153
15156709.580380 0.000000 2709.152542
15228875.941777 0.000000 2721.355932
15290725.028793 0.000000 2733.559322
15336777.076667 0.000000 2745.762712
15347453.088266 0.000000 2757.966102
15303884.242973 0.000000 2770.169492
15223630.356360 0.000000 2782.372881
15172685.311101 0.000000 2794.576271
15204153.992192 0.000000 2806.779661
15274392.552785 0.000000 2818.983051
15263192.485843 0.000000 2831.186441
15058081.113952 0.000000 2843.389831
14569478.501134 0.000000 2855.593220
13708972.798290 0.000000 2867.796610
12253048.143607 0.000000 2880.000000
9745274.512411 0.000000 2892.203390
5748514.365177 0.000000 2904.406780
1441803.935012 0.000000 2916.610169
37765.397490 0.000000 2928.813559
7736524.016592 0.000000 2941.016949
23626860.672799 0.000000 2953.220339
30258864.908664 0.000000 2965.423729
30018940.818242 0.000000 2977.627119
30411404.841365 0.000000 2989.830508
30988719.615053 0.000000 3002.033898
31285447.574839 0.000000 3014.237288
31385287.413135 0.000000 3026.440678
31057188.813907 0.000000 3038.644068
30614288.525772 0.000000 3050.847458
30470119.771308 0.000000 3063.050847
30133998.933173 0.000000 3075.254237
29761287.347071 0.000000 3087.457627
29454642.588788 0.000000 3099.661017
29182493.914596 0.000000 3111.864407
29010855.942301 0.000000 3124.067797
28893758.469413 0.000000 3136.271186
28808758.042828 0.000000 3148.474576
28731994.018420 0.000000 3160.677966
28656064.132026 0.000000 3172.881356
28578952.639652 0.000000 3185.084746
28512359.485098 0.000000 3197.288136
28471156.373459 0.000000 3209.491525
28497763.013109 0.000000 3221.694915
28644571.134073 0.000000 3233.898305
28991924.196126 0.000000 3246.101695
29269418.603647 0.000000 3258.305085
29224948.759881 0.000000 3270.508475
30422434.676805 0.000000 3282.711864
32994300.286684 0.000000 3294.915254
34158607.773842 0.000000 3307.118644
33483130.673836 0.000000 3319.322034
31743218.516816 0.000000 3331.525424
30208650.851614 0.000000 3343.728814
30165054.483546 0.000000 3355.932203
22896761.220877 0.000000 3368.135593
-997993.564899 -0.000000 3380.338983
10382063.071612 0.000000 3392.542373
51201.667760 0.000000 3404.745763
86768.114582 0.000000 3416.949153
122039.524559 0.000000 3429.152542
155679.759341 0.000000 3441.355932
186996.601404 0.000000 3453.559322
215261.102138 0.000000 3465.762712
240136.167527 0.000000 3477.966102
261490.991688 0.000000 3490.169492
279438.538657 0.000000 3502.372881
294214.649990 0.000000 3514.576271
306151.362512 0.000000 3526.779661
315595.506884 0.000000 3538.983051
322893.305117 0.000000 3551.186441
328345.928256 0.000000 3563.389831
332209.865574 0.000000 3575.593220
334676.551570 0.000000 3587.796610
335877.592837 0.000000 3600.000000
