636456.973986 0.000000 0.000000
638012.843531 0.000000 12.203390
641117.398089 0.000000 24.406780
645748.273107 0.000000 36.610169
651880.037118 0.000000 48.813559
659458.306147 0.000000 61.016949
668425.669852 0.000000 73.220339
678673.570227 0.000000 85.423729
690083.233750 0.000000 97.627119
702448.460852 0.000000 109.830508
715532.149700 0.000000 122.033898
728949.417898 0.000000 134.237288
742237.937300 0.000000 146.440678
754687.006637 0.000000 158.644068
765416.829362 0.000000 170.847458
773139.150632 0.000000 183.050847
776246.678400 0.000000 195.254237
772517.072276 0.000000 207.457627
759274.690705 0.000000 219.661017
733184.610444 0.000000 231.864407
690783.943648 0.000000 244.067797
628851.580311 0.000000 256.271186
545898.567901 0.000000 268.474576
443470.578708 0.000000 280.677966
328023.264946 0.000000 292.881356
210950.545655 0.000000 305.084746
107089.679710 0.000000 317.288136
679625550.911440 0.000000 329.491525
-6172502.058411 -0.000000 341.694915
-12923341.428962 -0.000000 353.898305
-13482391.156512 -0.000000 366.101695
-13075451.034835 -0.000000 378.305085
-12940288.396092 -0.000000 390.508475
-12907443.167036 -0.000000 402.711864
-12914325.176078 -0.000000 414.915254
-12896766.176670 -0.000000 427.118644
-12807581.521082 -0.000000 439.322034
-12687454.326112 -0.000000 451.525424
-12623779.776859 -0.000000 463.728814
-12668572.867708 -0.000000 475.932203
-12753333.425858 -0.000000 488.135593
-12797762.374175 -0.000000 500.338983
-12802595.804013 -0.000000 512.542373
-12808611.584505 -0.000000 524.745763
-12801795.282395 -0.000000 536.949153
-12803537.042770 -0.000000 549.152542
-12791573.231152 -0.000000 561.355932
-12786401.208839 -0.000000 573.559322
-12767359.822466 -0.000000 585.762712
-12742215.919400 -0.000000 597.966102
-12711333.010639 -0.000000 610.169492
-12677921.489647 -0.000000 622.372881
-12638633.815525 -0.000000 634.576271
-12594200.488783 -0.000000 646.779661
-12527051.520614 -0.000000 658.983051
-12443426.390240 -0.000000 671.186441
-12342335.282332 -0.000000 683.389831
-12226443.835960 -0.000000 695.593220
-12105246.385425 -0.000000 707.796610
-11982112.560375 -0.000000 720.000000
-11856967.157707 -0.000000 732.203390
-11730687.429567 -0.000000 744.406780
-11603185.226077 -0.000000 756.610169
-11475030.981765 -0.000000 768.813559
-11346255.296384 -0.000000 781.016949
-11217189.386689 -0.000000 793.220339
-11087908.797253 -0.000000 805.423729
-10958534.003207 -0.000000 817.627119
-10829149.999874 -0.000000 829.830508
-10699678.020246 -0.000000 842.033898
-10570137.887051 -0.000000 854.237288
-10440155.907289 -0.000000 866.440678
-10309488.721627 -0.000000 878.644068
-10177225.447420 -0.000000 890.847458
-10042720.724424 -0.000000 903.050847
-9905027.183394 -0.000000 915.254237
-9765071.306407 -0.000000 927.457627
-9625639.855117 -0.000000 939.661017
-9492648.736488 -0.000000 951.864407
-9370313.382677 -0.000000 964.067797
-9257596.540233 -0.000000 976.271186
-9145430.866216 -0.000000 988.474576
-9024665.287017 -0.000000 1000.677966
-8891608.899118 -0.000000 1012.881356
-8750581.275695 -0.000000 1025.084746
-8607313.140030 -0.000000 1037.288136
-8466469.373977 -0.000000 1049.491525
-8328974.750078 -0.000000 1061.694915
-8194764.046974 -0.000000 1073.898305
-8062453.063214 -0.000000 1086.101695
-7931474.213562 -0.000000 1098.305085
-7800891.372101 -0.000000 1110.508475
-7670608.947348 -0.000000 1122.711864
-7540171.027429 -0.000000 1134.915254
-7409701.983094 -0.000000 1147.118644
-7278974.064501 -0.000000 1159.322034
-7148157.413284 -0.000000 1171.525424
-7017124.642951 -0.000000 1183.728814
-6886025.169553 -0.000000 1195.932203
-6754776.808979 -0.000000 1208.135593
-6623493.225539 -0.000000 1220.338983
-6492115.217686 -0.000000 1232.542373
-6360725.180815 -0.000000 1244.745763
-6229277.672118 -0.000000 1256.949153
-6097832.942179 -0.000000 1269.152542
-5966354.740961 -0.000000 1281.355932
-5834889.388873 -0.000000 1293.559322
-5703407.016773 -0.000000 1305.762712
-5571946.059709 -0.000000 1317.966102
-5440481.116662 -0.000000 1330.169492
-5309046.830700 -0.000000 1342.372881
-5177620.970338 -0.000000 1354.576271
-5046237.106834 -0.000000 1366.779661
-4914875.343572 -0.000000 1378.983051
-4783569.999607 -0.000000 1391.186441
-4652302.994558 -0.000000 1403.389831
-4521110.596782 -0.000000 1415.593220
-4389976.153146 -0.000000 1427.796610
-4258938.620768 -0.000000 1440.000000
-4127982.364425 -0.000000 1452.203390
-3997149.454213 -0.000000 1464.406780
-3866425.227393 -0.000000 1476.610169
-3735856.193349 -0.000000 1488.813559
-3605431.752719 -0.000000 1501.016949
-3475210.821213 -0.000000 1513.220339
-3345204.332995 -0.000000 1525.423729
-3215518.648864 -0.000000 1537.627119
-3086254.502532 -0.000000 1549.830508
-2957688.666327 -0.000000 1562.033898
-2830230.735712 -0.000000 1574.237288
-2704693.397563 -0.000000 1586.440678
-2582398.415628 -0.000000 1598.644068
-2465628.498395 -0.000000 1610.847458
-2358040.175327 -0.000000 1623.050847
-2265384.103281 -0.000000 1635.254237
-2196361.809641 -0.000000 1647.457627
-2163343.879310 -0.000000 1659.661017
-2183276.763080 -0.000000 1671.864407
-2276455.303726 -0.000000 1684.067797
-2465265.876123 -0.000000 1696.271186
-2765759.176952 -0.000000 1708.474576
-3184583.199134 -0.000000 1720.677966
-3710833.512276 -0.000000 1732.881356
-4333060.440415 -0.000000 1745.084746
-5053395.028921 -0.000000 1757.288136
-3933226.467550 -0.000000 1769.491525
3327408.012637 0.000000 1781.694915
9075090.023730 0.000000 1793.898305
8817287.247219 0.000000 1806.101695
8206174.654007 0.000000 1818.305085
7568072.087939 0.000000 1830.508475
7054337.363088 0.000000 1842.711864
6637095.360054 0.000000 1854.915254
6354251.643485 0.000000 1867.118644
6211997.283134 0.000000 1879.322034
6249081.019421 0.000000 1891.525424
6513120.026968 0.000000 1903.728814
7122155.859071 0.000000 1915.932203
8023472.644102 0.000000 1928.135593
9868435.109269 0.000000 1940.338983
12801181.447859 0.000000 1952.542373
14390010.647961 0.000000 1964.745763
15221533.169806 0.000000 1976.949153
15426663.774844 0.000000 1989.152542
9117032.675719 0.000000 2001.355932
11960893.243530 0.000000 2013.559322
14762367.878420 0.000000 2025.762712
11383277.780444 0.000000 2037.966102
-5381725.217677 -0.000000 2050.169492
-17165250.943564 -0.000000 2062.372881
-16813042.744548 -0.000000 2074.576271
-46916193.571111 -0.000000 2086.779661
-27286763.264074 -0.000000 2098.983051
-17594715.599101 -0.000000 2111.186441
-14418891.794436 -0.000000 2123.389831
-14141847.540965 -0.000000 2135.593220
-16065867.716737 -0.000000 2147.796610
-18830346.605790 -0.000000 2160.000000
-21388158.240298 -0.000000 2172.203390
-23589288.011401 -0.000000 2184.406780
-25304140.583216 -0.000000 2196.610169
-26446262.954258 -0.000000 2208.813559
-26883754.572365 -0.000000 2221.016949
-25492158.301029 -0.000000 2233.220339
-17584591.657367 -0.000000 2245.423729
-75979271.236359 -0.000000 2257.627119
-310825117.903199 -0.000000 2269.830508
695105.967234 0.000000 2282.033898
6160038.161633 0.000000 2294.237288
10891624.359807 0.000000 2306.440678
12835508.956192 0.000000 2318.644068
12563172.165326 0.000000 2330.847458
10378569.019895 0.000000 2343.050847
7147447.320829 0.000000 2355.254237
4155710.304502 0.000000 2367.457627
2260810.611670 0.000000 2379.661017
1674079.104102 0.000000 2391.864407
2144539.166518 0.000000 2404.067797
3249266.916513 0.000000 2416.271186
4634921.947242 0.000000 2428.474576
6047318.668258 0.000000 2440.677966
7389914.166554 0.000000 2452.881356
8624609.077513 0.000000 2465.084746
9759183.581275 0.000000 2477.288136
10764868.379754 0.000000 2489.491525
11646524.116863 0.000000 2501.694915
12406478.188187 0.000000 2513.898305
13074228.379348 0.000000 2526.101695
13657251.097531 0.000000 2538.305085
14170733.612952 0.000000 2550.508475
14612919.515192 0.000000 2562.711864
14980001.065523 0.000000 2574.915254
15240205.924475 0.000000 2587.118644
15419663.642155 0.000000 2599.322034
15515909.134527 0.000000 2611.525424
15540899.984591 0.000000 2623.728814
15555679.279367 0.000000 2635.932203
15554544.803135 0.000000 2648.135593
15568666.138776 0.000000 2660.338983
15578000.956737 0.000000 2672.542373
15576537.736276 0.000000 2684.745763
15575867.448516 0.000000 2696.949153
15574878.341689 0.000000 2709.152542
15574142.377270 0.000000 2721.355932
15572401.464662 0.000000 2733.559322
15568128.416584 0.000000 2745.762712
15561713.336231 0.000000 2757.966102
15562323.923408 0.000000 2770.169492
15554616.242730 0.000000 2782.372881
15540909.515576 0.000000 2794.576271
15513822.343163 0.000000 2806.779661
15493335.356426 0.000000 2818.983051
15485302.184365 0.000000 2831.186441
15526095.829874 0.000000 2843.389831
15588100.768856 0.000000 2855.593220
15659242.308699 0.000000 2867.796610
15676214.244160 0.000000 2880.000000
15502310.243155 0.000000 2892.203390
15423895.743120 0.000000 2904.406780
15893990.537383 0.000000 2916.610169
16266457.872694 0.000000 2928.813559
15615254.582989 0.000000 2941.016949
12433017.411170 0.000000 2953.220339
6589922.401367 0.000000 2965.423729
972813.987748 0.000000 2977.627119
2530846.572932 0.000000 2989.830508
19691461.670159 0.000000 3002.033898
31878568.887747 0.000000 3014.237288
30611668.260775 0.000000 3026.440678
30534927.943391 0.000000 3038.644068
31251681.640251 0.000000 3050.847458
31938441.102764 0.000000 3063.050847
32002381.118082 0.000000 3075.254237
31699137.294286 0.000000 3087.457627
31076028.343882 0.000000 3099.661017
30653074.002460 0.000000 3111.864407
30530380.539481 0.000000 3124.067797
30219836.175481 0.000000 3136.271186
29946241.005988 0.000000 3148.474576
29718719.027098 0.000000 3160.677966
29514180.819962 0.000000 3172.881356
29365723.981026 0.000000 3185.084746
29235537.962039 0.000000 3197.288136
29113928.800752 0.000000 3209.491525
28992388.086968 0.000000 3221.694915
28869026.792559 0.000000 3233.898305
28744783.813444 0.000000 3246.101695
28636941.078325 0.000000 3258.305085
28563345.776850 0.000000 3270.508475
28572921.765386 0.000000 3282.711864
28761504.430912 0.000000 3294.915254
29200537.429572 0.000000 3307.118644
29107076.293790 0.000000 3319.322034
29236486.007820 0.000000 3331.525424
32275595.999558 0.000000 3343.728814
35118349.537580 0.000000 3355.932203
34812193.653954 0.000000 3368.135593
33079421.937237 0.000000 3380.338983
31482395.518365 0.000000 3392.542373
28008892.847343 0.000000 3404.745763
28343629.112577 0.000000 3416.949153
6619064.147215 0.000000 3429.152542
64935839.463378 0.000000 3441.355932
131629.981920 0.000000 3453.559322
217407.369857 0.000000 3465.762712
298738.237932 0.000000 3477.966102
373909.484817 0.000000 3490.169492
441951.150863 0.000000 3502.372881
501846.022484 0.000000 3514.576271
553239.191467 0.000000 3526.779661
596069.970864 0.000000 3538.983051
630653.408353 0.000000 3551.186441
657438.183885 0.000000 3563.389831
676954.252570 0.000000 3575.593220
689665.899163 0.000000 3587.796610
695929.374779 0.000000 3600.000000
