706180.058330 0.000000 0.000000
685271.408037 0.000000 12.203390
642471.343631 0.000000 24.406780
576301.346747 0.000000 36.610169
485674.246853 0.000000 48.813559
370972.458856 0.000000 61.016949
234660.074592 0.000000 73.220339
219946930.941172 0.000000 85.423729
-2643705.322500 -0.000000 97.627119
-11185684.478392 -0.000000 109.830508
-13783122.069594 -0.000000 122.033898
-13205355.474347 -0.000000 134.237288
-12905689.054747 -0.000000 146.440678
-12785435.643908 -0.000000 158.644068
-12845691.854788 -0.000000 170.847458
-12899490.059307 -0.000000 183.050847
-12868744.496050 -0.000000 195.254237
-12750510.120557 -0.000000 207.457627
-12633729.664368 -0.000000 219.661017
-12614677.125021 -0.000000 231.864407
-12674890.716135 -0.000000 244.067797
-12745220.687612 -0.000000 256.271186
-12794417.450444 -0.000000 268.474576
-12815410.570708 -0.000000 280.677966
-12814954.536891 -0.000000 292.881356
-12812177.105174 -0.000000 305.084746
-12811135.939546 -0.000000 317.288136
-12806444.899687 -0.000000 329.491525
-12797112.543824 -0.000000 341.694915
-12788293.249302 -0.000000 353.898305
-12779627.799298 -0.000000 366.101695
-12774951.436850 -0.000000 378.305085
-12773536.015374 -0.000000 390.508475
-12773422.100028 -0.000000 402.711864
-12773192.686821 -0.000000 414.915254
-12775262.242266 -0.000000 427.118644
-12778183.857794 -0.000000 439.322034
-12781867.646411 -0.000000 451.525424
-12784680.670402 -0.000000 463.728814
-12786965.750915 -0.000000 475.932203
-12787853.630157 -0.000000 488.135593
-12787954.215204 -0.000000 500.338983
-12786362.114960 -0.000000 512.542373
-12784674.762172 -0.000000 524.745763
-12782852.865238 -0.000000 536.949153
-12782115.997801 -0.000000 549.152542
-12781907.063047 -0.000000 561.355932
-12782451.734083 -0.000000 573.559322
-12782812.983855 -0.000000 585.762712
-12783399.185134 -0.000000 597.966102
-12783938.259484 -0.000000 610.169492
-12784500.078821 -0.000000 622.372881
-12784662.609768 -0.000000 634.576271
-12784984.955849 -0.000000 646.779661
-12785048.631487 -0.000000 658.983051
-12785093.659080 -0.000000 671.186441
-12785115.291428 -0.000000 683.389831
-12785292.835783 -0.000000 695.593220
-12785391.757204 -0.000000 707.796610
-12785406.056560 -0.000000 720.000000
-12785360.760594 -0.000000 732.203390
-12785334.033716 -0.000000 744.406780
-12785052.123320 -0.000000 756.610169
-12785220.393158 -0.000000 768.813559
-12785617.503734 -0.000000 781.016949
-12785209.771673 -0.000000 793.220339
-12784848.818199 -0.000000 805.423729
-12784944.626818 -0.000000 817.627119
-12785246.505029 -0.000000 829.830508
-12786161.834752 -0.000000 842.033898
-12786642.670493 -0.000000 854.237288
-12786632.049926 -0.000000 866.440678
-12787248.210472 -0.000000 878.644068
-12787789.204064 -0.000000 890.847458
-12786705.696998 -0.000000 903.050847
-12785314.067391 -0.000000 915.254237
-12785483.831379 -0.000000 927.457627
-12785471.201436 -0.000000 939.661017
-12785277.390983 -0.000000 951.864407
-12786604.554279 -0.000000 964.067797
-12787747.125777 -0.000000 976.271186
-12787376.591231 -0.000000 988.474576
-12787265.737046 -0.000000 1000.677966
-12787276.879769 -0.000000 1012.881356
-12787019.996405 -0.000000 1025.084746
-12786764.621347 -0.000000 1037.288136
-12786610.835184 -0.000000 1049.491525
-12786670.292722 -0.000000 1061.694915
-12786818.039666 -0.000000 1073.898305
-12786803.813487 -0.000000 1086.101695
-12786828.313169 -0.000000 1098.305085
-12786987.943868 -0.000000 1110.508475
-12787155.153018 -0.000000 1122.711864
-12787232.928102 -0.000000 1134.915254
-12787255.074717 -0.000000 1147.118644
-12786915.782846 -0.000000 1159.322034
-12786510.869918 -0.000000 1171.525424
-12786938.871713 -0.000000 1183.728814
-12787141.379066 -0.000000 1195.932203
-12786309.503733 -0.000000 1208.135593
-12786181.034897 -0.000000 1220.338983
-12786069.468192 -0.000000 1232.542373
-12786172.761145 -0.000000 1244.745763
-12786231.518603 -0.000000 1256.949153
-12786104.314007 -0.000000 1269.152542
-12785911.730617 -0.000000 1281.355932
-12786439.973515 -0.000000 1293.559322
-12786883.291539 -0.000000 1305.762712
-12788183.301037 -0.000000 1317.966102
-12789806.089931 -0.000000 1330.169492
-12791720.303595 -0.000000 1342.372881
-12793946.669432 -0.000000 1354.576271
-12795521.620040 -0.000000 1366.779661
-12796415.265929 -0.000000 1378.983051
-12792964.227120 -0.000000 1391.186441
-12783448.908814 -0.000000 1403.389831
-12761280.582295 -0.000000 1415.593220
-12710988.887079 -0.000000 1427.796610
-12629758.851508 -0.000000 1440.000000
-12626472.676300 -0.000000 1452.203390
-12746857.737419 -0.000000 1464.406780
-12858186.392616 -0.000000 1476.610169
-12860360.883544 -0.000000 1488.813559
-12869514.621122 -0.000000 1501.016949
-13060190.495256 -0.000000 1513.220339
-14173904.431615 -0.000000 1525.423729
-12788748.042532 -0.000000 1537.627119
-5209770.655051 -0.000000 1549.830508
-2175851.210104 -0.000000 1562.033898
-3376183.324202 -0.000000 1574.237288
-4318435.091661 -0.000000 1586.440678
-5164448.182106 -0.000000 1598.644068
-5832410.246693 -0.000000 1610.847458
-6333098.416789 -0.000000 1623.050847
-6636770.355116 -0.000000 1635.254237
-6747627.788291 -0.000000 1647.457627
-6664159.456465 -0.000000 1659.661017
-6388457.483849 -0.000000 1671.864407
-5924862.195191 -0.000000 1684.067797
-5281315.915180 -0.000000 1696.271186
-4492962.366775 -0.000000 1708.474576
-3540546.935594 -0.000000 1720.677966
-2532693.043787 -0.000000 1732.881356
-2969343.536923 -0.000000 1745.084746
-10501139.801368 -0.000000 1757.288136
-14587615.976402 -0.000000 1769.491525
-13281255.253991 -0.000000 1781.694915
-12915408.527278 -0.000000 1793.898305
-12866978.147865 -0.000000 1806.101695
-12857856.452602 -0.000000 1818.305085
-12664714.668530 -0.000000 1830.508475
-12507243.684629 -0.000000 1842.711864
-12512956.353302 -0.000000 1854.915254
-12547045.763560 -0.000000 1867.118644
-12554735.452786 -0.000000 1879.322034
-12558619.059497 -0.000000 1891.525424
-12565066.118563 -0.000000 1903.728814
-12564954.871630 -0.000000 1915.932203
-12528102.967992 -0.000000 1928.135593
-12426336.357571 -0.000000 1940.338983
-12277906.177066 -0.000000 1952.542373
-12044705.175884 -0.000000 1964.745763
-11675908.831256 -0.000000 1976.949153
-11116600.514138 -0.000000 1989.152542
-10288293.613167 -0.000000 2001.355932
-9093221.645601 -0.000000 2013.559322
-7424148.478313 -0.000000 2025.762712
-5198582.771795 -0.000000 2037.966102
-2384422.875201 -0.000000 2050.169492
914789.963345 0.000000 2062.372881
4480420.763410 0.000000 2074.576271
7854528.509282 0.000000 2086.779661
9751474.450771 0.000000 2098.983051
6557309.605269 0.000000 2111.186441
-6480762.136844 -0.000000 2123.389831
-18580968.746404 -0.000000 2135.593220
-16431329.016541 -0.000000 2147.796610
-16002468.126216 -0.000000 2160.000000
-18264925.241494 -0.000000 2172.203390
-20114061.342194 -0.000000 2184.406780
-18207853.270012 -0.000000 2196.610169
-15400512.767136 -0.000000 2208.813559
-15041959.553860 -0.000000 2221.016949
-14340795.110226 -0.000000 2233.220339
-14713713.684195 -0.000000 2245.423729
-14902821.871270 -0.000000 2257.627119
-15193468.886669 -0.000000 2269.830508
-15380663.107052 -0.000000 2282.033898
-15454246.964040 -0.000000 2294.237288
-15511243.126841 -0.000000 2306.440678
-15669034.949796 -0.000000 2318.644068
-15892881.224784 -0.000000 2330.847458
-16198195.657539 -0.000000 2343.050847
-16836079.460526 -0.000000 2355.254237
-17956748.547048 -0.000000 2367.457627
-19905348.382135 -0.000000 2379.661017
-23936313.021506 -0.000000 2391.864407
-32121715.040716 -0.000000 2404.067797
-30576729.464764 -0.000000 2416.271186
-10130060.691571 -0.000000 2428.474576
-2880863.507614 -0.000000 2440.677966
1067917.479403 0.000000 2452.881356
3162464.154425 0.000000 2465.084746
4895985.619839 0.000000 2477.288136
6247513.204830 0.000000 2489.491525
7322083.333250 0.000000 2501.694915
8204356.423312 0.000000 2513.898305
8967098.859314 0.000000 2526.101695
9650608.987885 0.000000 2538.305085
10279591.576763 0.000000 2550.508475
10857844.707269 0.000000 2562.711864
11390068.499917 0.000000 2574.915254
11872897.404936 0.000000 2587.118644
12309218.178815 0.000000 2599.322034
12698119.886879 0.000000 2611.525424
13043959.628100 0.000000 2623.728814
13348385.162567 0.000000 2635.932203
13616337.564638 0.000000 2648.135593
13850560.808830 0.000000 2660.338983
14055550.620942 0.000000 2672.542373
14234022.472224 0.000000 2684.745763
14389561.042705 0.000000 2696.949153
14524431.966839 0.000000 2709.152542
14641387.216501 0.000000 2721.355932
14742240.170419 0.000000 2733.559322
14829133.650922 0.000000 2745.762712
14903494.453750 0.000000 2757.966102
14967039.342225 0.000000 2770.169492
15020856.365077 0.000000 2782.372881
15066395.475857 0.000000 2794.576271
15104452.268339 0.000000 2806.779661
15136392.246107 0.000000 2818.983051
15162775.983396 0.000000 2831.186441
15185100.980470 0.000000 2843.389831
15203715.223648 0.000000 2855.593220
15220357.712350 0.000000 2867.796610
15234853.076278 0.000000 2880.000000
15248530.458021 0.000000 2892.203390
15258965.112354 0.000000 2904.406780
15263737.247861 0.000000 2916.610169
15252268.024847 0.000000 2928.813559
15208420.892186 0.000000 2941.016949
15099310.369443 0.000000 2953.220339
14875783.980981 0.000000 2965.423729
14467101.249945 0.000000 2977.627119
13792786.437117 0.000000 2989.830508
12748368.064735 0.000000 3002.033898
11042270.789362 0.000000 3014.237288
8139939.226662 0.000000 3026.440678
3979819.660931 0.000000 3038.644068
1054524.539324 0.000000 3050.847458
4386961.238063 0.000000 3063.050847
18282881.430554 0.000000 3075.254237
30181515.834155 0.000000 3087.457627
30423209.293746 0.000000 3099.661017
30436529.588351 0.000000 3111.864407
31116050.049929 0.000000 3124.067797
31339924.081206 0.000000 3136.271186
31381392.998542 0.000000 3148.474576
31222381.054521 0.000000 3160.677966
30660075.306484 0.000000 3172.881356
30405680.369504 0.000000 3185.084746
30205506.347598 0.000000 3197.288136
29838995.339728 0.000000 3209.491525
29542986.686186 0.000000 3221.694915
29273116.926422 0.000000 3233.898305
29061163.120870 0.000000 3246.101695
28905700.806402 0.000000 3258.305085
28778440.192771 0.000000 3270.508475
28666231.874746 0.000000 3282.711864
28562980.914761 0.000000 3294.915254
28463648.966726 0.000000 3307.118644
28373229.815029 0.000000 3319.322034
28303740.231638 0.000000 3331.525424
28278274.378914 0.000000 3343.728814
28340551.783158 0.000000 3355.932203
28598600.269678 0.000000 3368.135593
29051981.538259 0.000000 3380.338983
28968694.048267 0.000000 3392.542373
29352707.357236 0.000000 3404.745763
32186824.208798 0.000000 3416.949153
34533957.879714 0.000000 3429.152542
34211286.640881 0.000000 3441.355932
32576281.704363 0.000000 3453.559322
30963219.386707 0.000000 3465.762712
27514280.416835 0.000000 3477.966102
27525547.480223 0.000000 3490.169492
5623639.489927 0.000000 3502.372881
47875188.370224 0.000000 3514.576271
114835.435370 0.000000 3526.779661
180729.525682 0.000000 3538.983051
236202.281056 0.000000 3551.186441
280824.588978 0.000000 3563.389831
314592.791390 0.000000 3575.593220
337193.732088 0.000000 3587.796610
348538.893356 0.000000 3600.000000
