1782615.537034 0.000000 0.000000
1782932.156136 0.000000 12.203390
1783207.341691 0.000000 24.406780
1782597.370690 0.000000 36.610169
1779883.381211 0.000000 48.813559
1773086.453792 0.000000 61.016949
1759684.781399 0.000000 73.220339
1735996.982857 0.000000 85.423729
1697570.753050 0.000000 97.627119
1638536.455058 0.000000 109.830508
1552548.269040 0.000000 122.033898
1432803.292469 0.000000 134.237288
1274433.019676 0.000000 146.440678
1076009.169475 0.000000 158.644068
843194.183098 0.000000 170.847458
589485.858532 0.000000 183.050847
336143.735755 0.000000 195.254237
2236687286.328264 0.000000 207.457627
-2770446.271086 -0.000000 219.661017
-8636093.433146 -0.000000 231.864407
-12542033.793332 -0.000000 244.067797
-13454606.370385 -0.000000 256.271186
-13181337.178680 -0.000000 268.474576
-13086504.826790 -0.000000 280.677966
-13078734.348945 -0.000000 292.881356
-12954356.102217 -0.000000 305.084746
-12489412.458521 -0.000000 317.288136
-12099856.920899 -0.000000 329.491525
-11918110.705185 -0.000000 341.694915
-11669959.790802 -0.000000 353.898305
-11426258.866563 -0.000000 366.101695
-11230240.411480 -0.000000 378.305085
-11040189.425549 -0.000000 390.508475
-10865370.636031 -0.000000 402.711864
-10683266.213266 -0.000000 414.915254
-10506047.226494 -0.000000 427.118644
-10321562.364238 -0.000000 439.322034
-10140212.578466 -0.000000 451.525424
-9954491.826920 -0.000000 463.728814
-9771334.788902 -0.000000 475.932203
-9585878.971353 -0.000000 488.135593
-9402241.955525 -0.000000 500.338983
-9217382.579788 -0.000000 512.542373
-9033577.739225 -0.000000 524.745763
-8849053.561811 -0.000000 536.949153
-8664987.596080 -0.000000 549.152542
-8480438.077068 -0.000000 561.355932
-8295956.693225 -0.000000 573.559322
-8111112.997218 -0.000000 585.762712
-7926114.074135 -0.000000 597.966102
-7740825.242846 -0.000000 610.169492
-7555269.614539 -0.000000 622.372881
-7369474.345455 -0.000000 634.576271
-7183367.792200 -0.000000 646.779661
-6997060.724180 -0.000000 658.983051
-6810435.077922 -0.000000 671.186441
-6623641.691459 -0.000000 683.389831
-6436541.593914 -0.000000 695.593220
-6249302.395703 -0.000000 707.796610
-6061777.282937 -0.000000 720.000000
-5874138.618595 -0.000000 732.203390
-5686238.196204 -0.000000 744.406780
-5498247.174918 -0.000000 756.610169
-5310018.956447 -0.000000 768.813559
-5121720.690606 -0.000000 781.016949
-4933208.683696 -0.000000 793.220339
-4744644.896184 -0.000000 805.423729
-4555888.978194 -0.000000 817.627119
-4367097.341526 -0.000000 829.830508
-4178133.027001 -0.000000 842.033898
-3989146.941773 -0.000000 854.237288
-3800005.395798 -0.000000 866.440678
-3610854.009082 -0.000000 878.644068
-3421562.171506 -0.000000 890.847458
-3232270.532940 -0.000000 903.050847
-3042851.361517 -0.000000 915.254237
-2853440.674812 -0.000000 927.457627
-2663913.411187 -0.000000 939.661017
-2474401.295783 -0.000000 951.864407
-2284781.748949 -0.000000 964.067797
-2095182.533640 -0.000000 976.271186
-1905483.359117 -0.000000 988.474576
-1715808.347045 -0.000000 1000.677966
-1526039.329930 -0.000000 1012.881356
-1336297.072309 -0.000000 1025.084746
-1146465.353275 -0.000000 1037.288136
-956661.886669 -0.000000 1049.491525
-766772.237775 -0.000000 1061.694915
-576911.322697 -0.000000 1073.898305
-386966.339123 -0.000000 1086.101695
-197049.670233 -0.000000 1098.305085
-7050.004909 -0.000000 1110.508475
182922.563106 0.000000 1122.711864
372978.004025 0.000000 1134.915254
563008.263359 0.000000 1147.118644
753122.073939 0.000000 1159.322034
943213.190516 0.000000 1171.525424
1133389.213797 0.000000 1183.728814
1323545.476563 0.000000 1195.932203
1513788.475959 0.000000 1208.135593
1704014.933558 0.000000 1220.338983
1894330.180125 0.000000 1232.542373
2084632.269976 0.000000 1244.745763
2275025.121640 0.000000 1256.949153
2465408.359599 0.000000 1269.152542
2655883.887345 0.000000 1281.355932
2846353.927741 0.000000 1293.559322
3036917.056540 0.000000 1305.762712
3227480.792975 0.000000 1317.966102
3418137.429282 0.000000 1330.169492
3608805.616876 0.000000 1342.372881
3799564.216274 0.000000 1354.576271
3990353.153240 0.000000 1366.779661
4181218.746218 0.000000 1378.983051
4372133.421422 0.000000 1391.186441
4563057.006645 0.000000 1403.389831
4753984.748597 0.000000 1415.593220
4944637.909291 0.000000 1427.796610
5134924.417935 0.000000 1440.000000
5323916.850681 0.000000 1452.203390
5511002.895763 0.000000 1464.406780
5693582.421364 0.000000 1476.610169
5869266.279423 0.000000 1488.813559
6031500.592239 0.000000 1501.016949
6173213.914079 0.000000 1513.220339
6279688.044718 0.000000 1525.423729
6334229.260154 0.000000 1537.627119
6309021.168739 0.000000 1549.830508
6174743.812024 0.000000 1562.033898
5894514.951534 0.000000 1574.237288
5442428.465635 0.000000 1586.440678
4804998.767065 0.000000 1598.644068
3994109.668944 0.000000 1610.847458
3010199.489410 0.000000 1623.050847
1864347.160315 0.000000 1635.254237
1957344.101183 0.000000 1647.457627
10576205.925693 0.000000 1659.661017
15156347.464086 0.000000 1671.864407
13609844.452503 0.000000 1684.067797
13179699.954771 0.000000 1696.271186
13106422.358685 0.000000 1708.474576
13096595.707129 0.000000 1720.677966
12858517.380036 0.000000 1732.881356
12625171.767623 0.000000 1745.084746
12735206.143879 0.000000 1757.288136
13041643.045047 0.000000 1769.491525
13216729.622965 0.000000 1781.694915
13219531.161604 0.000000 1793.898305
13101047.584851 0.000000 1806.101695
12946825.853867 0.000000 1818.305085
13122308.836892 0.000000 1830.508475
13652104.221373 0.000000 1842.711864
15180954.473734 0.000000 1854.915254
13111711.248613 0.000000 1867.118644
3869454.126243 0.000000 1879.322034
2948726.378705 0.000000 1891.525424
4657894.005012 0.000000 1903.728814
6267997.451172 0.000000 1915.932203
7778759.374706 0.000000 1928.135593
9110692.847091 0.000000 1940.338983
10191221.589726 0.000000 1952.542373
11053967.174559 0.000000 1964.745763
11680618.936682 0.000000 1976.949153
12070655.346236 0.000000 1989.152542
12470746.799053 0.000000 2001.355932
12773303.127499 0.000000 2013.559322
12839835.736005 0.000000 2025.762712
12900844.450833 0.000000 2037.966102
13088393.128254 0.000000 2050.169492
13082212.794607 0.000000 2062.372881
11188587.049524 0.000000 2074.576271
6639867.585998 0.000000 2086.779661
-1046985.846824 -0.000000 2098.983051
-9467519.997587 -0.000000 2111.186441
-30135927.518678 -0.000000 2123.389831
-149647446.010344 -0.000000 2135.593220
-25440146.675701 -0.000000 2147.796610
-16098593.393200 -0.000000 2160.000000
-15978164.183965 -0.000000 2172.203390
-19285125.946124 -0.000000 2184.406780
-23557258.649383 -0.000000 2196.610169
-27608911.051128 -0.000000 2208.813559
-31289097.259133 -0.000000 2221.016949
-34462003.475835 -0.000000 2233.220339
-35576968.410665 -0.000000 2245.423729
-30974513.087582 -0.000000 2257.627119
-24861913.494497 -0.000000 2269.830508
-21385538.003913 -0.000000 2282.033898
-18180144.319973 -0.000000 2294.237288
-16577088.602379 -0.000000 2306.440678
-17004596.707600 -0.000000 2318.644068
-17207175.792331 -0.000000 2330.847458
-17349955.189099 -0.000000 2343.050847
-18884221.283181 -0.000000 2355.254237
-22568359.214698 -0.000000 2367.457627
-32508946.154466 -0.000000 2379.661017
-22995026.716823 -0.000000 2391.864407
-9639703.900364 -0.000000 2404.067797
-9928704.666639 -0.000000 2416.271186
-7043729.254289 -0.000000 2428.474576
-3730179.082656 -0.000000 2440.677966
-575661.497258 -0.000000 2452.881356
2207341.464920 0.000000 2465.084746
4564012.305320 0.000000 2477.288136
6536379.325919 0.000000 2489.491525
8194157.587229 0.000000 2501.694915
9610613.653902 0.000000 2513.898305
10838601.029491 0.000000 2526.101695
11914428.729056 0.000000 2538.305085
12854161.030401 0.000000 2550.508475
13663720.435930 0.000000 2562.711864
14338339.451033 0.000000 2574.915254
14864263.907195 0.000000 2587.118644
15222527.276077 0.000000 2599.322034
15432960.792575 0.000000 2611.525424
15444913.074782 0.000000 2623.728814
15310166.684463 0.000000 2635.932203
15351075.971188 0.000000 2648.135593
15573130.046680 0.000000 2660.338983
15691168.289610 0.000000 2672.542373
15630592.840475 0.000000 2684.745763
15409076.602340 0.000000 2696.949153
15146895.613858 0.000000 2709.152542
15253960.659020 0.000000 2721.355932
15859840.954300 0.000000 2733.559322
16411842.548078 0.000000 2745.762712
16586831.980867 0.000000 2757.966102
16525395.716579 0.000000 2770.169492
16370732.340246 0.000000 2782.372881
16220082.546131 0.000000 2794.576271
16076023.955258 0.000000 2806.779661
15959624.751344 0.000000 2818.983051
15862795.035668 0.000000 2831.186441
15770611.779769 0.000000 2843.389831
15705032.685084 0.000000 2855.593220
15676201.504995 0.000000 2867.796610
15672901.674080 0.000000 2880.000000
15691855.220586 0.000000 2892.203390
15733225.506563 0.000000 2904.406780
15798077.966813 0.000000 2916.610169
15958800.199522 0.000000 2928.813559
16388104.308930 0.000000 2941.016949
17444165.220667 0.000000 2953.220339
20088167.559748 0.000000 2965.423729
27396830.669280 0.000000 2977.627119
14107545.089083 0.000000 2989.830508
1824552.700597 0.000000 3002.033898
-2216652.752752 -0.000000 3014.237288
6307015.269542 0.000000 3026.440678
25830608.234471 0.000000 3038.644068
31408547.027591 0.000000 3050.847458
30518788.603601 0.000000 3063.050847
30850168.295996 0.000000 3075.254237
31626555.169840 0.000000 3087.457627
32137548.404919 0.000000 3099.661017
32005433.397248 0.000000 3111.864407
31653899.414383 0.000000 3124.067797
31070347.123290 0.000000 3136.271186
30773854.016148 0.000000 3148.474576
30728518.748155 0.000000 3160.677966
30421503.326008 0.000000 3172.881356
30151088.110296 0.000000 3185.084746
29930787.122668 0.000000 3197.288136
29729017.793867 0.000000 3209.491525
29579625.012320 0.000000 3221.694915
29447437.141178 0.000000 3233.898305
29319671.966300 0.000000 3246.101695
29185930.352511 0.000000 3258.305085
29044874.521861 0.000000 3270.508475
28897658.491657 0.000000 3282.711864
28761459.233045 0.000000 3294.915254
28655072.242562 0.000000 3307.118644
28631841.463052 0.000000 3319.322034
28769421.180367 0.000000 3331.525424
29228157.861189 0.000000 3343.728814
28969298.572375 0.000000 3355.932203
29172744.387806 0.000000 3368.135593
33056929.250706 0.000000 3380.338983
35980701.251772 0.000000 3392.542373
35055816.046322 0.000000 3404.745763
33025345.250710 0.000000 3416.949153
31352137.194732 0.000000 3429.152542
28477921.657071 0.000000 3441.355932
23648889.365351 0.000000 3453.559322
3921126.483608 0.000000 3465.762712
42636912.381225 0.000000 3477.966102
241109.275420 0.000000 3490.169492
389230.821846 0.000000 3502.372881
523385.299544 0.000000 3514.576271
642522.249442 0.000000 3526.779661
745426.198545 0.000000 3538.983051
831320.288811 0.000000 3551.186441
899801.045252 0.000000 3563.389831
950863.503722 0.000000 3575.593220
984690.655008 0.000000 3587.796610
1001527.408857 0.000000 3600.000000
