16816.887817 0.000000 0.000000
16908.853421 0.000000 12.203390
17092.986098 0.000000 24.406780
17370.289713 0.000000 36.610169
17741.538326 0.000000 48.813559
18208.474130 0.000000 61.016949
18772.514455 0.000000 73.220339
19436.273811 0.000000 85.423729
20201.757259 0.000000 97.627119
21072.484637 0.000000 109.830508
22051.054945 0.000000 122.033898
23141.926447 0.000000 134.237288
24348.306135 0.000000 146.440678
25675.629425 0.000000 158.644068
27127.727487 0.000000 170.847458
28711.059492 0.000000 183.050847
30430.099348 0.000000 195.254237
32292.384041 0.000000 207.457627
34303.050616 0.000000 219.661017
36470.775194 0.000000 231.864407
38801.379692 0.000000 244.067797
41304.748954 0.000000 256.271186
43987.412653 0.000000 268.474576
46860.541829 0.000000 280.677966
49931.398852 0.000000 292.881356
53212.527052 0.000000 305.084746
56711.946652 0.000000 317.288136
60443.669427 0.000000 329.491525
64416.501037 0.000000 341.694915
68646.027007 0.000000 353.898305
73141.868884 0.000000 366.101695
77921.302491 0.000000 378.305085
82994.797322 0.000000 390.508475
88381.448273 0.000000 402.711864
94092.609603 0.000000 414.915254
100149.334126 0.000000 427.118644
106563.903080 0.000000 439.322034
113359.480402 0.000000 451.525424
120549.320341 0.000000 463.728814
128158.862528 0.000000 475.932203
136202.389088 0.000000 488.135593
144707.787677 0.000000 500.338983
153690.430482 0.000000 512.542373
163180.834427 0.000000 524.745763
173195.528764 0.000000 536.949153
183767.839185 0.000000 549.152542
194915.524006 0.000000 561.355932
206674.881678 0.000000 573.559322
219064.965476 0.000000 585.762712
232125.177007 0.000000 597.966102
245875.905694 0.000000 610.169492
260359.709710 0.000000 622.372881
275598.297424 0.000000 634.576271
291637.297008 0.000000 646.779661
308499.588540 0.000000 658.983051
326233.529532 0.000000 671.186441
344862.768924 0.000000 683.389831
364437.599764 0.000000 695.593220
384981.552544 0.000000 707.796610
406545.272018 0.000000 720.000000
429150.375278 0.000000 732.203390
452844.869386 0.000000 744.406780
477644.986926 0.000000 756.610169
503590.629916 0.000000 768.813559
530686.091826 0.000000 781.016949
558953.246451 0.000000 793.220339
588372.187049 0.000000 805.423729
618928.755788 0.000000 817.627119
650555.986650 0.000000 829.830508
683170.835663 0.000000 842.033898
716616.598866 0.000000 854.237288
750680.995011 0.000000 866.440678
785037.827158 0.000000 878.644068
819234.365350 0.000000 890.847458
852626.834356 0.000000 903.050847
884319.381630 0.000000 915.254237
913083.585384 0.000000 927.457627
937229.072184 0.000000 939.661017
954504.405313 0.000000 951.864407
961910.135633 0.000000 964.067797
955659.056915 0.000000 976.271186
931124.950866 0.000000 988.474576
883280.972393 0.000000 1000.677966
807499.380808 0.000000 1012.881356
701403.365407 0.000000 1025.084746
567178.947778 0.000000 1037.288136
414153.100527 0.000000 1049.491525
259394.795552 0.000000 1061.694915
125279.325353 0.000000 1073.898305
86470982.046872 0.000000 1086.101695
-768817.498242 -0.000000 1098.305085
-7043891.277863 -0.000000 1110.508475
-12579325.714761 -0.000000 1122.711864
-13485006.146468 -0.000000 1134.915254
-13114627.664695 -0.000000 1147.118644
-12997153.542600 -0.000000 1159.322034
-12999768.064861 -0.000000 1171.525424
-13002031.732819 -0.000000 1183.728814
-12834583.984962 -0.000000 1195.932203
-12425218.903681 -0.000000 1208.135593
-12194909.921383 -0.000000 1220.338983
-12183105.333399 -0.000000 1232.542373
-12109591.554224 -0.000000 1244.745763
-12005438.409335 -0.000000 1256.949153
-11873931.743519 -0.000000 1269.152542
-11694899.773559 -0.000000 1281.355932
-11486073.416904 -0.000000 1293.559322
-11259691.266131 -0.000000 1305.762712
-11040494.490301 -0.000000 1317.966102
-10876110.872910 -0.000000 1330.169492
-10756869.836929 -0.000000 1342.372881
-10628684.748145 -0.000000 1354.576271
-10464210.197584 -0.000000 1366.779661
-10263479.458325 -0.000000 1378.983051
-10041927.786480 -0.000000 1391.186441
-9822934.587683 -0.000000 1403.389831
-9619317.220849 -0.000000 1415.593220
-9418748.624676 -0.000000 1427.796610
-9205199.374409 -0.000000 1440.000000
-8975225.885554 -0.000000 1452.203390
-8745460.383169 -0.000000 1464.406780
-8524730.403948 -0.000000 1476.610169
-8315463.390512 -0.000000 1488.813559
-8112113.281049 -0.000000 1501.016949
-7911969.735600 -0.000000 1513.220339
-7712799.739820 -0.000000 1525.423729
-7513235.360031 -0.000000 1537.627119
-7313604.394991 -0.000000 1549.830508
-7111808.006671 -0.000000 1562.033898
-6909453.058525 -0.000000 1574.237288
-6704619.066080 -0.000000 1586.440678
-6501981.378028 -0.000000 1598.644068
-6301829.685915 -0.000000 1610.847458
-6105857.133206 -0.000000 1623.050847
-5903573.688573 -0.000000 1635.254237
-5687424.201353 -0.000000 1647.457627
-5453396.319414 -0.000000 1659.661017
-5205171.712745 -0.000000 1671.864407
-4940128.112407 -0.000000 1684.067797
-4648113.126702 -0.000000 1696.271186
-4312430.926526 -0.000000 1708.474576
-3906688.049779 -0.000000 1720.677966
-3398714.622569 -0.000000 1732.881356
-2734816.279031 -0.000000 1745.084746
-1853115.953734 -0.000000 1757.288136
-653486.421606 -0.000000 1769.491525
952573.059227 0.000000 1781.694915
3104232.637124 0.000000 1793.898305
5705374.877059 0.000000 1806.101695
8999496.933805 0.000000 1818.305085
12338369.653089 0.000000 1830.508475
13474344.872397 0.000000 1842.711864
13680238.881664 0.000000 1854.915254
12378245.727166 0.000000 1867.118644
2863945.736697 0.000000 1879.322034
-11144650.562876 -0.000000 1891.525424
-19362722.049613 -0.000000 1903.728814
-68800736.733816 -0.000000 1915.932203
-27908631.847717 -0.000000 1928.135593
-17326298.255415 -0.000000 1940.338983
-14337102.518124 -0.000000 1952.542373
-13350334.751563 -0.000000 1964.745763
-14155504.452962 -0.000000 1976.949153
-16358181.323763 -0.000000 1989.152542
-18820309.551051 -0.000000 2001.355932
-21323201.662246 -0.000000 2013.559322
-24100722.202678 -0.000000 2025.762712
-27226274.680013 -0.000000 2037.966102
-32050152.602596 -0.000000 2050.169492
-31135044.634327 -0.000000 2062.372881
-30353526.571365 -0.000000 2074.576271
-5459935175.723751 -0.000000 2086.779661
-3067664.120671 -0.000000 2098.983051
9736667.327445 0.000000 2111.186441
6431629.146898 0.000000 2123.389831
-768419.173421 -0.000000 2135.593220
576245976.439634 0.000000 2147.796610
15671721.841563 0.000000 2160.000000
23505810.915030 0.000000 2172.203390
26744353.892823 0.000000 2184.406780
12606834.579976 0.000000 2196.610169
9878966.114107 0.000000 2208.813559
6619382.958320 0.000000 2221.016949
2150557.896509 0.000000 2233.220339
-1536342.276967 -0.000000 2245.423729
-4171858.970908 -0.000000 2257.627119
-5524519.656379 -0.000000 2269.830508
-5834700.810758 -0.000000 2282.033898
-5459989.504163 -0.000000 2294.237288
-4725833.627603 -0.000000 2306.440678
-3877718.760849 -0.000000 2318.644068
-3019566.627169 -0.000000 2330.847458
-2202042.518171 -0.000000 2343.050847
-1426456.506534 -0.000000 2355.254237
-713068.449694 -0.000000 2367.457627
-66222.081927 -0.000000 2379.661017
510750.532999 0.000000 2391.864407
1031059.025898 0.000000 2404.067797
1505082.090732 0.000000 2416.271186
1943945.105526 0.000000 2428.474576
2353692.358939 0.000000 2440.677966
2739085.413399 0.000000 2452.881356
3102394.063498 0.000000 2465.084746
3446168.064191 0.000000 2477.288136
3770521.297078 0.000000 2489.491525
4077090.167267 0.000000 2501.694915
4361985.529319 0.000000 2513.898305
4623087.699332 0.000000 2526.101695
4853553.298801 0.000000 2538.305085
5062246.101350 0.000000 2550.508475
5265959.987181 0.000000 2562.711864
5487525.414022 0.000000 2574.915254
5719588.092950 0.000000 2587.118644
5943944.209285 0.000000 2599.322034
6143792.091098 0.000000 2611.525424
6321935.770919 0.000000 2623.728814
6483248.543405 0.000000 2635.932203
6634202.958779 0.000000 2648.135593
6777365.608010 0.000000 2660.338983
6912774.882602 0.000000 2672.542373
7039863.153355 0.000000 2684.745763
7149952.011093 0.000000 2696.949153
7235366.196854 0.000000 2709.152542
7284846.370044 0.000000 2721.355932
7312878.367225 0.000000 2733.559322
7336103.130493 0.000000 2745.762712
7349719.790931 0.000000 2757.966102
7274690.834447 0.000000 2770.169492
6994660.103324 0.000000 2782.372881
6385367.854105 0.000000 2794.576271
5341982.405862 0.000000 2806.779661
3793997.519126 0.000000 2818.983051
1704910.740044 0.000000 2831.186441
-698480.861989 -0.000000 2843.389831
-2635316.333695 -0.000000 2855.593220
-2256053.743643 -0.000000 2867.796610
3881867.893556 0.000000 2880.000000
16725511.946131 0.000000 2892.203390
27621703.247330 0.000000 2904.406780
29785714.497229 0.000000 2916.610169
29711740.467017 0.000000 2928.813559
29946387.229838 0.000000 2941.016949
30422589.686927 0.000000 2953.220339
30312790.743746 0.000000 2965.423729
29833720.215211 0.000000 2977.627119
29605146.050480 0.000000 2989.830508
29227453.951678 0.000000 3002.033898
28802500.125931 0.000000 3014.237288
28468528.588795 0.000000 3026.440678
28158208.587798 0.000000 3038.644068
27942537.629567 0.000000 3050.847458
27787719.780888 0.000000 3063.050847
27670291.327841 0.000000 3075.254237
27573049.818592 0.000000 3087.457627
27487106.780157 0.000000 3099.661017
27417531.590821 0.000000 3111.864407
27367216.057518 0.000000 3124.067797
27346747.059666 0.000000 3136.271186
27359232.616199 0.000000 3148.474576
27422252.217446 0.000000 3160.677966
27566674.814341 0.000000 3172.881356
27910184.872792 0.000000 3185.084746
28379602.431522 0.000000 3197.288136
28317740.697971 0.000000 3209.491525
28910066.940753 0.000000 3221.694915
31502282.358863 0.000000 3233.898305
33277124.352456 0.000000 3246.101695
32754204.176981 0.000000 3258.305085
31113598.314134 0.000000 3270.508475
29490640.307163 0.000000 3282.711864
26004378.259981 0.000000 3294.915254
27478545.733056 0.000000 3307.118644
5960744.107138 0.000000 3319.322034
-23586434.497088 -0.000000 3331.525424
-26451.874961 -0.000000 3343.728814
-45115.107843 -0.000000 3355.932203
-64753.120264 -0.000000 3368.135593
-84586.846764 -0.000000 3380.338983
-103564.777948 -0.000000 3392.542373
-121093.698282 -0.000000 3404.745763
-136687.970646 -0.000000 3416.949153
-150146.006698 -0.000000 3429.152542
-161428.781981 -0.000000 3441.355932
-170644.252055 -0.000000 3453.559322
-177989.389587 -0.000000 3465.762712
-183701.705543 -0.000000 3477.966102
-188040.926408 -0.000000 3490.169492
-191250.310817 -0.000000 3502.372881
-193562.425216 -0.000000 3514.576271
-195173.669957 -0.000000 3526.779661
-196259.830141 -0.000000 3538.983051
-196959.498723 -0.000000 3551.186441
-197390.270215 -0.000000 3563.389831
-197637.971458 -0.000000 3575.593220
-197768.864793 -0.000000 3587.796610
-197823.685341 -0.000000 3600.000000
