15544.925165 0.000000 0.000000
15555.568234 0.000000 12.203390
15576.759919 0.000000 24.406780
15608.709083 0.000000 36.610169
15651.346512 0.000000 48.813559
15704.741356 0.000000 61.016949
15768.933247 0.000000 73.220339
15844.002500 0.000000 85.423729
15930.015791 0.000000 97.627119
16027.076718 0.000000 109.830508
16135.272361 0.000000 122.033898
16254.731607 0.000000 134.237288
16385.561195 0.000000 146.440678
16527.914821 0.000000 158.644068
16681.917741 0.000000 170.847458
16847.748012 0.000000 183.050847
17025.548399 0.000000 195.254237
17215.520560 0.000000 207.457627
17417.823777 0.000000 219.661017
17632.682125 0.000000 231.864407
17860.270300 0.000000 244.067797
18100.834158 0.000000 256.271186
18354.562804 0.000000 268.474576
18621.723235 0.000000 280.677966
18902.519193 0.000000 292.881356
19197.238688 0.000000 305.084746
19506.099812 0.000000 317.288136
19829.412880 0.000000 329.491525
20167.411493 0.000000 341.694915
20520.429586 0.000000 353.898305
20888.718934 0.000000 366.101695
21272.639628 0.000000 378.305085
21672.463874 0.000000 390.508475
22088.582035 0.000000 402.711864
22521.290903 0.000000 414.915254
22971.014408 0.000000 427.118644
23438.079393 0.000000 439.322034
23922.949117 0.000000 451.525424
24425.984907 0.000000 463.728814
24947.695790 0.000000 475.932203
25488.484614 0.000000 488.135593
26048.911874 0.000000 500.338983
26629.430132 0.000000 512.542373
27230.659918 0.000000 524.745763
27853.111205 0.000000 536.949153
28497.474135 0.000000 549.152542
29164.327143 0.000000 561.355932
29854.439631 0.000000 573.559322
30568.470808 0.000000 585.762712
31307.282999 0.000000 597.966102
32071.629866 0.000000 610.169492
32862.480530 0.000000 622.372881
33680.700291 0.000000 634.576271
34527.381588 0.000000 646.779661
35403.519826 0.000000 658.983051
36310.349873 0.000000 671.186441
37249.017731 0.000000 683.389831
38220.920142 0.000000 695.593220
39227.376983 0.000000 707.796610
40269.968798 0.000000 720.000000
41350.213494 0.000000 732.203390
42469.897741 0.000000 744.406780
43630.762833 0.000000 756.610169
44834.824590 0.000000 768.813559
46084.074933 0.000000 781.016949
47380.782199 0.000000 793.220339
48727.215826 0.000000 805.423729
50125.920680 0.000000 817.627119
51579.472657 0.000000 829.830508
53090.715464 0.000000 842.033898
54662.560636 0.000000 854.237288
56298.174315 0.000000 866.440678
58000.833241 0.000000 878.644068
59774.048836 0.000000 890.847458
61621.493495 0.000000 903.050847
63547.044966 0.000000 915.254237
65554.802365 0.000000 927.457627
67649.028972 0.000000 939.661017
69834.281807 0.000000 951.864407
72115.227135 0.000000 964.067797
74496.909954 0.000000 976.271186
76984.412282 0.000000 988.474576
79583.294320 0.000000 1000.677966
82299.061440 0.000000 1012.881356
85137.814914 0.000000 1025.084746
88105.482508 0.000000 1037.288136
91208.726444 0.000000 1049.491525
94453.885929 0.000000 1061.694915
97848.197765 0.000000 1073.898305
101398.388598 0.000000 1086.101695
105112.275815 0.000000 1098.305085
108996.933129 0.000000 1110.508475
113060.753507 0.000000 1122.711864
117311.097498 0.000000 1134.915254
121756.918341 0.000000 1147.118644
126405.779422 0.000000 1159.322034
131267.164573 0.000000 1171.525424
136348.730649 0.000000 1183.728814
141660.449264 0.000000 1195.932203
147209.930867 0.000000 1208.135593
153007.580513 0.000000 1220.338983
159060.788909 0.000000 1232.542373
165380.331617 0.000000 1244.745763
171973.175622 0.000000 1256.949153
178850.401559 0.000000 1269.152542
186018.315708 0.000000 1281.355932
193488.247327 0.000000 1293.559322
201265.579699 0.000000 1305.762712
209361.863208 0.000000 1317.966102
217781.275128 0.000000 1330.169492
226535.611906 0.000000 1342.372881
235627.559546 0.000000 1354.576271
245069.274477 0.000000 1366.779661
254861.674839 0.000000 1378.983051
265017.529354 0.000000 1391.186441
275535.750786 0.000000 1403.389831
286430.170887 0.000000 1415.593220
297697.514375 0.000000 1427.796610
309353.403841 0.000000 1440.000000
321392.277489 0.000000 1452.203390
333832.645228 0.000000 1464.406780
346666.662678 0.000000 1476.610169
359917.312443 0.000000 1488.813559
373574.571913 0.000000 1501.016949
387668.102601 0.000000 1513.220339
402185.900939 0.000000 1525.423729
417167.305881 0.000000 1537.627119
432598.565878 0.000000 1549.830508
448532.692813 0.000000 1562.033898
464954.358729 0.000000 1574.237288
481935.491324 0.000000 1586.440678
499459.137732 0.000000 1598.644068
517622.905051 0.000000 1610.847458
536407.675533 0.000000 1623.050847
555945.243236 0.000000 1635.254237
576212.884710 0.000000 1647.457627
597386.620116 0.000000 1659.661017
619437.124639 0.000000 1671.864407
642594.557347 0.000000 1684.067797
666817.315714 0.000000 1696.271186
692393.289332 0.000000 1708.474576
719258.021727 0.000000 1720.677966
747735.779565 0.000000 1732.881356
777718.049457 0.000000 1745.084746
809469.987578 0.000000 1757.288136
842788.623092 0.000000 1769.491525
877609.184632 0.000000 1781.694915
913499.473842 0.000000 1793.898305
949598.193933 0.000000 1806.101695
985006.562989 0.000000 1818.305085
1018377.398425 0.000000 1830.508475
1048003.158980 0.000000 1842.711864
1065117.547598 0.000000 1854.915254
1047233.442393 0.000000 1867.118644
904581.528253 0.000000 1879.322034
458087.746395 0.000000 1891.525424
-593927.664586 -0.000000 1903.728814
-3340785.993376 -0.000000 1915.932203
-14655562.607973 -0.000000 1928.135593
-25501984.023476 -0.000000 1940.338983
-27186873.560142 -0.000000 1952.542373
-26490298.895415 -0.000000 1964.745763
-25773202.823417 -0.000000 1976.949153
-25665165.858568 -0.000000 1989.152542
-26178813.792644 -0.000000 2001.355932
-27105638.165252 -0.000000 2013.559322
-28441250.927624 -0.000000 2025.762712
-29994342.964557 -0.000000 2037.966102
-32690944.889933 -0.000000 2050.169492
-29268013.218189 -0.000000 2062.372881
-35516265.651906 -0.000000 2074.576271
-24812350.335296 -0.000000 2086.779661
-8339086.088730 -0.000000 2098.983051
-10306942.959730 -0.000000 2111.186441
1598028.176293 0.000000 2123.389831
12500432.970947 0.000000 2135.593220
4676878.596382 0.000000 2147.796610
4627735.718301 0.000000 2160.000000
6059400.041504 0.000000 2172.203390
78254280.875822 0.000000 2184.406780
57388865.087801 0.000000 2196.610169
7056313.792500 0.000000 2208.813559
11656399.173455 0.000000 2221.016949
12484915.203791 0.000000 2233.220339
11583676.858648 0.000000 2245.423729
9379627.252023 0.000000 2257.627119
7181833.005603 0.000000 2269.830508
5872882.785494 0.000000 2282.033898
5540221.995729 0.000000 2294.237288
5928595.594546 0.000000 2306.440678
6710625.401707 0.000000 2318.644068
7634546.147022 0.000000 2330.847458
8566038.818737 0.000000 2343.050847
9421392.053040 0.000000 2355.254237
10184548.130776 0.000000 2367.457627
10842361.571548 0.000000 2379.661017
11411452.218516 0.000000 2391.864407
11895450.618658 0.000000 2404.067797
12312394.634037 0.000000 2416.271186
12663855.256488 0.000000 2428.474576
12957499.264791 0.000000 2440.677966
13188598.727960 0.000000 2452.881356
13374857.453653 0.000000 2465.084746
13544698.276398 0.000000 2477.288136
13733804.153133 0.000000 2489.491525
13932695.548257 0.000000 2501.694915
14114357.580287 0.000000 2513.898305
14251564.201912 0.000000 2526.101695
14337030.743583 0.000000 2538.305085
14361018.553253 0.000000 2550.508475
14337264.302264 0.000000 2562.711864
14317822.111967 0.000000 2574.915254
14367225.197470 0.000000 2587.118644
14487028.146437 0.000000 2599.322034
14614787.240589 0.000000 2611.525424
14704319.327905 0.000000 2623.728814
14749956.753089 0.000000 2635.932203
14773611.943497 0.000000 2648.135593
14787119.319326 0.000000 2660.338983
14801289.149704 0.000000 2672.542373
14811281.440834 0.000000 2684.745763
14814017.836249 0.000000 2696.949153
14795042.495658 0.000000 2709.152542
14755717.119958 0.000000 2721.355932
14705657.096823 0.000000 2733.559322
14662995.210226 0.000000 2745.762712
14626167.977255 0.000000 2757.966102
14589465.214860 0.000000 2770.169492
14524621.684180 0.000000 2782.372881
14362744.577943 0.000000 2794.576271
14023178.060698 0.000000 2806.779661
13421881.377066 0.000000 2818.983051
12444908.344491 0.000000 2831.186441
10785677.153712 0.000000 2843.389831
7968142.182337 0.000000 2855.593220
3821876.235149 0.000000 2867.796610
428894.883173 0.000000 2880.000000
1416602.495713 0.000000 2892.203390
13430378.601753 0.000000 2904.406780
27819344.957820 0.000000 2916.610169
29687150.265133 0.000000 2928.813559
29585454.086408 0.000000 2941.016949
30199088.443580 0.000000 2953.220339
30504541.057049 0.000000 2965.423729
30604598.374867 0.000000 2977.627119
30610693.463931 0.000000 2989.830508
30048416.901765 0.000000 3002.033898
29693476.574849 0.000000 3014.237288
29576589.652810 0.000000 3026.440678
29204767.537893 0.000000 3038.644068
28910959.423241 0.000000 3050.847458
28658925.127766 0.000000 3063.050847
28439451.583873 0.000000 3075.254237
28276122.067127 0.000000 3087.457627
28139951.819533 0.000000 3099.661017
28021005.123914 0.000000 3111.864407
27914192.499608 0.000000 3124.067797
27809447.558286 0.000000 3136.271186
27711603.128532 0.000000 3148.474576
27629102.041710 0.000000 3160.677966
27585098.894471 0.000000 3172.881356
27625960.685596 0.000000 3185.084746
27829557.865881 0.000000 3197.288136
28292644.517960 0.000000 3209.491525
28358049.073253 0.000000 3221.694915
28395281.006182 0.000000 3233.898305
30737451.782903 0.000000 3246.101695
33587922.089923 0.000000 3258.305085
33615534.701380 0.000000 3270.508475
32064652.757212 0.000000 3282.711864
30231319.547822 0.000000 3294.915254
27059486.575262 0.000000 3307.118644
27861877.302825 0.000000 3319.322034
11522877.011471 0.000000 3331.525424
21947958.459557 0.000000 3343.728814
29098.035226 0.000000 3355.932203
52008.174804 0.000000 3368.135593
74849.278039 0.000000 3380.338983
97122.506893 0.000000 3392.542373
118174.609746 0.000000 3404.745763
137368.046280 0.000000 3416.949153
154386.673605 0.000000 3429.152542
169049.303585 0.000000 3441.355932
181398.069893 0.000000 3453.559322
191563.979762 0.000000 3465.762712
199780.422391 0.000000 3477.966102
206295.479201 0.000000 3490.169492
211380.334436 0.000000 3502.372881
215278.482731 0.000000 3514.576271
218220.886145 0.000000 3526.779661
220398.075535 0.000000 3538.983051
221977.570541 0.000000 3551.186441
223088.397508 0.000000 3563.389831
223835.823663 0.000000 3575.593220
224292.920740 0.000000 3587.796610
224509.685575 0.000000 3600.000000
