18361.034699 0.000000 0.000000
18375.348596 0.000000 12.203390
18403.881764 0.000000 24.406780
18446.787014 0.000000 36.610169
18503.959814 0.000000 48.813559
18575.417224 0.000000 61.016949
18661.117269 0.000000 73.220339
18761.070578 0.000000 85.423729
18875.234170 0.000000 97.627119
19003.627574 0.000000 109.830508
19146.207206 0.000000 122.033898
19303.009791 0.000000 134.237288
19473.997790 0.000000 146.440678
19659.232228 0.000000 158.644068
19858.688466 0.000000 170.847458
20072.459363 0.000000 183.050847
20300.540474 0.000000 195.254237
20543.063618 0.000000 207.457627
20800.051250 0.000000 219.661017
21071.680136 0.000000 231.864407
21358.005146 0.000000 244.067797
21659.252872 0.000000 256.271186
21975.514516 0.000000 268.474576
22307.069461 0.000000 280.677966
22654.047847 0.000000 292.881356
23016.782839 0.000000 305.084746
23395.443312 0.000000 317.288136
23790.415503 0.000000 329.491525
24201.905073 0.000000 341.694915
24630.348446 0.000000 353.898305
25075.985151 0.000000 366.101695
25539.296845 0.000000 378.305085
26020.551242 0.000000 390.508475
26520.270085 0.000000 402.711864
27038.743239 0.000000 414.915254
27576.525269 0.000000 427.118644
28133.922521 0.000000 439.322034
28711.515892 0.000000 451.525424
29309.621451 0.000000 463.728814
29928.841378 0.000000 475.932203
30569.496684 0.000000 488.135593
31232.205791 0.000000 500.338983
31917.292691 0.000000 512.542373
32625.390442 0.000000 524.745763
33356.825588 0.000000 536.949153
34112.248000 0.000000 549.152542
34891.990862 0.000000 561.355932
35696.724760 0.000000 573.559322
36526.797697 0.000000 585.762712
37382.911767 0.000000 597.966102
38265.441249 0.000000 610.169492
39175.132320 0.000000 622.372881
40112.402764 0.000000 634.576271
41078.060168 0.000000 646.779661
42072.585346 0.000000 658.983051
43096.868330 0.000000 671.186441
44151.476143 0.000000 683.389831
45237.403678 0.000000 695.593220
46355.329724 0.000000 707.796610
47506.378712 0.000000 720.000000
48691.367708 0.000000 732.203390
49911.576050 0.000000 744.406780
51167.985965 0.000000 756.610169
52462.055799 0.000000 768.813559
53794.960688 0.000000 781.016949
55168.361785 0.000000 793.220339
56583.652524 0.000000 805.423729
58042.720639 0.000000 817.627119
59547.203560 0.000000 829.830508
61099.234390 0.000000 842.033898
62700.719148 0.000000 854.237288
64354.056212 0.000000 866.440678
66061.443088 0.000000 878.644068
67825.559609 0.000000 890.847458
69648.916353 0.000000 903.050847
71534.489556 0.000000 915.254237
73485.123631 0.000000 927.457627
75504.100819 0.000000 939.661017
77594.618728 0.000000 951.864407
79760.272804 0.000000 964.067797
82004.630124 0.000000 976.271186
84331.600961 0.000000 988.474576
86745.133223 0.000000 1000.677966
89249.445705 0.000000 1012.881356
91848.876210 0.000000 1025.084746
94547.935916 0.000000 1037.288136
97351.350945 0.000000 1049.491525
100263.894761 0.000000 1061.694915
103290.673243 0.000000 1073.898305
106436.676387 0.000000 1086.101695
109707.366698 0.000000 1098.305085
113107.882627 0.000000 1110.508475
116644.007544 0.000000 1122.711864
120320.935606 0.000000 1134.915254
124144.716638 0.000000 1147.118644
128120.476407 0.000000 1159.322034
132254.459793 0.000000 1171.525424
136551.567496 0.000000 1183.728814
141018.149382 0.000000 1195.932203
145658.687778 0.000000 1208.135593
150479.533723 0.000000 1220.338983
155484.517855 0.000000 1232.542373
160679.879967 0.000000 1244.745763
166068.532759 0.000000 1256.949153
171656.495419 0.000000 1269.152542
177445.460483 0.000000 1281.355932
183441.139294 0.000000 1293.559322
189643.680049 0.000000 1305.762712
196058.443333 0.000000 1317.966102
202683.695281 0.000000 1330.169492
209524.483334 0.000000 1342.372881
216576.854837 0.000000 1354.576271
223845.705660 0.000000 1366.779661
231324.543808 0.000000 1378.983051
239018.449438 0.000000 1391.186441
246918.108956 0.000000 1403.389831
255029.356445 0.000000 1415.593220
263339.809561 0.000000 1427.796610
271856.938467 0.000000 1440.000000
280565.078943 0.000000 1452.203390
289474.594985 0.000000 1464.406780
298566.333197 0.000000 1476.610169
307855.273899 0.000000 1488.813559
317318.497691 0.000000 1501.016949
326977.870667 0.000000 1513.220339
336806.247805 0.000000 1525.423729
346835.305863 0.000000 1537.627119
357032.835203 0.000000 1549.830508
367444.037498 0.000000 1562.033898
378030.156858 0.000000 1574.237288
388854.662200 0.000000 1586.440678
399869.761673 0.000000 1598.644068
411163.360515 0.000000 1610.847458
422674.742644 0.000000 1623.050847
434524.628223 0.000000 1635.254237
446633.822152 0.000000 1647.457627
459167.974369 0.000000 1659.661017
472022.814493 0.000000 1671.864407
485427.850894 0.000000 1684.067797
499249.926396 0.000000 1696.271186
513814.682818 0.000000 1708.474576
528973.671109 0.000000 1720.677966
545209.251627 0.000000 1732.881356
562436.833818 0.000000 1745.084746
581421.289367 0.000000 1757.288136
602429.069680 0.000000 1769.491525
626782.619030 0.000000 1781.694915
655923.955051 0.000000 1793.898305
692200.806061 0.000000 1806.101695
739521.025317 0.000000 1818.305085
800580.180901 0.000000 1830.508475
877080.445413 0.000000 1842.711864
967515.455907 0.000000 1854.915254
1023251.155513 0.000000 1867.118644
1040411.099532 0.000000 1879.322034
990934.573607 0.000000 1891.525424
14605236.077008 0.000000 1903.728814
128153.676805 0.000000 1915.932203
-26169443.856046 -0.000000 1928.135593
-17022795.531625 -0.000000 1940.338983
-21139192.441373 -0.000000 1952.542373
-22756613.055624 -0.000000 1964.745763
-22487783.901735 -0.000000 1976.949153
-22215343.671204 -0.000000 1989.152542
-22403667.104568 -0.000000 2001.355932
-22903020.271829 -0.000000 2013.559322
-23520754.172588 -0.000000 2025.762712
-24154719.394255 -0.000000 2037.966102
-24809824.115477 -0.000000 2050.169492
-25514210.662926 -0.000000 2062.372881
-26122092.027222 -0.000000 2074.576271
-26741012.490755 -0.000000 2086.779661
-24455003.226497 -0.000000 2098.983051
-35815548.925734 -0.000000 2111.186441
-267068788.149086 -0.000000 2123.389831
-38509879.169451 -0.000000 2135.593220
-4409924.213266 -0.000000 2147.796610
-3811293.027609 -0.000000 2160.000000
-3226185.314942 -0.000000 2172.203390
-3872124.073019 -0.000000 2184.406780
-4262590.030264 -0.000000 2196.610169
-3945965.993937 -0.000000 2208.813559
-3014079.346204 -0.000000 2221.016949
-1616780.975879 -0.000000 2233.220339
34830.384993 0.000000 2245.423729
1730748.938239 0.000000 2257.627119
3319833.703693 0.000000 2269.830508
4727575.387682 0.000000 2282.033898
5936110.178601 0.000000 2294.237288
6981879.553467 0.000000 2306.440678
7890948.571266 0.000000 2318.644068
8707286.027203 0.000000 2330.847458
9440567.589968 0.000000 2343.050847
10114805.942764 0.000000 2355.254237
10726276.398762 0.000000 2367.457627
11287890.143990 0.000000 2379.661017
11794219.509033 0.000000 2391.864407
12254513.328576 0.000000 2404.067797
12666064.077326 0.000000 2416.271186
13036620.483094 0.000000 2428.474576
13366137.259135 0.000000 2440.677966
13660873.073062 0.000000 2452.881356
13922262.458761 0.000000 2465.084746
14154883.039627 0.000000 2477.288136
14360814.518963 0.000000 2489.491525
14543197.918410 0.000000 2501.694915
14704594.258135 0.000000 2513.898305
14847605.498712 0.000000 2526.101695
14975432.173951 0.000000 2538.305085
15090644.019192 0.000000 2550.508475
15193605.463482 0.000000 2562.711864
15280979.212565 0.000000 2574.915254
15345819.723852 0.000000 2587.118644
15352659.604493 0.000000 2599.322034
15292381.652938 0.000000 2611.525424
15233202.122277 0.000000 2623.728814
15232476.207102 0.000000 2635.932203
15305363.372283 0.000000 2648.135593
15350755.857487 0.000000 2660.338983
15241361.798478 0.000000 2672.542373
14895411.970830 0.000000 2684.745763
14256713.732380 0.000000 2696.949153
13245141.888177 0.000000 2709.152542
11595367.995472 0.000000 2721.355932
8663244.478480 0.000000 2733.559322
4176686.155756 0.000000 2745.762712
656009.476597 0.000000 2757.966102
3376139.964786 0.000000 2770.169492
17968618.702387 0.000000 2782.372881
29763423.696100 0.000000 2794.576271
29510776.255793 0.000000 2806.779661
29522541.813415 0.000000 2818.983051
30279645.534331 0.000000 2831.186441
30790874.454393 0.000000 2843.389831
30954011.815748 0.000000 2855.593220
30844724.954576 0.000000 2867.796610
30314938.824607 0.000000 2880.000000
30046083.865474 0.000000 2892.203390
29906922.970729 0.000000 2904.406780
29517161.514394 0.000000 2916.610169
29180379.676242 0.000000 2928.813559
28878353.510268 0.000000 2941.016949
28631226.375096 0.000000 2953.220339
28466827.058204 0.000000 2965.423729
28352283.496020 0.000000 2977.627119
28263470.213413 0.000000 2989.830508
28178781.516592 0.000000 3002.033898
28088666.488295 0.000000 3014.237288
27999702.534229 0.000000 3026.440678
27926764.574728 0.000000 3038.644068
27911375.543923 0.000000 3050.847458
27994643.702369 0.000000 3063.050847
28292005.849930 0.000000 3075.254237
28684488.795978 0.000000 3087.457627
28593068.247558 0.000000 3099.661017
29145672.289754 0.000000 3111.864407
31673367.370023 0.000000 3124.067797
33630199.676973 0.000000 3136.271186
33496045.246062 0.000000 3148.474576
32190081.722770 0.000000 3160.677966
30830551.113226 0.000000 3172.881356
27912966.743801 0.000000 3185.084746
30282406.821181 0.000000 3197.288136
7480084.029704 0.000000 3209.491525
19801005.860509 0.000000 3221.694915
22893.621463 0.000000 3233.898305
42463.988279 0.000000 3246.101695
63688.601597 0.000000 3258.305085
85117.880215 0.000000 3270.508475
105901.164273 0.000000 3282.711864
125083.962293 0.000000 3294.915254
142140.052804 0.000000 3307.118644
156729.060643 0.000000 3319.322034
168792.429445 0.000000 3331.525424
178407.755563 0.000000 3343.728814
185789.384166 0.000000 3355.932203
191191.817558 0.000000 3368.135593
194908.901340 0.000000 3380.338983
197216.329640 0.000000 3392.542373
198384.140686 0.000000 3404.745763
198643.587870 0.000000 3416.949153
198207.195480 0.000000 3429.152542
197248.027109 0.000000 3441.355932
195921.049399 0.000000 3453.559322
194348.244088 0.000000 3465.762712
192638.030171 0.000000 3477.966102
190873.422212 0.000000 3490.169492
189128.346187 0.000000 3502.372881
187457.890384 0.000000 3514.576271
185911.310485 0.000000 3526.779661
184524.156656 0.000000 3538.983051
183328.095799 0.000000 3551.186441
182344.940031 0.000000 3563.389831
181593.464967 0.000000 3575.593220
181085.496367 0.000000 3587.796610
180829.618086 0.000000 3600.000000
