26897.588445 0.000000 0.000000
27020.155293 0.000000 12.203390
27265.515088 0.000000 24.406780
27634.626624 0.000000 36.610169
28128.320469 0.000000 48.813559
28748.266665 0.000000 61.016949
29495.958595 0.000000 73.220339
30373.887798 0.000000 85.423729
31384.150839 0.000000 97.627119
32530.074361 0.000000 109.830508
33814.352177 0.000000 122.033898
35241.155973 0.000000 134.237288
36813.777129 0.000000 146.440678
38537.244762 0.000000 158.644068
40415.450265 0.000000 170.847458
42454.298448 0.000000 183.050847
44658.286939 0.000000 195.254237
47034.220952 0.000000 207.457627
49587.215077 0.000000 219.661017
52325.006396 0.000000 231.864407
55253.342160 0.000000 244.067797
58380.930764 0.000000 256.271186
61714.172876 0.000000 268.474576
65262.794111 0.000000 280.677966
69033.875137 0.000000 292.881356
73038.209582 0.000000 305.084746
77283.587207 0.000000 317.288136
81781.922211 0.000000 329.491525
86541.744340 0.000000 341.694915
91576.133814 0.000000 353.898305
96894.387331 0.000000 366.101695
102510.778368 0.000000 378.305085
108435.381348 0.000000 390.508475
114683.650577 0.000000 402.711864
121266.415704 0.000000 414.915254
128200.220071 0.000000 427.118644
135496.557004 0.000000 439.322034
143172.829634 0.000000 451.525424
151240.965924 0.000000 463.728814
159718.751702 0.000000 475.932203
168618.067713 0.000000 488.135593
177956.168990 0.000000 500.338983
187743.931716 0.000000 512.542373
197996.408701 0.000000 524.745763
208721.629935 0.000000 536.949153
219929.428428 0.000000 549.152542
231621.510316 0.000000 561.355932
243797.064602 0.000000 573.559322
256444.944309 0.000000 585.762712
269543.914487 0.000000 597.966102
283057.738075 0.000000 610.169492
296926.973495 0.000000 622.372881
311067.358099 0.000000 634.576271
325348.676326 0.000000 646.779661
339595.757041 0.000000 658.983051
353547.962478 0.000000 671.186441
366860.210153 0.000000 683.389831
379034.567099 0.000000 695.593220
389417.528768 0.000000 707.796610
397097.639617 0.000000 720.000000
400905.324128 0.000000 732.203390
399300.362947 0.000000 744.406780
390446.098412 0.000000 756.610169
372239.263951 0.000000 768.813559
342728.676809 0.000000 781.016949
300657.941277 0.000000 793.220339
246534.627058 0.000000 805.423729
183547.348871 0.000000 817.627119
118197.101461 0.000000 829.830508
59421.706528 0.000000 842.033898
71225964.967566 0.000000 854.237288
-4245455.428821 -0.000000 866.440678
-12560415.494171 -0.000000 878.644068
-13419526.072647 -0.000000 890.847458
-12997096.459429 -0.000000 903.050847
-12781051.634740 -0.000000 915.254237
-12769192.804709 -0.000000 927.457627
-12842819.032811 -0.000000 939.661017
-12830869.939577 -0.000000 951.864407
-12747720.465882 -0.000000 964.067797
-12645634.735223 -0.000000 976.271186
-12601809.220974 -0.000000 988.474576
-12632778.837641 -0.000000 1000.677966
-12696398.335166 -0.000000 1012.881356
-12747204.819222 -0.000000 1025.084746
-12770308.603568 -0.000000 1037.288136
-12776721.315375 -0.000000 1049.491525
-12777302.834166 -0.000000 1061.694915
-12774213.480350 -0.000000 1073.898305
-12766576.106408 -0.000000 1086.101695
-12759194.810837 -0.000000 1098.305085
-12754213.685592 -0.000000 1110.508475
-12751589.004578 -0.000000 1122.711864
-12747525.314313 -0.000000 1134.915254
-12746388.581862 -0.000000 1147.118644
-12749147.156739 -0.000000 1159.322034
-12752226.025997 -0.000000 1171.525424
-12752877.345974 -0.000000 1183.728814
-12752805.785718 -0.000000 1195.932203
-12751697.556238 -0.000000 1208.135593
-12751257.838210 -0.000000 1220.338983
-12749089.138639 -0.000000 1232.542373
-12749209.018246 -0.000000 1244.745763
-12752047.652714 -0.000000 1256.949153
-12752586.102654 -0.000000 1269.152542
-12753159.079910 -0.000000 1281.355932
-12754774.599301 -0.000000 1293.559322
-12754421.777213 -0.000000 1305.762712
-12753358.121814 -0.000000 1317.966102
-12752287.723143 -0.000000 1330.169492
-12751611.739009 -0.000000 1342.372881
-12750743.864928 -0.000000 1354.576271
-12749435.179157 -0.000000 1366.779661
-12748605.853538 -0.000000 1378.983051
-12747784.941585 -0.000000 1391.186441
-12746158.879182 -0.000000 1403.389831
-12745882.011487 -0.000000 1415.593220
-12740392.079931 -0.000000 1427.796610
-12725172.888684 -0.000000 1440.000000
-12703056.161283 -0.000000 1452.203390
-12679179.501230 -0.000000 1464.406780
-12656156.662528 -0.000000 1476.610169
-12636707.885110 -0.000000 1488.813559
-12618845.426995 -0.000000 1501.016949
-12601027.346623 -0.000000 1513.220339
-12580006.516882 -0.000000 1525.423729
-12551645.500464 -0.000000 1537.627119
-12518162.861455 -0.000000 1549.830508
-12488662.923850 -0.000000 1562.033898
-12451710.744913 -0.000000 1574.237288
-12393036.793281 -0.000000 1586.440678
-12318518.383649 -0.000000 1598.644068
-12231984.309040 -0.000000 1610.847458
-12146698.281365 -0.000000 1623.050847
-12066433.799777 -0.000000 1635.254237
-11992078.431762 -0.000000 1647.457627
-11913781.287740 -0.000000 1659.661017
-11823390.342418 -0.000000 1671.864407
-11704143.988748 -0.000000 1684.067797
-11566940.689733 -0.000000 1696.271186
-11445341.284220 -0.000000 1708.474576
-11328288.802906 -0.000000 1720.677966
-11159037.476090 -0.000000 1732.881356
-10913325.054373 -0.000000 1745.084746
-10569818.111812 -0.000000 1757.288136
-10091028.382411 -0.000000 1769.491525
-9412786.663519 -0.000000 1781.694915
-8452976.282741 -0.000000 1793.898305
-7097033.400797 -0.000000 1806.101695
-5215124.798906 -0.000000 1818.305085
-2670186.495637 -0.000000 1830.508475
628976.245323 0.000000 1842.711864
4574340.778049 0.000000 1854.915254
9071862.034199 0.000000 1867.118644
12098310.058503 0.000000 1879.322034
13380708.441452 0.000000 1891.525424
14770641.181443 0.000000 1903.728814
12878565.847540 0.000000 1915.932203
-9682895.125566 -0.000000 1928.135593
-20380730.944370 -0.000000 1940.338983
-17275121.412417 -0.000000 1952.542373
-42345737.500720 -0.000000 1964.745763
-23023359.199675 -0.000000 1976.949153
-15881039.463597 -0.000000 1989.152542
-13607177.443453 -0.000000 2001.355932
-12605665.014682 -0.000000 2013.559322
-12798962.543544 -0.000000 2025.762712
-13765981.314990 -0.000000 2037.966102
-14733512.325834 -0.000000 2050.169492
-15995201.397881 -0.000000 2062.372881
-17566542.682011 -0.000000 2074.576271
-20499168.900175 -0.000000 2086.779661
-20173372.885567 -0.000000 2098.983051
-515467766.813446 -0.000000 2111.186441
-44806245.992049 -0.000000 2123.389831
-3603103.103346 -0.000000 2135.593220
310256052.046313 0.000000 2147.796610
35995102.818496 0.000000 2160.000000
16905313.246006 0.000000 2172.203390
12063082.636843 0.000000 2184.406780
5846586.151182 0.000000 2196.610169
12479574.323467 0.000000 2208.813559
17201779.566089 0.000000 2221.016949
18316702.509138 0.000000 2233.220339
24600521.159267 0.000000 2245.423729
44086560.820038 0.000000 2257.627119
41306275.388929 0.000000 2269.830508
15791756.533047 0.000000 2282.033898
9114840.566868 0.000000 2294.237288
1256641.931443 0.000000 2306.440678
-2828785.275603 -0.000000 2318.644068
-3187915.582016 -0.000000 2330.847458
-1694198.998115 -0.000000 2343.050847
434800.564836 0.000000 2355.254237
2553364.030040 0.000000 2367.457627
4399820.501776 0.000000 2379.661017
5903024.062163 0.000000 2391.864407
7090451.712889 0.000000 2404.067797
8018830.909439 0.000000 2416.271186
8752270.556908 0.000000 2428.474576
9341014.587674 0.000000 2440.677966
9826064.000815 0.000000 2452.881356
10233276.776466 0.000000 2465.084746
10582246.367969 0.000000 2477.288136
10883757.200168 0.000000 2489.491525
11146794.757481 0.000000 2501.694915
11376164.332937 0.000000 2513.898305
11577019.576326 0.000000 2526.101695
11752356.941629 0.000000 2538.305085
11906070.034573 0.000000 2550.508475
12040544.177258 0.000000 2562.711864
12158995.283842 0.000000 2574.915254
12263076.540037 0.000000 2587.118644
12355034.617228 0.000000 2599.322034
12435449.867980 0.000000 2611.525424
12505797.575394 0.000000 2623.728814
12566326.025502 0.000000 2635.932203
12618839.848008 0.000000 2648.135593
12664224.613089 0.000000 2660.338983
12704931.503357 0.000000 2672.542373
12742376.092487 0.000000 2684.745763
12778952.652583 0.000000 2696.949153
12815972.338199 0.000000 2709.152542
12854301.027843 0.000000 2721.355932
12892372.839216 0.000000 2733.559322
12923510.766366 0.000000 2745.762712
12936580.554021 0.000000 2757.966102
12919935.306825 0.000000 2770.169492
12870601.821531 0.000000 2782.372881
12775525.324050 0.000000 2794.576271
12579465.282554 0.000000 2806.779661
12190020.740744 0.000000 2818.983051
11516339.669079 0.000000 2831.186441
10448705.390269 0.000000 2843.389831
8783622.782065 0.000000 2855.593220
6259228.389366 0.000000 2867.796610
2929002.019749 0.000000 2880.000000
-23579.399126 -0.000000 2892.203390
139011.454913 0.000000 2904.406780
7941016.551900 0.000000 2916.610169
22531157.036719 0.000000 2928.813559
30267439.830469 0.000000 2941.016949
30217812.235843 0.000000 2953.220339
30320994.400721 0.000000 2965.423729
30754905.524291 0.000000 2977.627119
30976507.239883 0.000000 2989.830508
30990580.177793 0.000000 3002.033898
30501106.979121 0.000000 3014.237288
30154929.066843 0.000000 3026.440678
29996057.337820 0.000000 3038.644068
29599717.504222 0.000000 3050.847458
29287382.160751 0.000000 3063.050847
29009871.114242 0.000000 3075.254237
28784319.572195 0.000000 3087.457627
28624408.732592 0.000000 3099.661017
28497671.208076 0.000000 3111.864407
28390574.071954 0.000000 3124.067797
28291337.392023 0.000000 3136.271186
28197673.127527 0.000000 3148.474576
28107910.906594 0.000000 3160.677966
28037069.581584 0.000000 3172.881356
28001253.908329 0.000000 3185.084746
28041308.664310 0.000000 3197.288136
28192084.524664 0.000000 3209.491525
28598948.481720 0.000000 3221.694915
29003648.018783 0.000000 3233.898305
28947741.340356 0.000000 3246.101695
30147741.985010 0.000000 3258.305085
32850447.153043 0.000000 3270.508475
33910734.063821 0.000000 3282.711864
33015946.796086 0.000000 3294.915254
31103777.021904 0.000000 3307.118644
29117955.224960 0.000000 3319.322034
27701126.254318 0.000000 3331.525424
24732887.125494 0.000000 3343.728814
-966598.769647 -0.000000 3355.932203
6148664.374742 0.000000 3368.135593
14122.316793 0.000000 3380.338983
24456.681221 0.000000 3392.542373
35085.422411 0.000000 3404.745763
45038.724503 0.000000 3416.949153
54406.487256 0.000000 3429.152542
62845.539118 0.000000 3441.355932
70303.767827 0.000000 3453.559322
76719.295850 0.000000 3465.762712
82134.422049 0.000000 3477.966102
86617.018014 0.000000 3490.169492
90269.312599 0.000000 3502.372881
93198.339975 0.000000 3514.576271
95512.651874 0.000000 3526.779661
97310.269515 0.000000 3538.983051
98678.189816 0.000000 3551.186441
99687.713470 0.000000 3563.389831
100396.203321 0.000000 3575.593220
100845.431702 0.000000 3587.796610
101063.214019 0.000000 3600.000000
