22803.434097 0.000000 0.000000
22816.955631 0.000000 12.203390
22843.930411 0.000000 24.406780
22884.550864 0.000000 36.610169
22938.762211 0.000000 48.813559
23006.703361 0.000000 61.016949
23088.390402 0.000000 73.220339
23184.013223 0.000000 85.423729
23293.599181 0.000000 97.627119
23417.395510 0.000000 109.830508
23555.433094 0.000000 122.033898
23708.015502 0.000000 134.237288
23875.173432 0.000000 146.440678
24057.263653 0.000000 158.644068
24254.312064 0.000000 170.847458
24466.725398 0.000000 183.050847
24694.520186 0.000000 195.254237
24938.149611 0.000000 207.457627
25197.615784 0.000000 219.661017
25473.414261 0.000000 231.864407
25765.527170 0.000000 244.067797
26074.488278 0.000000 256.271186
26400.253562 0.000000 268.474576
26743.390292 0.000000 280.677966
27103.822003 0.000000 292.881356
27482.144386 0.000000 305.084746
27878.240950 0.000000 317.288136
28292.730663 0.000000 329.491525
28725.449192 0.000000 341.694915
29177.033486 0.000000 353.898305
29647.264345 0.000000 366.101695
30136.791266 0.000000 378.305085
30645.332270 0.000000 390.508475
31173.546076 0.000000 402.711864
31721.081599 0.000000 414.915254
32288.603703 0.000000 427.118644
32875.688412 0.000000 439.322034
33483.006708 0.000000 451.525424
34110.058874 0.000000 463.728814
34757.525826 0.000000 475.932203
35424.832884 0.000000 488.135593
36112.676592 0.000000 500.338983
36820.412333 0.000000 512.542373
37548.762726 0.000000 524.745763
38297.020507 0.000000 536.949153
39065.949489 0.000000 549.152542
39854.791404 0.000000 561.355932
40664.367996 0.000000 573.559322
41493.885111 0.000000 585.762712
42344.245703 0.000000 597.966102
43214.636803 0.000000 610.169492
44106.066534 0.000000 622.372881
45017.724529 0.000000 634.576271
45950.751843 0.000000 646.779661
46904.362749 0.000000 658.983051
47879.861806 0.000000 671.186441
48876.512433 0.000000 683.389831
49895.814183 0.000000 695.593220
50937.105589 0.000000 707.796610
52002.115060 0.000000 720.000000
53090.282878 0.000000 732.203390
54203.601417 0.000000 744.406780
55341.639804 0.000000 756.610169
56506.689267 0.000000 768.813559
57698.476283 0.000000 781.016949
58919.626835 0.000000 793.220339
60170.051267 0.000000 805.423729
61452.747760 0.000000 817.627119
62767.837933 0.000000 829.830508
64118.725456 0.000000 842.033898
65505.769769 0.000000 854.237288
66932.815777 0.000000 866.440678
68400.485411 0.000000 878.644068
69913.097266 0.000000 890.847458
71471.558737 0.000000 903.050847
73080.694074 0.000000 915.254237
74741.717821 0.000000 927.457627
76459.986683 0.000000 939.661017
78237.042170 0.000000 951.864407
80078.798641 0.000000 964.067797
81987.141197 0.000000 976.271186
83968.562560 0.000000 988.474576
86025.303591 0.000000 1000.677966
88164.449938 0.000000 1012.881356
90388.609752 0.000000 1025.084746
92705.469107 0.000000 1037.288136
95118.006848 0.000000 1049.491525
97634.506930 0.000000 1061.694915
100258.319766 0.000000 1073.898305
102998.314534 0.000000 1086.101695
105858.205494 0.000000 1098.305085
108847.419112 0.000000 1110.508475
111970.021789 0.000000 1122.711864
115235.953902 0.000000 1134.915254
118649.614783 0.000000 1147.118644
122221.395566 0.000000 1159.322034
125956.007166 0.000000 1171.525424
129864.210466 0.000000 1183.728814
133951.006845 0.000000 1195.932203
138227.427420 0.000000 1208.135593
142698.753222 0.000000 1220.338983
147376.168176 0.000000 1232.542373
152265.243210 0.000000 1244.745763
157377.191336 0.000000 1256.949153
162717.922522 0.000000 1269.152542
168298.549494 0.000000 1281.355932
174125.434302 0.000000 1293.559322
180209.471775 0.000000 1305.762712
186557.679711 0.000000 1317.966102
193180.638320 0.000000 1330.169492
200086.353810 0.000000 1342.372881
207285.027953 0.000000 1354.576271
214786.158051 0.000000 1366.779661
222599.543833 0.000000 1378.983051
230736.887377 0.000000 1391.186441
239207.610837 0.000000 1403.389831
248026.586822 0.000000 1415.593220
257202.906991 0.000000 1427.796610
266755.880453 0.000000 1440.000000
276694.307255 0.000000 1452.203390
287043.515736 0.000000 1464.406780
297811.981563 0.000000 1476.610169
309032.974554 0.000000 1488.813559
320714.429337 0.000000 1501.016949
332899.806138 0.000000 1513.220339
345595.953520 0.000000 1525.423729
358859.065625 0.000000 1537.627119
372693.816345 0.000000 1549.830508
387171.881941 0.000000 1562.033898
402293.861202 0.000000 1574.237288
418149.715843 0.000000 1586.440678
434732.873896 0.000000 1598.644068
452154.112250 0.000000 1610.847458
470394.862306 0.000000 1623.050847
489588.323136 0.000000 1635.254237
509696.460551 0.000000 1647.457627
530874.196760 0.000000 1659.661017
553052.264160 0.000000 1671.864407
576401.323658 0.000000 1684.067797
600801.342271 0.000000 1696.271186
626420.997806 0.000000 1708.474576
653054.623864 0.000000 1720.677966
680825.380531 0.000000 1732.881356
709374.544675 0.000000 1745.084746
738679.525236 0.000000 1757.288136
768088.725992 0.000000 1769.491525
797208.871403 0.000000 1781.694915
824791.423405 0.000000 1793.898305
849575.467712 0.000000 1806.101695
869044.543761 0.000000 1818.305085
880007.347776 0.000000 1830.508475
877266.483774 0.000000 1842.711864
853666.748509 0.000000 1854.915254
798958.727299 0.000000 1867.118644
699621.030106 0.000000 1879.322034
539527.941978 0.000000 1891.525424
301623.679213 0.000000 1903.728814
-27864.365956 -0.000000 1915.932203
-459434.261227 -0.000000 1928.135593
-1004556.958568 -0.000000 1940.338983
-1683918.749221 -0.000000 1952.542373
-2502294.104861 -0.000000 1964.745763
-3363777.764975 -0.000000 1976.949153
-4872642.789180 -0.000000 1989.152542
-18094482.071156 -0.000000 2001.355932
-30274284.835162 -0.000000 2013.559322
-31053351.979661 -0.000000 2025.762712
-29738200.845533 -0.000000 2037.966102
-29207626.504222 -0.000000 2050.169492
-28904892.385142 -0.000000 2062.372881
-28657668.440952 -0.000000 2074.576271
-25172046.951434 -0.000000 2086.779661
-61841416.286103 -0.000000 2098.983051
-536803751.577067 -0.000000 2111.186441
-10100992.525048 -0.000000 2123.389831
-3816712.614389 -0.000000 2135.593220
-4221935.312693 -0.000000 2147.796610
-3909137.003301 -0.000000 2160.000000
-3714707.700771 -0.000000 2172.203390
-3287886.963389 -0.000000 2184.406780
-2356842.806771 -0.000000 2196.610169
-1007813.184957 -0.000000 2208.813559
647808.821553 0.000000 2221.016949
2409387.268278 0.000000 2233.220339
4094106.795026 0.000000 2245.423729
5600736.441651 0.000000 2257.627119
6902536.468937 0.000000 2269.830508
8028924.012037 0.000000 2282.033898
9003035.272805 0.000000 2294.237288
9858975.765449 0.000000 2306.440678
10608259.795647 0.000000 2318.644068
11294758.901367 0.000000 2330.847458
11948073.191572 0.000000 2343.050847
12586306.288675 0.000000 2355.254237
13175239.429009 0.000000 2367.457627
13697194.047489 0.000000 2379.661017
14143161.711553 0.000000 2391.864407
14527734.210756 0.000000 2404.067797
14856021.274365 0.000000 2416.271186
15118040.201327 0.000000 2428.474576
15299201.369960 0.000000 2440.677966
15428589.167431 0.000000 2452.881356
15494290.790984 0.000000 2465.084746
15503327.160233 0.000000 2477.288136
15508644.600295 0.000000 2489.491525
15520985.344698 0.000000 2501.694915
15517136.736953 0.000000 2513.898305
15513399.964607 0.000000 2526.101695
15502943.155367 0.000000 2538.305085
15485591.442273 0.000000 2550.508475
15478280.712538 0.000000 2562.711864
15488516.090502 0.000000 2574.915254
15495714.885790 0.000000 2587.118644
15512603.344724 0.000000 2599.322034
15526210.770614 0.000000 2611.525424
15536450.373137 0.000000 2623.728814
15555707.267306 0.000000 2635.932203
15572017.103585 0.000000 2648.135593
15605466.458602 0.000000 2660.338983
15509483.462470 0.000000 2672.542373
15105451.315583 0.000000 2684.745763
14221952.538580 0.000000 2696.949153
11659486.270579 0.000000 2709.152542
6476041.810551 0.000000 2721.355932
1295072.058907 0.000000 2733.559322
877841.720640 0.000000 2745.762712
14923805.410027 0.000000 2757.966102
29589640.187310 0.000000 2770.169492
29389914.663505 0.000000 2782.372881
29195167.482286 0.000000 2794.576271
29929577.168543 0.000000 2806.779661
30734924.279956 0.000000 2818.983051
30998174.067189 0.000000 2831.186441
30868607.165883 0.000000 2843.389831
30434477.400111 0.000000 2855.593220
30025846.609924 0.000000 2867.796610
29913186.879991 0.000000 2880.000000
29624185.455325 0.000000 2892.203390
29291592.034513 0.000000 2904.406780
29040446.501007 0.000000 2916.610169
28819027.863059 0.000000 2928.813559
28674497.787168 0.000000 2941.016949
28566869.518437 0.000000 2953.220339
28470288.183010 0.000000 2965.423729
28375707.196525 0.000000 2977.627119
28271327.343727 0.000000 2989.830508
28177939.521212 0.000000 3002.033898
28105429.885953 0.000000 3014.237288
28092828.774682 0.000000 3026.440678
28163763.692749 0.000000 3038.644068
28406630.101325 0.000000 3050.847458
28780746.678447 0.000000 3063.050847
28696017.295070 0.000000 3075.254237
29056619.044805 0.000000 3087.457627
31214532.130571 0.000000 3099.661017
33354729.194245 0.000000 3111.864407
33421471.567929 0.000000 3124.067797
32283299.424081 0.000000 3136.271186
30537914.668343 0.000000 3148.474576
28316843.196505 0.000000 3160.677966
29703146.028076 0.000000 3172.881356
9843065.303539 0.000000 3185.084746
34606456.569991 0.000000 3197.288136
31304.613461 0.000000 3209.491525
58311.335136 0.000000 3221.694915
87788.802497 0.000000 3233.898305
117875.922741 0.000000 3246.101695
147108.219254 0.000000 3258.305085
174159.483593 0.000000 3270.508475
198173.435969 0.000000 3282.711864
218665.172182 0.000000 3294.915254
235504.770610 0.000000 3307.118644
248804.981069 0.000000 3319.322034
258855.222136 0.000000 3331.525424
266025.275751 0.000000 3343.728814
270732.172312 0.000000 3355.932203
273377.518274 0.000000 3368.135593
274349.895921 0.000000 3380.338983
273986.761227 0.000000 3392.542373
272596.064852 0.000000 3404.745763
270430.647876 0.000000 3416.949153
267716.189253 0.000000 3429.152542
264631.093849 0.000000 3441.355932
261334.089860 0.000000 3453.559322
257946.832031 0.000000 3465.762712
254578.412251 0.000000 3477.966102
251309.995065 0.000000 3490.169492
248215.375299 0.000000 3502.372881
245347.721683 0.000000 3514.576271
242756.066479 0.000000 3526.779661
240474.406381 0.000000 3538.983051
238534.256642 0.000000 3551.186441
236956.332237 0.000000 3563.389831
235759.333220 0.000000 3575.593220
234954.428077 0.000000 3587.796610
234550.194379 0.000000 3600.000000
