62622.925751 0.000000 0.000000
62900.570847 0.000000 12.203390
63455.935367 0.000000 24.406780
64291.694259 0.000000 36.610169
65408.316598 0.000000 48.813559
66810.764776 0.000000 61.016949
68499.982798 0.000000 73.220339
70483.445436 0.000000 85.423729
72762.444717 0.000000 97.627119
75347.052716 0.000000 109.830508
78238.860760 0.000000 122.033898
81450.634279 0.000000 134.237288
84984.212108 0.000000 146.440678
88855.169396 0.000000 158.644068
93065.532095 0.000000 170.847458
97633.822145 0.000000 183.050847
102562.186762 0.000000 195.254237
107872.249674 0.000000 207.457627
113566.209061 0.000000 219.661017
119668.957493 0.000000 231.864407
126182.672708 0.000000 244.067797
133135.686723 0.000000 256.271186
140530.085698 0.000000 268.474576
148397.800646 0.000000 280.677966
156740.755043 0.000000 292.881356
165594.603354 0.000000 305.084746
174961.030688 0.000000 317.288136
184879.465637 0.000000 329.491525
195351.257304 0.000000 341.694915
206419.526609 0.000000 353.898305
218085.132681 0.000000 366.101695
230394.571742 0.000000 378.305085
243347.922161 0.000000 390.508475
256994.346757 0.000000 402.711864
271332.561515 0.000000 414.915254
286413.021829 0.000000 427.118644
302231.919055 0.000000 439.322034
318838.499748 0.000000 451.525424
336224.130283 0.000000 463.728814
354432.418512 0.000000 475.932203
373445.428006 0.000000 488.135593
393293.315911 0.000000 500.338983
413940.260412 0.000000 512.542373
435389.131440 0.000000 524.745763
457569.905780 0.000000 536.949153
480433.401441 0.000000 549.152542
503844.555392 0.000000 561.355932
527657.281363 0.000000 573.559322
551613.543818 0.000000 585.762712
575388.685541 0.000000 597.966102
598494.283803 0.000000 610.169492
620280.124428 0.000000 622.372881
639835.624866 0.000000 634.576271
655935.200933 0.000000 646.779661
666939.796686 0.000000 658.983051
670700.003736 0.000000 671.186441
664523.586598 0.000000 683.389831
645191.405395 0.000000 695.593220
609302.089518 0.000000 707.796610
553902.336172 0.000000 720.000000
477799.986629 0.000000 732.203390
383117.200497 0.000000 744.406780
276878.792666 0.000000 756.610169
171147.384440 0.000000 768.813559
81159.901953 0.000000 781.016949
264737031.333172 0.000000 793.220339
-4708921.593393 -0.000000 805.423729
-12321825.920173 -0.000000 817.627119
-13560739.722063 -0.000000 829.830508
-13127397.952841 -0.000000 842.033898
-12971463.157940 -0.000000 854.237288
-12920181.904409 -0.000000 866.440678
-12924366.576120 -0.000000 878.644068
-12898690.372457 -0.000000 890.847458
-12804268.171120 -0.000000 903.050847
-12674345.975041 -0.000000 915.254237
-12609010.297281 -0.000000 927.457627
-12668427.748064 -0.000000 939.661017
-12758044.144399 -0.000000 951.864407
-12791059.763525 -0.000000 964.067797
-12798399.617722 -0.000000 976.271186
-12798137.704323 -0.000000 988.474576
-12793320.653181 -0.000000 1000.677966
-12785761.966466 -0.000000 1012.881356
-12779327.569551 -0.000000 1025.084746
-12768927.310740 -0.000000 1037.288136
-12744111.505976 -0.000000 1049.491525
-12709038.386740 -0.000000 1061.694915
-12662884.760497 -0.000000 1073.898305
-12604075.802938 -0.000000 1086.101695
-12520717.305209 -0.000000 1098.305085
-12418460.611711 -0.000000 1110.508475
-12294878.774271 -0.000000 1122.711864
-12159122.438499 -0.000000 1134.915254
-12027977.903029 -0.000000 1147.118644
-11911721.648355 -0.000000 1159.322034
-11806997.217612 -0.000000 1171.525424
-11702773.012996 -0.000000 1183.728814
-11580631.489080 -0.000000 1195.932203
-11436392.624127 -0.000000 1208.135593
-11281964.341250 -0.000000 1220.338983
-11132098.577639 -0.000000 1232.542373
-10991291.772856 -0.000000 1244.745763
-10853640.697950 -0.000000 1256.949153
-10715552.360056 -0.000000 1269.152542
-10573651.011145 -0.000000 1281.355932
-10430937.796691 -0.000000 1293.559322
-10286678.977284 -0.000000 1305.762712
-10143996.070664 -0.000000 1317.966102
-10000852.188656 -0.000000 1330.169492
-9859204.164229 -0.000000 1342.372881
-9716572.464333 -0.000000 1354.576271
-9574480.577909 -0.000000 1366.779661
-9430785.463417 -0.000000 1378.983051
-9287202.710158 -0.000000 1391.186441
-9142789.680386 -0.000000 1403.389831
-9000438.016627 -0.000000 1415.593220
-8860674.367180 -0.000000 1427.796610
-8726374.588861 -0.000000 1440.000000
-8596485.863623 -0.000000 1452.203390
-8470679.995262 -0.000000 1464.406780
-8344970.304065 -0.000000 1476.610169
-8217434.386585 -0.000000 1488.813559
-8084513.284660 -0.000000 1501.016949
-7946297.537306 -0.000000 1513.220339
-7802091.876287 -0.000000 1525.423729
-7654293.686911 -0.000000 1537.627119
-7503121.387319 -0.000000 1549.830508
-7351050.266914 -0.000000 1562.033898
-7199495.401066 -0.000000 1574.237288
-7054250.992028 -0.000000 1586.440678
-6919991.208971 -0.000000 1598.644068
-6799975.012136 -0.000000 1610.847458
-6687609.222857 -0.000000 1623.050847
-6572587.127682 -0.000000 1635.254237
-6445495.882311 -0.000000 1647.457627
-6307249.932210 -0.000000 1659.661017
-6163210.886917 -0.000000 1671.864407
-6020115.631098 -0.000000 1684.067797
-5880054.361239 -0.000000 1696.271186
-5742965.261852 -0.000000 1708.474576
-5606495.627145 -0.000000 1720.677966
-5468060.261741 -0.000000 1732.881356
-5324646.750373 -0.000000 1745.084746
-5172141.567987 -0.000000 1757.288136
-5005612.656020 -0.000000 1769.491525
-4816881.646124 -0.000000 1781.694915
-4594864.029426 -0.000000 1793.898305
-4322102.748072 -0.000000 1806.101695
-3972514.604466 -0.000000 1818.305085
-3508606.922382 -0.000000 1830.508475
-2871829.425233 -0.000000 1842.711864
-1984920.380062 -0.000000 1854.915254
-732752.676877 -0.000000 1867.118644
1017840.745315 0.000000 1879.322034
3414897.213017 0.000000 1891.525424
6578481.678043 0.000000 1903.728814
10732945.354223 0.000000 1915.932203
13545149.129298 0.000000 1928.135593
13371407.841869 0.000000 1940.338983
13707907.439084 0.000000 1952.542373
13283160.942401 0.000000 1964.745763
-30462.229857 -0.000000 1976.949153
-14642986.733895 -0.000000 1989.152542
-17168415.199423 -0.000000 2001.355932
-63815148.237639 -0.000000 2013.559322
-27188149.926060 -0.000000 2025.762712
-17027254.461548 -0.000000 2037.966102
-14149698.379514 -0.000000 2050.169492
-13572536.523408 -0.000000 2062.372881
-14868499.854594 -0.000000 2074.576271
-17020102.443162 -0.000000 2086.779661
-18945704.601301 -0.000000 2098.983051
-20502159.622109 -0.000000 2111.186441
-21646103.704350 -0.000000 2123.389831
-22427812.207448 -0.000000 2135.593220
-22767951.189861 -0.000000 2147.796610
-22810596.592385 -0.000000 2160.000000
-20953548.985229 -0.000000 2172.203390
-34103560.886970 -0.000000 2184.406780
-1962781467.365448 -0.000000 2196.610169
-3291188.441782 -0.000000 2208.813559
5478938.048916 0.000000 2221.016949
8854932.174551 0.000000 2233.220339
10124116.700153 0.000000 2245.423729
9771963.169602 0.000000 2257.627119
7740042.846078 0.000000 2269.830508
5368873.632935 0.000000 2282.033898
3655387.264699 0.000000 2294.237288
2971376.178187 0.000000 2306.440678
3189429.837133 0.000000 2318.644068
3940923.308104 0.000000 2330.847458
4909769.074006 0.000000 2343.050847
5880968.659796 0.000000 2355.254237
6783149.479557 0.000000 2367.457627
7573858.703517 0.000000 2379.661017
8280682.719425 0.000000 2391.864407
8899442.142014 0.000000 2404.067797
9463391.285615 0.000000 2416.271186
9967129.917637 0.000000 2428.474576
10432285.019399 0.000000 2440.677966
10851084.079199 0.000000 2452.881356
11232940.625963 0.000000 2465.084746
11565804.216206 0.000000 2477.288136
11850272.236421 0.000000 2489.491525
12090988.042934 0.000000 2501.694915
12319457.250666 0.000000 2513.898305
12562259.458002 0.000000 2526.101695
12814541.066611 0.000000 2538.305085
13048345.341171 0.000000 2550.508475
13246565.229701 0.000000 2562.711864
13412932.221879 0.000000 2574.915254
13552349.551982 0.000000 2587.118644
13665574.373643 0.000000 2599.322034
13746378.772237 0.000000 2611.525424
13803771.992169 0.000000 2623.728814
13865119.180078 0.000000 2635.932203
13960326.683671 0.000000 2648.135593
14081628.014075 0.000000 2660.338983
14199464.686502 0.000000 2672.542373
14294952.653408 0.000000 2684.745763
14371224.960506 0.000000 2696.949153
14434448.155911 0.000000 2709.152542
14481979.061201 0.000000 2721.355932
14498814.698631 0.000000 2733.559322
14468026.364561 0.000000 2745.762712
14398491.720412 0.000000 2757.966102
14335486.980886 0.000000 2770.169492
14320778.582597 0.000000 2782.372881
14326803.615089 0.000000 2794.576271
14247806.801130 0.000000 2806.779661
13958167.130942 0.000000 2818.983051
13345211.171376 0.000000 2831.186441
12302956.418438 0.000000 2843.389831
10569023.976471 0.000000 2855.593220
7729189.232639 0.000000 2867.796610
3681571.622444 0.000000 2880.000000
499370.298595 0.000000 2892.203390
1657652.386849 0.000000 2904.406780
13721071.310619 0.000000 2916.610169
27989936.085930 0.000000 2928.813559
29921934.708692 0.000000 2941.016949
30001375.938108 0.000000 2953.220339
30692410.063622 0.000000 2965.423729
31041743.217471 0.000000 2977.627119
31243079.676165 0.000000 2989.830508
31268977.141581 0.000000 3002.033898
30731789.090014 0.000000 3014.237288
30423250.308081 0.000000 3026.440678
30219644.280913 0.000000 3038.644068
29824092.417871 0.000000 3050.847458
29506737.586248 0.000000 3063.050847
29223169.209802 0.000000 3075.254237
29012089.396640 0.000000 3087.457627
28865691.050906 0.000000 3099.661017
28765369.884554 0.000000 3111.864407
28677915.432627 0.000000 3124.067797
28606543.914594 0.000000 3136.271186
28532396.403242 0.000000 3148.474576
28474273.510122 0.000000 3160.677966
28433842.605293 0.000000 3172.881356
28437043.493688 0.000000 3185.084746
28521597.881609 0.000000 3197.288136
28751869.821009 0.000000 3209.491525
29147882.023458 0.000000 3221.694915
29192484.154959 0.000000 3233.898305
29536197.285873 0.000000 3246.101695
31279331.550890 0.000000 3258.305085
33543298.611550 0.000000 3270.508475
33848769.844558 0.000000 3282.711864
33103041.727782 0.000000 3294.915254
31145825.670319 0.000000 3307.118644
29364547.896552 0.000000 3319.322034
31181802.623722 0.000000 3331.525424
11296529.499785 0.000000 3343.728814
46213822.328359 0.000000 3355.932203
33796.546484 0.000000 3368.135593
58735.805635 0.000000 3380.338983
83947.255994 0.000000 3392.542373
108369.068037 0.000000 3404.745763
131386.100960 0.000000 3416.949153
152336.713411 0.000000 3429.152542
170886.898027 0.000000 3441.355932
186877.169603 0.000000 3453.559322
200354.027483 0.000000 3465.762712
211476.767269 0.000000 3477.966102
220493.865376 0.000000 3490.169492
227678.030832 0.000000 3502.372881
233314.993382 0.000000 3514.576271
237664.865563 0.000000 3526.779661
240967.258885 0.000000 3538.983051
243420.143433 0.000000 3551.186441
245191.801233 0.000000 3563.389831
246409.322811 0.000000 3575.593220
247169.874768 0.000000 3587.796610
247534.351154 0.000000 3600.000000
