17804.466165 0.000000 0.000000
17893.502064 0.000000 12.203390
18072.000674 0.000000 24.406780
18340.431260 0.000000 36.610169
18700.236412 0.000000 48.813559
19152.094217 0.000000 61.016949
19698.535725 0.000000 73.220339
20340.555361 0.000000 85.423729
21081.730406 0.000000 97.627119
21923.374619 0.000000 109.830508
22870.132629 0.000000 122.033898
23923.631769 0.000000 134.237288
25089.618385 0.000000 146.440678
26370.024654 0.000000 158.644068
27771.741589 0.000000 170.847458
29296.996937 0.000000 183.050847
30953.879286 0.000000 195.254237
32744.902229 0.000000 207.457627
34679.414725 0.000000 219.661017
36760.206232 0.000000 231.864407
38997.959041 0.000000 244.067797
41395.729154 0.000000 256.271186
43965.615311 0.000000 268.474576
46710.931646 0.000000 280.677966
49645.286941 0.000000 292.881356
52772.246746 0.000000 305.084746
56107.032176 0.000000 317.288136
59653.456668 0.000000 329.491525
63428.464204 0.000000 341.694915
67436.117062 0.000000 353.898305
71695.200053 0.000000 366.101695
76210.031467 0.000000 378.305085
81001.357259 0.000000 390.508475
86073.770228 0.000000 402.711864
91450.097540 0.000000 414.915254
97135.237931 0.000000 427.118644
103154.214375 0.000000 439.322034
109512.282882 0.000000 451.525424
116236.760007 0.000000 463.728814
123333.337121 0.000000 475.932203
130831.693708 0.000000 488.135593
138738.064173 0.000000 500.338983
147084.514022 0.000000 512.542373
155877.964917 0.000000 524.745763
165152.814635 0.000000 536.949153
174916.852738 0.000000 549.152542
185206.637256 0.000000 561.355932
196031.026119 0.000000 573.559322
207428.383305 0.000000 585.762712
219408.826761 0.000000 597.966102
232011.887077 0.000000 610.169492
245249.036203 0.000000 622.372881
259159.888853 0.000000 634.576271
273757.106521 0.000000 646.779661
289078.589217 0.000000 658.983051
305137.438709 0.000000 671.186441
321966.871739 0.000000 683.389831
339578.481337 0.000000 695.593220
357995.849034 0.000000 707.796610
377224.758240 0.000000 720.000000
397270.747440 0.000000 732.203390
418124.972736 0.000000 744.406780
439760.316480 0.000000 756.610169
462135.915894 0.000000 768.813559
485165.970332 0.000000 781.016949
508743.994113 0.000000 793.220339
532678.111061 0.000000 805.423729
556732.132522 0.000000 817.627119
580520.669570 0.000000 829.830508
603557.610202 0.000000 842.033898
625103.790111 0.000000 854.237288
644206.470726 0.000000 866.440678
659494.875670 0.000000 878.644068
669202.344152 0.000000 890.847458
670936.552073 0.000000 903.050847
661766.179950 0.000000 915.254237
638166.142343 0.000000 927.457627
596570.095108 0.000000 939.661017
534088.386453 0.000000 951.864407
450101.028925 0.000000 964.067797
347835.597625 0.000000 976.271186
235257.698145 0.000000 988.474576
125154.326677 0.000000 1000.677966
38057.659813 0.000000 1012.881356
43168622.379346 0.000000 1025.084746
-7193632.072601 -0.000000 1037.288136
-13472474.561141 -0.000000 1049.491525
-13384851.954348 -0.000000 1061.694915
-13021822.911482 -0.000000 1073.898305
-12924377.818474 -0.000000 1086.101695
-12910066.223266 -0.000000 1098.305085
-12909976.665853 -0.000000 1110.508475
-12871063.436759 -0.000000 1122.711864
-12767198.492143 -0.000000 1134.915254
-12639079.718337 -0.000000 1147.118644
-12588586.415450 -0.000000 1159.322034
-12672318.214356 -0.000000 1171.525424
-12761888.190524 -0.000000 1183.728814
-12784895.706549 -0.000000 1195.932203
-12792858.819205 -0.000000 1208.135593
-12792893.640752 -0.000000 1220.338983
-12792010.521345 -0.000000 1232.542373
-12784733.233570 -0.000000 1244.745763
-12774920.006796 -0.000000 1256.949153
-12756954.595135 -0.000000 1269.152542
-12724778.241545 -0.000000 1281.355932
-12691456.225899 -0.000000 1293.559322
-12656201.420991 -0.000000 1305.762712
-12618065.441327 -0.000000 1317.966102
-12568869.143164 -0.000000 1330.169492
-12488174.714993 -0.000000 1342.372881
-12390795.898267 -0.000000 1354.576271
-12279279.816765 -0.000000 1366.779661
-12156209.341367 -0.000000 1378.983051
-12035006.002162 -0.000000 1391.186441
-11915473.868786 -0.000000 1403.389831
-11796272.780817 -0.000000 1415.593220
-11673435.578239 -0.000000 1427.796610
-11543627.508651 -0.000000 1440.000000
-11406255.185182 -0.000000 1452.203390
-11263746.970943 -0.000000 1464.406780
-11120743.989146 -0.000000 1476.610169
-10981405.454871 -0.000000 1488.813559
-10847763.970096 -0.000000 1501.016949
-10718310.946618 -0.000000 1513.220339
-10589390.837130 -0.000000 1525.423729
-10457202.427043 -0.000000 1537.627119
-10320173.594721 -0.000000 1549.830508
-10178967.719218 -0.000000 1562.033898
-10035496.496389 -0.000000 1574.237288
-9891578.204494 -0.000000 1586.440678
-9748474.075161 -0.000000 1598.644068
-9607256.642456 -0.000000 1610.847458
-9468640.551741 -0.000000 1623.050847
-9333085.450891 -0.000000 1635.254237
-9199079.198730 -0.000000 1647.457627
-9063597.939970 -0.000000 1659.661017
-8921177.559019 -0.000000 1671.864407
-8767032.837108 -0.000000 1684.067797
-8595539.305215 -0.000000 1696.271186
-8402129.376442 -0.000000 1708.474576
-8177961.460152 -0.000000 1720.677966
-7911070.655655 -0.000000 1732.881356
-7579720.553533 -0.000000 1745.084746
-7153667.171143 -0.000000 1757.288136
-6585758.143324 -0.000000 1769.491525
-5810561.707751 -0.000000 1781.694915
-4734615.499669 -0.000000 1793.898305
-3234038.725356 -0.000000 1806.101695
-1152649.873329 -0.000000 1818.305085
1678426.617827 0.000000 1830.508475
5366510.412269 0.000000 1842.711864
9935259.761509 0.000000 1854.915254
13096963.867117 0.000000 1867.118644
13346007.009513 0.000000 1879.322034
13856271.216630 0.000000 1891.525424
14210189.961310 0.000000 1903.728814
-926004.869198 -0.000000 1915.932203
-17102155.497464 -0.000000 1928.135593
-15419476.828415 -0.000000 1940.338983
-69544933.563222 -0.000000 1952.542373
-26210167.732360 -0.000000 1964.745763
-16670663.554833 -0.000000 1976.949153
-13954626.619744 -0.000000 1989.152542
-13416054.991776 -0.000000 2001.355932
-14637067.739271 -0.000000 2013.559322
-16598362.871634 -0.000000 2025.762712
-18324910.100499 -0.000000 2037.966102
-19812941.332897 -0.000000 2050.169492
-21057012.296422 -0.000000 2062.372881
-22076647.036304 -0.000000 2074.576271
-22868950.283826 -0.000000 2086.779661
-23336383.189453 -0.000000 2098.983051
-23074608.336063 -0.000000 2111.186441
-25874884.418079 -0.000000 2123.389831
-1015968743.602101 -0.000000 2135.593220
-18378065.775552 -0.000000 2147.796610
-1163626.360715 -0.000000 2160.000000
-279677.420131 -0.000000 2172.203390
1553115.612133 0.000000 2184.406780
1046964.198480 0.000000 2196.610169
-45227.022271 -0.000000 2208.813559
-852025.271485 -0.000000 2221.016949
-1059732.298662 -0.000000 2233.220339
-620982.871595 -0.000000 2245.423729
314658.340176 0.000000 2257.627119
1501014.097127 0.000000 2269.830508
2724895.175979 0.000000 2282.033898
3870646.120987 0.000000 2294.237288
4891442.015484 0.000000 2306.440678
5800380.954528 0.000000 2318.644068
6609546.544234 0.000000 2330.847458
7346521.961118 0.000000 2343.050847
8018889.092818 0.000000 2355.254237
8641363.789150 0.000000 2367.457627
9214432.985407 0.000000 2379.661017
9744849.075796 0.000000 2391.864407
10232258.020122 0.000000 2404.067797
10680809.852413 0.000000 2416.271186
11091473.431623 0.000000 2428.474576
11467457.536193 0.000000 2440.677966
11810449.960298 0.000000 2452.881356
12122896.472672 0.000000 2465.084746
12406653.402604 0.000000 2477.288136
12663895.131176 0.000000 2489.491525
12896742.368432 0.000000 2501.694915
13107291.134540 0.000000 2513.898305
13297827.748489 0.000000 2526.101695
13470220.270510 0.000000 2538.305085
13627252.355870 0.000000 2550.508475
13770617.291121 0.000000 2562.711864
13903767.253794 0.000000 2574.915254
14027027.577700 0.000000 2587.118644
14141626.546285 0.000000 2599.322034
14239206.180058 0.000000 2611.525424
14309895.901348 0.000000 2623.728814
14341227.617725 0.000000 2635.932203
14349582.412214 0.000000 2648.135593
14362367.468320 0.000000 2660.338983
14389487.329134 0.000000 2672.542373
14393009.674816 0.000000 2684.745763
14355878.824561 0.000000 2696.949153
14295133.854490 0.000000 2709.152542
14246104.764857 0.000000 2721.355932
14194072.312528 0.000000 2733.559322
14045718.615714 0.000000 2745.762712
13621496.663959 0.000000 2757.966102
12742713.237700 0.000000 2770.169492
11194091.517208 0.000000 2782.372881
8639842.045121 0.000000 2794.576271
4827617.940599 0.000000 2806.779661
927503.047075 0.000000 2818.983051
-20848.194599 -0.000000 2831.186441
7600468.078304 0.000000 2843.389831
22986975.623189 0.000000 2855.593220
29872919.412905 0.000000 2867.796610
29678138.267971 0.000000 2880.000000
30055774.683620 0.000000 2892.203390
30607826.547497 0.000000 2904.406780
30869172.373190 0.000000 2916.610169
31003063.309375 0.000000 2928.813559
30668146.549311 0.000000 2941.016949
30245295.673696 0.000000 2953.220339
30131956.255436 0.000000 2965.423729
29808116.710227 0.000000 2977.627119
29482807.631401 0.000000 2989.830508
29215358.600648 0.000000 3002.033898
28967623.779484 0.000000 3014.237288
28796364.504746 0.000000 3026.440678
28659788.192069 0.000000 3038.644068
28547009.527823 0.000000 3050.847458
28441042.413313 0.000000 3063.050847
28340651.588514 0.000000 3075.254237
28241419.921597 0.000000 3087.457627
28165793.008636 0.000000 3099.661017
28135201.766183 0.000000 3111.864407
28193493.317429 0.000000 3124.067797
28370330.261319 0.000000 3136.271186
28750003.199560 0.000000 3148.474576
29081738.153433 0.000000 3160.677966
29036588.813596 0.000000 3172.881356
30085134.656212 0.000000 3185.084746
32566912.962660 0.000000 3197.288136
33808883.182915 0.000000 3209.491525
33175704.634951 0.000000 3221.694915
31610932.145745 0.000000 3233.898305
29928983.431410 0.000000 3246.101695
29326404.879231 0.000000 3258.305085
25703264.462254 0.000000 3270.508475
2346798.160782 0.000000 3282.711864
13538876.861705 0.000000 3294.915254
26027.867646 0.000000 3307.118644
46969.086390 0.000000 3319.322034
68447.101088 0.000000 3331.525424
89825.534983 0.000000 3343.728814
110240.007993 0.000000 3355.932203
128976.295916 0.000000 3368.135593
145629.555494 0.000000 3380.338983
159958.047644 0.000000 3392.542373
171966.844731 0.000000 3404.745763
181756.966685 0.000000 3416.949153
189553.403268 0.000000 3429.152542
195596.035769 0.000000 3441.355932
200163.116342 0.000000 3453.559322
203502.565685 0.000000 3465.762712
205860.744033 0.000000 3477.966102
207440.350240 0.000000 3490.169492
208430.232811 0.000000 3502.372881
208978.273553 0.000000 3514.576271
209217.825978 0.000000 3526.779661
209249.127172 0.000000 3538.983051
209160.267970 0.000000 3551.186441
209014.268261 0.000000 3563.389831
208863.968269 0.000000 3575.593220
208743.767543 0.000000 3587.796610
208678.196133 0.000000 3600.000000
