5954.304865 0.000000 0.000000
5970.004653 0.000000 12.203390
6001.349519 0.000000 24.406780
6048.686685 0.000000 36.610169
6112.039056 0.000000 48.813559
6191.800011 0.000000 61.016949
6288.144038 0.000000 73.220339
6401.648195 0.000000 85.423729
6532.569257 0.000000 97.627119
6681.687913 0.000000 109.830508
6849.340504 0.000000 122.033898
7036.526445 0.000000 134.237288
7243.665723 0.000000 146.440678
7471.993562 0.000000 158.644068
7722.018966 0.000000 170.847458
7995.234845 0.000000 183.050847
8292.246565 0.000000 195.254237
8614.831282 0.000000 207.457627
8963.699842 0.000000 219.661017
9340.945021 0.000000 231.864407
9747.393526 0.000000 244.067797
10185.490722 0.000000 256.271186
10656.190622 0.000000 268.474576
11162.333205 0.000000 280.677966
11705.012659 0.000000 292.881356
12287.510921 0.000000 305.084746
12911.074136 0.000000 317.288136
13579.479628 0.000000 329.491525
14294.137177 0.000000 341.694915
15059.377570 0.000000 353.898305
15876.785132 0.000000 366.101695
16751.307978 0.000000 378.305085
17684.712336 0.000000 390.508475
18682.634036 0.000000 402.711864
19747.026565 0.000000 414.915254
20884.288565 0.000000 427.118644
22096.562786 0.000000 439.322034
23391.094280 0.000000 451.525424
24770.210970 0.000000 463.728814
26242.095747 0.000000 475.932203
27809.254216 0.000000 488.135593
29480.906135 0.000000 500.338983
31259.721849 0.000000 512.542373
33156.069279 0.000000 524.745763
35172.762772 0.000000 536.949153
37321.441711 0.000000 549.152542
39605.038579 0.000000 561.355932
42036.600103 0.000000 573.559322
44619.142975 0.000000 585.762712
47367.275258 0.000000 597.966102
50284.054732 0.000000 610.169492
53385.820994 0.000000 622.372881
56675.621570 0.000000 634.576271
60171.718394 0.000000 646.779661
63877.085820 0.000000 658.983051
67812.121513 0.000000 671.186441
71979.651959 0.000000 683.389831
76402.446447 0.000000 695.593220
81083.096952 0.000000 707.796610
86047.006998 0.000000 720.000000
91296.433085 0.000000 732.203390
96859.701334 0.000000 744.406780
102738.617498 0.000000 756.610169
108964.745747 0.000000 768.813559
115539.312738 0.000000 781.016949
122497.461359 0.000000 793.220339
129839.695879 0.000000 805.423729
137605.100277 0.000000 817.627119
145793.301797 0.000000 829.830508
154447.698011 0.000000 842.033898
163566.872300 0.000000 854.237288
173198.905916 0.000000 866.440678
183341.159152 0.000000 878.644068
194046.733935 0.000000 890.847458
205311.571881 0.000000 903.050847
217194.050627 0.000000 915.254237
229688.468509 0.000000 927.457627
242858.572723 0.000000 939.661017
256696.729856 0.000000 951.864407
271271.858885 0.000000 964.067797
286573.970150 0.000000 976.271186
302676.443396 0.000000 988.474576
319566.217063 0.000000 1000.677966
337319.540696 0.000000 1012.881356
355918.971206 0.000000 1025.084746
375440.527076 0.000000 1037.288136
395859.874261 0.000000 1049.491525
417247.097760 0.000000 1061.694915
439566.087538 0.000000 1073.898305
462870.751170 0.000000 1086.101695
487103.657248 0.000000 1098.305085
512284.225402 0.000000 1110.508475
538315.043488 0.000000 1122.711864
565148.148875 0.000000 1134.915254
592609.728043 0.000000 1147.118644
620524.771987 0.000000 1159.322034
648572.226031 0.000000 1171.525424
676341.041021 0.000000 1183.728814
703226.828375 0.000000 1195.932203
728384.856087 0.000000 1208.135593
750675.657668 0.000000 1220.338983
768480.638097 0.000000 1232.542373
779710.351547 0.000000 1244.745763
781494.367705 0.000000 1256.949153
770358.002850 0.000000 1269.152542
742037.657984 0.000000 1281.355932
692312.916445 0.000000 1293.559322
617693.454753 0.000000 1305.762712
517569.004299 0.000000 1317.966102
395913.667306 0.000000 1330.169492
263772.897147 0.000000 1342.372881
139615.195123 0.000000 1354.576271
47111.899638 0.000000 1366.779661
124825216.059516 0.000000 1378.983051
-6069414.533735 -0.000000 1391.186441
-12738967.224996 -0.000000 1403.389831
-13389375.347490 -0.000000 1415.593220
-13029166.627108 -0.000000 1427.796610
-12908967.153284 -0.000000 1440.000000
-12886680.335641 -0.000000 1452.203390
-12888595.137165 -0.000000 1464.406780
-12845402.660424 -0.000000 1476.610169
-12710260.307442 -0.000000 1488.813559
-12528762.580731 -0.000000 1501.016949
-12501461.098634 -0.000000 1513.220339
-12598660.518974 -0.000000 1525.423729
-12658593.343800 -0.000000 1537.627119
-12675068.511542 -0.000000 1549.830508
-12678264.197315 -0.000000 1562.033898
-12669028.413145 -0.000000 1574.237288
-12638361.318107 -0.000000 1586.440678
-12590796.188803 -0.000000 1598.644068
-12527182.315216 -0.000000 1610.847458
-12451186.942952 -0.000000 1623.050847
-12363715.794554 -0.000000 1635.254237
-12249667.201263 -0.000000 1647.457627
-12098757.812528 -0.000000 1659.661017
-11915344.715468 -0.000000 1671.864407
-11694808.077083 -0.000000 1684.067797
-11429664.560058 -0.000000 1696.271186
-11113199.338189 -0.000000 1708.474576
-10730195.317495 -0.000000 1720.677966
-10248711.640471 -0.000000 1732.881356
-9608513.989554 -0.000000 1745.084746
-8732217.253067 -0.000000 1757.288136
-7516474.141552 -0.000000 1769.491525
-5842199.818112 -0.000000 1781.694915
-3574243.487018 -0.000000 1793.898305
-604671.161705 -0.000000 1806.101695
3076716.840670 0.000000 1818.305085
7250821.849015 0.000000 1830.508475
11161456.217995 0.000000 1842.711864
13313885.636453 0.000000 1854.915254
13991095.542792 0.000000 1867.118644
11804006.943704 0.000000 1879.322034
-2811970.172092 -0.000000 1891.525424
-15882993.244406 -0.000000 1903.728814
-15141990.765549 -0.000000 1915.932203
-74069615.398806 -0.000000 1928.135593
-26637975.590953 -0.000000 1940.338983
-16661729.238959 -0.000000 1952.542373
-13980086.527952 -0.000000 1964.745763
-13269801.535832 -0.000000 1976.949153
-14172487.037433 -0.000000 1989.152542
-16068378.683696 -0.000000 2001.355932
-18091561.560291 -0.000000 2013.559322
-20151135.835751 -0.000000 2025.762712
-22235310.919600 -0.000000 2037.966102
-24274241.114884 -0.000000 2050.169492
-26288655.330910 -0.000000 2062.372881
-28595979.096076 -0.000000 2074.576271
-29133859.502665 -0.000000 2086.779661
-31379450.085819 -0.000000 2098.983051
-82404984.385578 -0.000000 2111.186441
-1048231.385582 -0.000000 2123.389831
33685292.101417 0.000000 2135.593220
14770642.033341 0.000000 2147.796610
8761338.754271 0.000000 2160.000000
21818153.813114 0.000000 2172.203390
11297012.582308 0.000000 2184.406780
13133236.142700 0.000000 2196.610169
22860766.728573 0.000000 2208.813559
41011152.836577 0.000000 2221.016949
67509822.951112 0.000000 2233.220339
20120133.567284 0.000000 2245.423729
12902499.351958 0.000000 2257.627119
7442561.028338 0.000000 2269.830508
2147391.990602 0.000000 2282.033898
-416623.809913 -0.000000 2294.237288
-1223329.706693 -0.000000 2306.440678
-872822.306954 -0.000000 2318.644068
132844.840282 0.000000 2330.847458
1378291.540903 0.000000 2343.050847
2594213.002341 0.000000 2355.254237
3683552.584025 0.000000 2367.457627
4630736.585274 0.000000 2379.661017
5463715.884419 0.000000 2391.864407
6175041.444572 0.000000 2404.067797
6764643.675732 0.000000 2416.271186
7238100.988556 0.000000 2428.474576
7625652.809661 0.000000 2440.677966
7948698.839014 0.000000 2452.881356
8227983.417819 0.000000 2465.084746
8472296.080478 0.000000 2477.288136
8689691.503009 0.000000 2489.491525
8883788.983150 0.000000 2501.694915
9057975.008222 0.000000 2513.898305
9214708.679729 0.000000 2526.101695
9353860.377570 0.000000 2538.305085
9473287.246291 0.000000 2550.508475
9566644.785344 0.000000 2562.711864
9634760.109755 0.000000 2574.915254
9692492.119113 0.000000 2587.118644
9762344.141412 0.000000 2599.322034
9843619.752895 0.000000 2611.525424
9917884.166286 0.000000 2623.728814
9984072.005059 0.000000 2635.932203
10055996.437242 0.000000 2648.135593
10128741.069988 0.000000 2660.338983
10180970.335449 0.000000 2672.542373
10218138.098420 0.000000 2684.745763
10265872.483401 0.000000 2696.949153
10327662.615343 0.000000 2709.152542
10363933.246445 0.000000 2721.355932
10343333.469836 0.000000 2733.559322
10286738.072467 0.000000 2745.762712
10253791.543432 0.000000 2757.966102
10260670.714532 0.000000 2770.169492
10259487.981021 0.000000 2782.372881
10193385.347014 0.000000 2794.576271
10009442.977359 0.000000 2806.779661
9617393.951568 0.000000 2818.983051
8881376.081752 0.000000 2831.186441
7633213.743985 0.000000 2843.389831
5683898.390265 0.000000 2855.593220
2985239.747595 0.000000 2867.796610
-24744.664378 -0.000000 2880.000000
-1790843.856128 -0.000000 2892.203390
805837.767792 0.000000 2904.406780
11275501.665831 0.000000 2916.610169
24751925.448276 0.000000 2928.813559
29856429.620645 0.000000 2941.016949
29941079.062377 0.000000 2953.220339
30015417.339941 0.000000 2965.423729
30450694.099455 0.000000 2977.627119
30707033.561808 0.000000 2989.830508
30360797.263610 0.000000 3002.033898
29929115.359084 0.000000 3014.237288
29763633.928545 0.000000 3026.440678
29409613.463769 0.000000 3038.644068
29030776.471558 0.000000 3050.847458
28702330.370839 0.000000 3063.050847
28369089.430545 0.000000 3075.254237
28131049.668975 0.000000 3087.457627
27961487.572914 0.000000 3099.661017
27854639.391236 0.000000 3111.864407
27786075.687242 0.000000 3124.067797
27734954.699048 0.000000 3136.271186
27686140.266571 0.000000 3148.474576
27631331.540878 0.000000 3160.677966
27590470.366128 0.000000 3172.881356
27586144.501502 0.000000 3185.084746
27668241.701184 0.000000 3197.288136
27881882.622395 0.000000 3209.491525
28328316.441517 0.000000 3221.694915
28664400.477554 0.000000 3233.898305
28632164.794049 0.000000 3246.101695
30096247.275733 0.000000 3258.305085
32787764.470088 0.000000 3270.508475
33641936.972639 0.000000 3282.711864
32459504.632126 0.000000 3294.915254
30254623.427876 0.000000 3307.118644
28302917.759110 0.000000 3319.322034
27694395.131554 0.000000 3331.525424
18677701.024648 0.000000 3343.728814
-628143.932565 -0.000000 3355.932203
-1165840.849703 -0.000000 3368.135593
-9220.306799 -0.000000 3380.338983
-14929.571914 -0.000000 3392.542373
-20905.883740 -0.000000 3404.745763
-27044.559103 -0.000000 3416.949153
-32894.975270 -0.000000 3429.152542
-38320.355435 -0.000000 3441.355932
-43147.363543 -0.000000 3453.559322
-47323.996615 -0.000000 3465.762712
-50832.530540 -0.000000 3477.966102
-53709.170620 -0.000000 3490.169492
-56013.251293 -0.000000 3502.372881
-57818.936162 -0.000000 3514.576271
-59204.990656 -0.000000 3526.779661
-60245.245371 -0.000000 3538.983051
-61007.827475 -0.000000 3551.186441
-61548.859546 -0.000000 3563.389831
-61915.023052 -0.000000 3575.593220
-62139.903480 -0.000000 3587.796610
-62246.837709 -0.000000 3600.000000
