0.000000 30.000000
1.000000 30.049718
2.000000 30.783656
3.000000 34.180794
4.000000 40.451972
5.000000 22.616904
6.000000 29.422140
7.000000 29.169495
8.000000 29.521463
9.000000 29.791259
10.000000 28.673458
11.000000 28.110472
12.000000 27.514883
13.000000 29.836476
14.000000 42.473476
15.000000 50.196025
16.000000 39.261126
17.000000 32.379008
18.000000 26.145873
19.000000 27.181485
20.000000 12.351601
21.000000 15.907584
22.000000 19.196249
23.000000 20.512544
24.000000 20.783372
25.000000 19.807802
26.000000 19.266916
27.000000 19.362450
28.000000 20.890235
29.000000 23.167119
30.000000 24.580063
31.000000 25.675782
32.000000 24.833720
33.000000 25.257085
34.000000 25.896911
35.000000 26.290960
36.000000 25.757955
37.000000 27.532579
38.000000 27.243154
39.000000 26.088796
40.000000 26.711615
41.000000 27.305913
42.000000 27.538338
43.000000 26.413015
44.000000 26.834457
45.000000 26.724028
46.000000 27.145621
47.000000 26.109134
48.000000 27.098037
49.000000 24.259715
50.000000 20.649335
51.000000 25.585073
52.000000 33.203623
