0.000000 30.000000
1.000000 32.858629
2.000000 37.593103
3.000000 46.414856
4.000000 60.996804
5.000000 78.617378
6.000000 89.990289
7.000000 85.755609
8.000000 87.526640
9.000000 77.230506
10.000000 79.036613
11.000000 78.530120
12.000000 76.830955
13.000000 76.023285
14.000000 77.146774
15.000000 78.866496
16.000000 79.414254
17.000000 81.930337
18.000000 82.726530
19.000000 82.419141
20.000000 86.684329
21.000000 87.654865
22.000000 87.612414
23.000000 88.014938
24.000000 89.644662
25.000000 89.038472
26.000000 88.022213
27.000000 88.196538
28.000000 80.931256
29.000000 63.499254
30.000000 57.494320
31.000000 57.390735
32.000000 59.525598
33.000000 65.246078
34.000000 74.806381
35.000000 84.017662
36.000000 88.719667
37.000000 89.000987
38.000000 88.773184
39.000000 89.397465
40.000000 89.735607
41.000000 88.211239
42.000000 82.240560
43.000000 77.888183
44.000000 76.763362
45.000000 77.752259
46.000000 78.981696
47.000000 78.795172
48.000000 77.195919
49.000000 74.907952
50.000000 73.146410
51.000000 70.630358
52.000000 67.872459
53.000000 64.115356
54.000000 55.287634
55.000000 40.936252
