0.000000 30.000000
1.000000 30.502072
2.000000 32.019808
3.000000 35.216514
4.000000 41.620493
5.000000 50.333171
6.000000 35.623263
7.000000 37.025840
8.000000 35.962133
9.000000 37.268649
10.000000 37.109435
11.000000 38.052414
12.000000 39.131016
13.000000 39.065606
14.000000 40.305601
15.000000 40.966634
16.000000 45.245865
17.000000 41.278738
18.000000 41.399396
19.000000 40.192905
20.000000 33.302934
21.000000 24.078792
22.000000 26.755134
23.000000 28.731713
24.000000 29.459106
25.000000 29.397312
26.000000 29.397411
27.000000 28.912155
28.000000 28.810071
29.000000 29.630224
30.000000 31.287705
31.000000 32.397917
32.000000 34.093557
33.000000 34.529329
34.000000 34.737158
35.000000 34.695151
36.000000 35.770898
37.000000 36.483698
38.000000 35.959186
39.000000 33.968092
40.000000 33.402307
41.000000 32.921040
42.000000 34.021290
43.000000 35.077153
44.000000 35.485910
45.000000 35.245849
46.000000 34.200545
47.000000 34.374587
48.000000 34.490157
49.000000 31.800120
50.000000 27.990721
51.000000 29.475171
