0.000000 30.000000
1.000000 30.505485
2.000000 32.034727
3.000000 35.254376
4.000000 41.656589
5.000000 50.355626
6.000000 35.689793
7.000000 36.991450
8.000000 36.005730
9.000000 37.256176
10.000000 37.058189
11.000000 37.812577
12.000000 38.740660
13.000000 38.577784
14.000000 39.104976
15.000000 42.130386
16.000000 48.564622
17.000000 46.010676
18.000000 44.337150
19.000000 44.139314
20.000000 42.333664
21.000000 36.402626
22.000000 20.883305
23.000000 20.554473
24.000000 22.721318
25.000000 24.836585
26.000000 25.830139
27.000000 26.237133
28.000000 26.780979
29.000000 27.759382
30.000000 29.407032
31.000000 30.600425
32.000000 31.652970
33.000000 31.668023
34.000000 32.056863
35.000000 32.115599
36.000000 32.051057
37.000000 32.940780
38.000000 34.526194
39.000000 33.393392
40.000000 33.017487
41.000000 32.841255
42.000000 32.848783
43.000000 33.751810
44.000000 33.822794
45.000000 34.351346
46.000000 33.401239
47.000000 33.607921
48.000000 33.089004
49.000000 33.326693
50.000000 30.888421
51.000000 27.039718
52.000000 30.990097
