0.000000 30.000000
1.000000 32.859103
2.000000 37.597281
3.000000 46.441923
4.000000 61.032234
5.000000 78.668225
6.000000 89.975427
7.000000 85.697547
8.000000 87.560176
9.000000 77.151801
10.000000 79.068438
11.000000 78.419676
12.000000 76.613759
13.000000 76.002677
14.000000 77.107964
15.000000 78.705094
16.000000 79.829410
17.000000 81.728982
18.000000 83.300485
19.000000 84.060489
20.000000 88.141998
21.000000 88.984831
22.000000 88.635134
23.000000 89.576093
24.000000 89.324894
25.000000 88.778740
26.000000 89.096252
27.000000 88.388555
28.000000 89.940759
29.000000 77.402823
30.000000 63.810944
31.000000 58.592441
32.000000 59.911478
33.000000 62.496489
34.000000 70.676599
35.000000 82.630736
36.000000 89.083228
37.000000 89.912250
38.000000 89.031779
39.000000 89.871462
40.000000 88.779810
41.000000 88.044096
42.000000 83.328399
43.000000 78.137593
44.000000 77.305796
45.000000 77.833309
46.000000 78.398237
47.000000 78.417145
48.000000 76.860868
49.000000 75.239808
50.000000 73.338567
51.000000 70.502592
52.000000 67.976803
53.000000 63.745051
54.000000 54.887609
55.000000 45.159936
