0.000000 30.000000
1.000000 30.049518
2.000000 30.781207
3.000000 34.166957
4.000000 40.412911
5.000000 22.515266
6.000000 29.327301
7.000000 29.117063
8.000000 29.461662
9.000000 29.730332
10.000000 30.084596
11.000000 30.572606
12.000000 30.772863
13.000000 30.224147
14.000000 31.661143
15.000000 40.849209
16.000000 39.084992
17.000000 34.760102
18.000000 32.684421
19.000000 28.331765
20.000000 18.892377
21.000000 13.917450
22.000000 17.385199
23.000000 19.442485
24.000000 20.432970
25.000000 21.022018
26.000000 20.863406
27.000000 20.614449
28.000000 21.199359
29.000000 22.631441
30.000000 23.527784
31.000000 24.436417
32.000000 24.673693
33.000000 25.076631
34.000000 25.144624
35.000000 25.248523
36.000000 25.752466
37.000000 26.247770
38.000000 25.766026
39.000000 24.856191
40.000000 25.074264
41.000000 24.491909
42.000000 25.743956
43.000000 26.622746
44.000000 26.299417
45.000000 25.697222
46.000000 25.233095
47.000000 25.170123
48.000000 25.954445
49.000000 22.982776
50.000000 19.758719
51.000000 26.136401
