0.000000 30.000000
1.000000 30.049315
2.000000 30.772856
3.000000 34.157285
4.000000 40.413431
5.000000 22.537357
6.000000 29.310451
7.000000 29.112924
8.000000 29.441574
9.000000 29.697071
10.000000 30.048061
11.000000 30.617448
12.000000 30.859755
13.000000 30.099198
14.000000 30.967597
15.000000 38.628336
16.000000 38.464462
17.000000 35.129348
18.000000 30.474475
19.000000 24.228639
20.000000 16.576910
21.000000 18.353015
22.000000 20.906489
23.000000 21.619588
24.000000 22.685960
25.000000 21.731602
26.000000 21.296021
27.000000 21.867898
28.000000 22.410094
29.000000 23.750225
30.000000 24.327409
31.000000 25.220332
32.000000 25.305012
33.000000 25.392277
34.000000 25.250225
35.000000 26.296481
36.000000 27.680115
37.000000 28.144718
38.000000 26.097745
39.000000 25.613263
40.000000 24.722221
41.000000 25.898989
42.000000 26.673109
43.000000 26.452510
44.000000 26.536188
45.000000 25.538714
46.000000 26.268934
47.000000 25.534173
48.000000 25.327896
49.000000 22.367289
50.000000 21.140686
51.000000 28.841117
