0.000000 30.000000
1.000000 30.049126
2.000000 30.775243
3.000000 34.144178
4.000000 40.399064
5.000000 22.453044
6.000000 29.223587
7.000000 29.011721
8.000000 29.395670
9.000000 29.600622
10.000000 29.906909
11.000000 30.483710
12.000000 30.814473
13.000000 31.701388
14.000000 30.987777
15.000000 36.847342
16.000000 33.662044
17.000000 31.750203
18.000000 27.707923
19.000000 22.596684
20.000000 19.580061
21.000000 22.092668
22.000000 22.733834
23.000000 22.975624
24.000000 23.196887
25.000000 23.164614
26.000000 22.996738
27.000000 23.672879
28.000000 24.823331
29.000000 25.113591
30.000000 25.770413
31.000000 26.270071
32.000000 26.794615
33.000000 27.477432
34.000000 27.263123
35.000000 28.419530
36.000000 29.299043
37.000000 28.832586
38.000000 28.289989
39.000000 26.551156
40.000000 26.112543
41.000000 26.482241
42.000000 27.675873
43.000000 27.792736
44.000000 27.236447
45.000000 26.497320
46.000000 27.408138
47.000000 27.171852
48.000000 26.275838
49.000000 23.451455
50.000000 19.593669
51.000000 27.646423
