0.000000 30.000000
1.000000 30.503936
2.000000 32.036155
3.000000 35.266156
4.000000 41.653348
5.000000 50.393751
6.000000 35.138050
7.000000 37.593945
8.000000 36.691725
9.000000 36.534983
10.000000 35.591941
11.000000 30.716965
12.000000 32.299671
13.000000 47.045539
14.000000 57.028962
15.000000 62.021239
16.000000 59.375633
17.000000 44.705465
18.000000 46.916334
19.000000 45.520568
20.000000 44.644937
21.000000 47.092676
22.000000 40.786035
23.000000 48.546228
24.000000 50.186603
25.000000 50.064749
26.000000 50.121413
27.000000 50.100339
28.000000 49.788392
29.000000 49.205579
30.000000 49.102794
31.000000 60.620964
32.000000 59.903991
33.000000 58.878121
34.000000 57.871901
35.000000 56.242816
36.000000 54.291758
37.000000 53.586552
38.000000 52.101018
39.000000 50.372672
40.000000 62.195869
41.000000 60.871804
42.000000 59.215196
43.000000 57.953799
44.000000 57.178125
45.000000 56.409389
46.000000 55.481956
47.000000 54.376295
48.000000 53.391215
49.000000 52.300176
50.000000 51.261729
51.000000 50.131929
52.000000 49.327890
53.000000 48.755024
54.000000 47.837109
55.000000 47.038835
56.000000 46.142518
57.000000 45.271301
58.000000 44.640081
59.000000 43.828974
