0.000000 30.000000
1.000000 30.503352
2.000000 32.035904
3.000000 35.264849
4.000000 41.637810
5.000000 50.565624
6.000000 35.601165
7.000000 36.922887
8.000000 36.576888
9.000000 36.262929
10.000000 34.015656
11.000000 30.748886
12.000000 42.338347
13.000000 55.395959
14.000000 62.542962
15.000000 64.995996
16.000000 59.824572
17.000000 44.679139
18.000000 46.955371
19.000000 48.342038
20.000000 47.743272
21.000000 44.307933
22.000000 51.297481
23.000000 49.949231
24.000000 48.510934
25.000000 45.620889
26.000000 43.046959
27.000000 61.375006
28.000000 58.996778
29.000000 56.686882
30.000000 54.584260
31.000000 70.203176
32.000000 67.689825
33.000000 65.269902
34.000000 63.216813
35.000000 61.267345
36.000000 59.095178
37.000000 57.262367
38.000000 55.449460
39.000000 60.732849
40.000000 58.482064
41.000000 55.818277
42.000000 54.813690
43.000000 53.701355
44.000000 52.899558
45.000000 52.145082
46.000000 51.470706
47.000000 50.840144
48.000000 50.124278
49.000000 49.518751
50.000000 48.440316
51.000000 46.673489
52.000000 45.095738
53.000000 43.212028
54.000000 41.236742
55.000000 39.062151
56.000000 38.091522
57.000000 37.303180
58.000000 36.618785
59.000000 35.808466
