0.000000 30.000000
1.000000 32.858511
2.000000 37.591460
3.000000 46.425383
4.000000 61.017136
5.000000 78.677677
6.000000 89.988377
7.000000 85.807509
8.000000 87.543153
9.000000 77.124489
10.000000 79.027766
11.000000 78.480522
12.000000 76.761688
13.000000 75.869023
14.000000 77.047406
15.000000 78.667516
16.000000 80.100522
17.000000 81.575533
18.000000 82.439332
19.000000 81.800621
20.000000 86.003250
21.000000 87.047363
22.000000 87.236849
23.000000 86.957480
24.000000 88.256370
25.000000 87.724895
26.000000 86.772588
27.000000 86.639575
28.000000 81.169970
29.000000 61.835874
30.000000 56.415002
31.000000 56.331002
32.000000 58.602215
33.000000 64.182621
34.000000 73.618970
35.000000 82.869119
36.000000 88.899416
37.000000 89.327041
38.000000 89.259624
39.000000 89.955955
40.000000 89.825143
41.000000 88.220120
42.000000 83.090761
43.000000 77.871883
44.000000 75.990120
45.000000 76.581570
46.000000 76.944273
47.000000 77.981595
48.000000 76.422062
49.000000 74.906177
50.000000 72.926493
51.000000 70.605980
52.000000 68.468985
53.000000 64.964691
54.000000 60.326397
55.000000 48.185300
56.000000 34.992456
