0.000000 30.000000
1.000000 30.505888
2.000000 32.036557
3.000000 35.261177
4.000000 41.624163
5.000000 50.368258
6.000000 35.722661
7.000000 37.010101
8.000000 36.027383
9.000000 37.297003
10.000000 37.088078
11.000000 37.724477
12.000000 38.544209
13.000000 38.491716
14.000000 39.335244
15.000000 44.892133
16.000000 49.760658
17.000000 40.557474
18.000000 36.460549
19.000000 35.559365
20.000000 24.349315
21.000000 21.087368
22.000000 25.546934
23.000000 27.151823
24.000000 26.744648
25.000000 26.020770
26.000000 25.612259
27.000000 26.123829
28.000000 28.556081
29.000000 31.346753
30.000000 32.137098
31.000000 32.965568
32.000000 33.601707
33.000000 33.616234
34.000000 32.208398
35.000000 30.484530
36.000000 31.746063
37.000000 33.128926
38.000000 33.824725
39.000000 33.302266
40.000000 33.065399
41.000000 33.733038
42.000000 34.148713
43.000000 34.319325
44.000000 34.249275
45.000000 35.486630
46.000000 35.763832
47.000000 35.485193
48.000000 34.831791
49.000000 33.504353
50.000000 28.163539
51.000000 24.843657
52.000000 30.494846
