0.000000 30.000000
1.000000 30.049859
2.000000 30.787588
3.000000 34.184820
4.000000 40.440213
5.000000 22.550519
6.000000 29.391138
7.000000 29.206628
8.000000 29.611403
9.000000 29.893553
10.000000 28.125142
11.000000 24.085151
12.000000 25.219625
13.000000 37.958727
14.000000 50.243220
15.000000 56.068520
16.000000 46.621309
17.000000 37.715081
18.000000 30.410857
19.000000 27.775149
20.000000 27.291214
21.000000 26.579786
22.000000 25.964966
23.000000 13.690238
24.000000 14.456332
25.000000 14.972827
26.000000 15.313054
27.000000 15.667043
28.000000 16.040560
29.000000 16.590808
30.000000 17.410856
31.000000 18.351760
32.000000 19.384234
33.000000 20.623532
34.000000 21.586413
35.000000 22.438113
36.000000 22.556425
37.000000 23.392324
38.000000 24.883254
39.000000 25.430708
40.000000 27.289976
41.000000 26.688540
42.000000 27.847510
43.000000 27.329053
44.000000 26.357201
45.000000 26.001452
46.000000 27.534665
47.000000 26.827587
48.000000 27.009476
49.000000 26.930882
50.000000 27.876371
51.000000 27.493607
52.000000 27.365963
53.000000 27.398333
54.000000 28.387376
55.000000 28.165712
56.000000 24.560314
57.000000 24.548170
