0.000000 30.000000
1.000000 30.504777
2.000000 32.034162
3.000000 35.253091
4.000000 41.657594
5.000000 50.376606
6.000000 35.729786
7.000000 37.035712
8.000000 36.028395
9.000000 37.272292
10.000000 37.099696
11.000000 37.947488
12.000000 38.967992
13.000000 38.937894
14.000000 39.207800
15.000000 41.938863
16.000000 48.489483
17.000000 43.769989
18.000000 43.606068
19.000000 42.605251
20.000000 40.315353
21.000000 32.610675
22.000000 20.269116
23.000000 21.702626
24.000000 24.456702
25.000000 25.810751
26.000000 26.896879
27.000000 26.919211
28.000000 26.318163
29.000000 27.418562
30.000000 29.312265
31.000000 30.394334
32.000000 31.237786
33.000000 32.130282
34.000000 32.300861
35.000000 32.346408
36.000000 32.561942
37.000000 33.919543
38.000000 33.833954
39.000000 32.450720
40.000000 32.157474
41.000000 32.385583
42.000000 32.817711
43.000000 34.399867
44.000000 34.634635
45.000000 33.943984
46.000000 32.954732
47.000000 32.808491
48.000000 33.758600
49.000000 32.397104
50.000000 28.656386
51.000000 26.302723
52.000000 33.164446
