0.000000 30.000000
1.000000 32.861112
2.000000 37.604271
3.000000 46.449268
4.000000 61.001102
5.000000 78.597144
6.000000 89.867192
7.000000 85.616425
8.000000 87.592665
9.000000 77.100797
10.000000 78.994921
11.000000 78.303798
12.000000 76.664998
13.000000 76.026711
14.000000 77.326765
15.000000 78.844047
16.000000 79.962205
17.000000 81.925360
18.000000 83.611540
19.000000 84.727328
20.000000 88.598130
21.000000 89.891683
22.000000 89.678381
23.000000 89.427373
24.000000 89.104229
25.000000 89.890043
26.000000 87.950617
27.000000 88.785731
28.000000 89.849498
29.000000 83.941247
30.000000 64.314289
31.000000 60.090850
32.000000 60.523833
33.000000 62.385379
34.000000 70.029072
35.000000 81.461086
36.000000 89.886322
37.000000 88.581518
38.000000 88.569465
39.000000 88.585831
40.000000 89.211494
41.000000 87.500870
42.000000 84.639109
43.000000 79.712094
44.000000 78.098530
45.000000 78.152528
46.000000 78.835358
47.000000 77.874882
48.000000 76.911910
49.000000 75.323119
50.000000 72.985462
51.000000 70.011663
52.000000 67.364383
53.000000 63.251910
54.000000 57.454411
55.000000 47.760885
56.000000 40.165650
