0.000000 30.000000
1.000000 32.861942
2.000000 37.609435
3.000000 46.505016
4.000000 61.185192
5.000000 78.858015
6.000000 89.992072
7.000000 85.677590
8.000000 87.360373
9.000000 77.097996
10.000000 79.194365
11.000000 78.568759
12.000000 76.907052
13.000000 75.964179
14.000000 77.265927
15.000000 78.766458
16.000000 79.499425
17.000000 82.250305
18.000000 81.376282
19.000000 86.130576
20.000000 89.156737
21.000000 88.614599
22.000000 84.223115
23.000000 80.879092
24.000000 81.105415
25.000000 79.489003
26.000000 76.524481
27.000000 72.894940
28.000000 69.089718
29.000000 70.153322
30.000000 69.745883
31.000000 56.669962
32.000000 63.739326
33.000000 69.542562
34.000000 74.176604
35.000000 82.679000
36.000000 88.852645
37.000000 88.933283
38.000000 89.062089
39.000000 88.915400
40.000000 88.977715
41.000000 88.160900
42.000000 83.678717
43.000000 79.359586
44.000000 77.252625
45.000000 76.403795
46.000000 76.286728
47.000000 74.768713
48.000000 73.436524
49.000000 71.615489
50.000000 70.926612
51.000000 70.757168
52.000000 73.945439
53.000000 76.161265
54.000000 78.273925
55.000000 80.188780
56.000000 -85.951580
