0.000000 30.000000
1.000000 32.871773
2.000000 37.647363
3.000000 46.559977
4.000000 61.150000
5.000000 78.730257
6.000000 89.764486
7.000000 85.765278
8.000000 87.526323
9.000000 77.071306
10.000000 79.133284
11.000000 78.375191
12.000000 76.812269
13.000000 76.158529
14.000000 77.487308
15.000000 78.640678
16.000000 79.216782
17.000000 80.537330
18.000000 80.963205
19.000000 79.255976
20.000000 77.944271
21.000000 79.914321
22.000000 79.034366
23.000000 78.332497
24.000000 77.086621
25.000000 74.497302
26.000000 69.869572
27.000000 63.852899
28.000000 62.368431
29.000000 66.301775
30.000000 74.562405
31.000000 84.728989
32.000000 89.575116
33.000000 89.860008
34.000000 89.196888
35.000000 89.905964
36.000000 88.407073
37.000000 87.411442
38.000000 82.761828
39.000000 82.821987
40.000000 82.213112
41.000000 81.977876
42.000000 80.087707
43.000000 79.072825
44.000000 77.421973
45.000000 74.976930
46.000000 72.536677
47.000000 70.047812
48.000000 67.624444
49.000000 65.196722
50.000000 62.381478
51.000000 56.884101
52.000000 45.165973
53.000000 35.679475
