0.000000 30.000000
1.000000 30.049476
2.000000 30.779212
3.000000 34.160388
4.000000 40.404424
5.000000 22.448158
6.000000 29.222761
7.000000 29.027556
8.000000 29.436153
9.000000 29.620452
10.000000 29.947687
11.000000 30.479019
12.000000 30.812500
13.000000 30.259435
14.000000 31.329701
15.000000 40.385936
16.000000 38.871025
17.000000 35.009641
18.000000 33.280683
19.000000 28.916619
20.000000 17.344474
21.000000 14.900134
22.000000 18.286908
23.000000 20.052043
24.000000 20.950140
25.000000 21.205842
26.000000 20.775959
27.000000 20.518691
28.000000 21.812748
29.000000 22.657175
30.000000 23.219206
31.000000 24.105253
32.000000 25.100379
33.000000 24.513245
34.000000 24.638563
35.000000 24.766934
36.000000 25.710812
37.000000 26.181178
38.000000 25.795243
39.000000 24.983993
40.000000 25.128221
41.000000 24.866186
42.000000 25.572575
43.000000 26.870559
44.000000 26.493833
45.000000 25.854651
46.000000 25.450577
47.000000 25.339089
48.000000 24.750849
49.000000 22.760499
50.000000 19.524143
51.000000 27.828736
