0.000000 30.000000
1.000000 30.049272
2.000000 30.772232
3.000000 34.152136
4.000000 40.411691
5.000000 22.539511
6.000000 29.325876
7.000000 29.114854
8.000000 29.446154
9.000000 29.674897
10.000000 29.976325
11.000000 30.546779
12.000000 30.805482
13.000000 31.739066
14.000000 30.950097
15.000000 38.122249
16.000000 35.806538
17.000000 33.818708
18.000000 28.788284
19.000000 22.972247
20.000000 16.986188
21.000000 19.449309
22.000000 21.427655
23.000000 22.679851
24.000000 22.914693
25.000000 22.082972
26.000000 21.786065
27.000000 22.395106
28.000000 23.324792
29.000000 24.079333
30.000000 24.763380
31.000000 25.739565
32.000000 25.880520
33.000000 25.985785
34.000000 25.849092
35.000000 26.894848
36.000000 27.368199
37.000000 27.470713
38.000000 26.698040
39.000000 26.012636
40.000000 25.113693
41.000000 25.935019
42.000000 26.511273
43.000000 27.180628
44.000000 27.534440
45.000000 26.380514
46.000000 25.793856
47.000000 26.342451
48.000000 26.205384
49.000000 21.521670
50.000000 21.668083
51.000000 29.420299
