0.000000 30.000000
1.000000 32.859402
2.000000 37.607193
3.000000 46.505512
4.000000 61.161510
5.000000 78.898830
6.000000 89.807522
7.000000 86.552771
8.000000 87.732792
9.000000 78.058182
10.000000 79.500094
11.000000 78.630602
12.000000 75.844120
13.000000 74.221066
14.000000 76.119914
15.000000 79.516439
16.000000 80.312262
17.000000 84.608505
18.000000 89.436824
19.000000 88.254131
20.000000 89.627540
21.000000 89.609584
22.000000 85.834136
23.000000 89.884365
24.000000 84.949894
25.000000 89.897998
26.000000 89.486814
27.000000 87.907022
28.000000 87.153114
29.000000 87.071271
30.000000 87.504911
31.000000 87.665505
32.000000 88.170101
33.000000 89.033700
34.000000 89.514189
35.000000 89.476922
36.000000 89.272055
37.000000 89.212301
38.000000 88.830802
39.000000 88.449790
40.000000 88.380974
41.000000 87.927913
42.000000 87.587159
43.000000 87.187453
44.000000 87.049098
45.000000 87.337747
46.000000 87.327815
47.000000 87.045419
48.000000 86.708797
49.000000 86.268460
50.000000 85.814956
51.000000 85.628662
52.000000 85.616563
53.000000 85.527155
54.000000 85.365100
55.000000 85.107070
56.000000 84.842362
57.000000 84.589354
58.000000 84.471177
59.000000 84.486774
