0.000000 30.000000
1.000000 30.049764
2.000000 30.784986
3.000000 34.183804
4.000000 40.454157
5.000000 22.606285
6.000000 29.398414
7.000000 29.178400
8.000000 29.512723
9.000000 29.761494
10.000000 28.517358
11.000000 27.423458
12.000000 25.135600
13.000000 31.255380
14.000000 45.089103
15.000000 52.553488
16.000000 44.341688
17.000000 33.875624
18.000000 26.126055
19.000000 26.803883
20.000000 15.639778
21.000000 14.055351
22.000000 16.497913
23.000000 18.425754
24.000000 19.180193
25.000000 19.294069
26.000000 19.271851
27.000000 19.264394
28.000000 20.094763
29.000000 20.816935
30.000000 22.000363
31.000000 23.839891
32.000000 25.641290
33.000000 25.288085
34.000000 25.479114
35.000000 26.300483
36.000000 26.988490
37.000000 26.447989
38.000000 26.111094
39.000000 26.660745
40.000000 26.958173
41.000000 26.528133
42.000000 27.304921
43.000000 27.502072
44.000000 27.624790
45.000000 26.792295
46.000000 26.903093
47.000000 27.120436
48.000000 27.397321
49.000000 25.423374
50.000000 21.014477
51.000000 29.053118
