0.000000 30.000000
1.000000 30.506658
2.000000 32.039267
3.000000 35.273299
4.000000 41.675490
5.000000 50.424438
6.000000 35.884247
7.000000 37.152352
8.000000 36.081253
9.000000 37.347739
10.000000 36.950613
11.000000 36.283909
12.000000 36.326864
13.000000 35.829886
14.000000 42.473476
15.000000 49.979293
16.000000 54.479011
17.000000 42.178022
18.000000 37.262913
19.000000 36.177489
20.000000 36.399730
21.000000 26.119340
22.000000 19.537252
23.000000 22.814895
24.000000 24.961752
25.000000 25.551933
26.000000 25.757452
27.000000 25.646936
28.000000 25.402625
29.000000 26.703343
30.000000 29.637921
31.000000 32.096607
32.000000 33.408953
33.000000 32.475831
34.000000 33.366912
35.000000 33.365455
36.000000 33.538062
37.000000 34.650360
38.000000 35.236446
39.000000 34.415453
40.000000 33.571877
41.000000 34.308221
42.000000 34.980689
43.000000 35.005003
44.000000 35.567896
45.000000 35.487058
46.000000 34.544041
47.000000 34.447669
48.000000 35.558231
49.000000 34.417244
50.000000 30.737960
51.000000 27.543420
52.000000 33.203623
