0.000000 30.000000
1.000000 30.049812
2.000000 30.785746
3.000000 34.188169
4.000000 40.457156
5.000000 22.597731
6.000000 29.417760
7.000000 29.170268
8.000000 29.511977
9.000000 29.793956
10.000000 28.315653
11.000000 26.585953
12.000000 24.251557
13.000000 34.219667
14.000000 47.477306
15.000000 53.904409
16.000000 46.172944
17.000000 33.771875
18.000000 29.876078
19.000000 24.940426
20.000000 27.356694
21.000000 12.414531
22.000000 13.754447
23.000000 14.916874
24.000000 15.993106
25.000000 16.676694
26.000000 17.506573
27.000000 18.307723
28.000000 19.401336
29.000000 20.219766
30.000000 21.326859
31.000000 21.988256
32.000000 22.525104
33.000000 23.592849
34.000000 25.250220
35.000000 26.238558
36.000000 27.209656
37.000000 25.724543
38.000000 27.574055
39.000000 25.876382
40.000000 26.332741
41.000000 26.887542
42.000000 26.989570
43.000000 26.240549
44.000000 26.453703
45.000000 27.581308
46.000000 27.604223
47.000000 26.435162
48.000000 27.532275
49.000000 28.036969
50.000000 27.321482
51.000000 25.483082
52.000000 20.431415
53.000000 31.690360
