0.000000 30.000000
1.000000 32.859568
2.000000 37.610755
3.000000 46.509321
4.000000 61.147560
5.000000 79.015495
6.000000 89.978792
7.000000 87.154344
8.000000 88.156974
9.000000 77.999228
10.000000 79.537047
11.000000 78.621225
12.000000 75.342632
13.000000 74.447246
14.000000 75.774416
15.000000 80.059324
16.000000 80.378542
17.000000 85.285371
18.000000 89.982254
19.000000 89.563984
20.000000 89.648145
21.000000 83.691216
22.000000 85.366971
23.000000 89.372887
24.000000 89.781362
25.000000 86.388822
26.000000 88.166581
27.000000 88.204288
28.000000 89.932328
29.000000 79.549852
30.000000 89.803399
31.000000 89.512990
32.000000 89.537480
33.000000 88.885779
34.000000 88.815492
35.000000 88.912339
36.000000 88.982063
37.000000 89.228297
38.000000 89.515297
39.000000 89.720511
40.000000 89.658654
41.000000 89.673746
42.000000 70.754060
43.000000 75.359685
44.000000 74.604753
45.000000 74.057367
46.000000 73.980711
47.000000 73.610531
48.000000 73.230344
49.000000 72.849533
50.000000 72.352482
51.000000 71.455172
52.000000 70.200757
53.000000 69.318024
54.000000 68.607039
55.000000 67.715523
56.000000 67.056716
57.000000 66.481220
58.000000 65.983796
59.000000 65.418577
