0.000000 30.000000
1.000000 30.502447
2.000000 32.021995
3.000000 35.222823
4.000000 41.666261
5.000000 50.378429
6.000000 35.749801
7.000000 37.038116
8.000000 36.034474
9.000000 37.214703
10.000000 37.048225
11.000000 38.000762
12.000000 38.972006
13.000000 39.069897
14.000000 40.297359
15.000000 40.972391
16.000000 45.349410
17.000000 40.906499
18.000000 42.724362
19.000000 39.121500
20.000000 33.823713
21.000000 24.767139
22.000000 25.264237
23.000000 27.677528
24.000000 28.616436
25.000000 29.597135
26.000000 28.654939
27.000000 27.700370
28.000000 28.315639
29.000000 29.355573
30.000000 31.185191
31.000000 32.191559
32.000000 33.053681
33.000000 33.732904
34.000000 33.866458
35.000000 34.808628
36.000000 35.965549
37.000000 35.707424
38.000000 35.233741
39.000000 33.345950
40.000000 32.946332
41.000000 32.928278
42.000000 34.204119
43.000000 35.515265
44.000000 34.852966
45.000000 34.415186
46.000000 34.658855
47.000000 33.963051
48.000000 34.005839
49.000000 31.258272
50.000000 28.070320
51.000000 29.420299
