0.000000 30.000000
1.000000 30.503190
2.000000 32.025542
3.000000 35.235260
4.000000 41.626243
5.000000 50.327774
6.000000 35.615507
7.000000 36.978366
8.000000 35.925538
9.000000 37.205631
10.000000 37.051987
11.000000 38.002403
12.000000 38.968419
13.000000 39.029041
14.000000 40.289114
15.000000 40.986487
16.000000 47.551235
17.000000 41.922459
18.000000 43.384803
19.000000 42.340577
20.000000 37.479460
21.000000 26.519414
22.000000 22.298792
23.000000 25.359109
24.000000 27.394934
25.000000 27.769166
26.000000 28.225789
27.000000 27.576257
28.000000 27.028165
29.000000 29.192681
30.000000 30.223330
31.000000 31.794452
32.000000 32.755363
33.000000 33.395252
34.000000 33.586874
35.000000 32.928822
36.000000 33.688473
37.000000 34.965250
38.000000 34.029158
39.000000 32.296416
40.000000 32.166132
41.000000 32.449123
42.000000 33.253102
43.000000 35.138099
44.000000 34.368323
45.000000 33.870083
46.000000 33.265385
47.000000 33.658611
48.000000 33.497959
49.000000 31.548336
50.000000 27.482033
51.000000 28.545342
