0.000000 30.000000
1.000000 30.507053
2.000000 32.047439
3.000000 35.281546
4.000000 41.683824
5.000000 50.419474
6.000000 35.854983
7.000000 37.118895
8.000000 36.057945
9.000000 37.342827
10.000000 36.810576
11.000000 35.929227
12.000000 35.550578
13.000000 34.844054
14.000000 45.089103
15.000000 52.249626
16.000000 55.624071
17.000000 42.572301
18.000000 39.846816
19.000000 37.071785
20.000000 35.139328
21.000000 34.205895
22.000000 16.497913
23.000000 18.675048
24.000000 20.669035
25.000000 22.579324
26.000000 23.616410
27.000000 24.243373
28.000000 24.699508
29.000000 25.077153
30.000000 26.784993
31.000000 28.610060
32.000000 31.367035
33.000000 33.397208
34.000000 34.431138
35.000000 34.609580
36.000000 34.421454
37.000000 35.112604
38.000000 34.723038
39.000000 34.240212
40.000000 35.026089
41.000000 35.287537
42.000000 34.405396
43.000000 34.919577
44.000000 35.337444
45.000000 35.730834
46.000000 35.896190
47.000000 36.315607
48.000000 35.061433
49.000000 34.888619
50.000000 30.998707
51.000000 29.365407
52.000000 38.217110
