0.000000 30.000000
1.000000 30.504413
2.000000 32.030950
3.000000 35.243882
4.000000 41.632563
5.000000 50.332876
6.000000 35.611184
7.000000 36.938007
8.000000 35.927056
9.000000 37.218774
10.000000 37.053076
11.000000 37.971002
12.000000 38.921944
13.000000 39.078917
14.000000 39.227290
15.000000 41.502702
16.000000 48.065247
17.000000 43.940540
18.000000 43.992251
19.000000 43.153893
20.000000 40.880322
21.000000 29.759932
22.000000 20.528361
23.000000 23.193333
24.000000 25.523100
25.000000 26.527286
26.000000 27.267070
27.000000 26.922039
28.000000 26.822925
29.000000 27.979519
30.000000 29.929443
31.000000 30.956845
32.000000 31.814483
33.000000 32.487352
34.000000 32.968561
35.000000 32.096830
36.000000 32.698369
37.000000 33.975721
38.000000 33.920911
39.000000 32.420245
40.000000 32.015406
41.000000 31.547417
42.000000 32.917526
43.000000 33.654134
44.000000 34.827306
45.000000 33.941241
46.000000 33.127648
47.000000 32.966723
48.000000 33.527217
49.000000 32.191286
50.000000 28.397262
51.000000 27.828736
52.000000 35.087353
