0.000000 30.000000
1.000000 32.858472
2.000000 37.591190
3.000000 46.419254
4.000000 60.998849
5.000000 78.631837
6.000000 89.985550
7.000000 85.617400
8.000000 87.503463
9.000000 77.226968
10.000000 79.001188
11.000000 78.369224
12.000000 76.609909
13.000000 76.079222
14.000000 77.303841
15.000000 78.962717
16.000000 79.700886
17.000000 81.337894
18.000000 82.429070
19.000000 81.554217
20.000000 85.845474
21.000000 86.202406
22.000000 86.336771
23.000000 87.177134
24.000000 87.379912
25.000000 86.951123
26.000000 85.883969
27.000000 84.538402
28.000000 71.899715
29.000000 59.268261
30.000000 54.446237
31.000000 55.810477
32.000000 59.091047
33.000000 65.465361
34.000000 75.469760
35.000000 84.388591
36.000000 89.454295
37.000000 89.892318
38.000000 89.673631
39.000000 89.964118
40.000000 88.347632
41.000000 88.413403
42.000000 82.321673
43.000000 78.113831
44.000000 76.058791
45.000000 76.501964
46.000000 77.184240
47.000000 77.740516
48.000000 76.787740
49.000000 75.172984
50.000000 72.901795
51.000000 70.018957
52.000000 67.628496
53.000000 64.138328
54.000000 58.357151
55.000000 42.679560
56.000000 30.498299
