0.000000 30.000000
1.000000 30.049178
2.000000 30.782507
3.000000 34.175106
4.000000 40.434543
5.000000 22.631029
6.000000 29.739069
7.000000 29.923055
8.000000 29.495481
9.000000 29.406520
10.000000 21.698376
11.000000 26.318277
12.000000 37.662144
13.000000 51.662926
14.000000 60.004428
15.000000 61.980869
16.000000 47.158029
17.000000 40.174125
18.000000 37.937699
19.000000 36.773446
20.000000 35.933565
21.000000 34.682977
22.000000 32.868563
23.000000 37.916986
24.000000 37.167189
25.000000 35.945219
26.000000 34.151323
27.000000 29.750383
28.000000 27.295116
29.000000 32.332375
30.000000 30.548692
31.000000 28.236015
32.000000 25.398253
33.000000 41.736657
34.000000 39.384182
35.000000 37.781276
36.000000 36.223084
37.000000 34.737592
38.000000 34.009089
39.000000 33.766627
40.000000 32.624369
41.000000 31.457896
42.000000 31.000921
43.000000 30.548036
44.000000 29.830773
45.000000 48.869673
46.000000 47.804994
47.000000 47.275057
48.000000 47.068205
49.000000 46.881733
50.000000 46.723995
51.000000 46.252512
52.000000 45.458185
53.000000 44.930381
54.000000 44.649978
55.000000 44.490767
56.000000 44.333188
57.000000 44.335595
58.000000 44.326946
59.000000 44.309657
