0.000000 30.000000
1.000000 30.049229
2.000000 30.771392
3.000000 34.146549
4.000000 40.406669
5.000000 22.457630
6.000000 29.228691
7.000000 29.090396
8.000000 29.447231
9.000000 29.700851
10.000000 30.038407
11.000000 30.667611
12.000000 30.910189
13.000000 30.099417
14.000000 31.080749
15.000000 37.700514
16.000000 35.890442
17.000000 34.438514
18.000000 30.175368
19.000000 22.918801
20.000000 16.967988
21.000000 20.410484
22.000000 22.257053
23.000000 22.417684
24.000000 23.228342
25.000000 22.533922
26.000000 22.176708
27.000000 22.685646
28.000000 23.635344
29.000000 24.147453
30.000000 24.916293
31.000000 25.759432
32.000000 25.842393
33.000000 26.695904
34.000000 26.339013
35.000000 27.761046
36.000000 28.018751
37.000000 29.150012
38.000000 27.125830
39.000000 26.047396
40.000000 26.251638
41.000000 26.000364
42.000000 27.491375
43.000000 26.754819
44.000000 26.909541
45.000000 27.087958
46.000000 26.236482
47.000000 26.690804
48.000000 26.636036
49.000000 21.824173
50.000000 21.671766
51.000000 29.475171
