0.000000 30.000000
1.000000 32.858986
2.000000 37.597194
3.000000 46.437867
4.000000 61.005975
5.000000 78.616280
6.000000 89.873467
7.000000 85.682056
8.000000 87.535164
9.000000 77.138518
10.000000 79.098129
11.000000 78.481886
12.000000 76.542909
13.000000 75.836315
14.000000 77.201134
15.000000 78.777165
16.000000 80.037057
17.000000 81.876488
18.000000 83.378714
19.000000 83.772161
20.000000 87.819188
21.000000 89.535863
22.000000 88.781269
23.000000 89.379464
24.000000 89.946469
25.000000 89.878150
26.000000 89.854744
27.000000 89.812960
28.000000 88.582624
29.000000 75.454600
30.000000 61.905132
31.000000 57.717067
32.000000 59.356989
33.000000 62.132599
34.000000 71.152206
35.000000 83.421410
36.000000 89.309065
37.000000 89.846955
38.000000 89.070626
39.000000 89.806217
40.000000 88.948065
41.000000 87.817330
42.000000 82.350466
43.000000 77.344527
44.000000 76.518378
45.000000 77.475255
46.000000 78.501744
47.000000 78.163636
48.000000 76.533237
49.000000 74.535356
50.000000 71.922488
51.000000 70.164468
52.000000 67.496795
53.000000 63.583783
54.000000 55.684930
55.000000 44.211422
56.000000 35.866591
