0.000000 30.000000
1.000000 30.049186
2.000000 30.769031
3.000000 34.147139
4.000000 40.396310
5.000000 22.470853
6.000000 29.239557
7.000000 29.047095
8.000000 29.441757
9.000000 29.603632
10.000000 29.930898
11.000000 30.531071
12.000000 30.864370
13.000000 31.667994
14.000000 30.869421
15.000000 37.149040
16.000000 35.753303
17.000000 32.740857
18.000000 28.405901
19.000000 24.423839
20.000000 17.823376
21.000000 21.627371
22.000000 22.669427
23.000000 22.995618
24.000000 22.729100
25.000000 23.135022
26.000000 22.828350
27.000000 23.076053
28.000000 23.787421
29.000000 24.406287
30.000000 26.031788
31.000000 26.627532
32.000000 26.465445
33.000000 27.442763
34.000000 27.099907
35.000000 27.422636
36.000000 29.158487
37.000000 28.458975
38.000000 27.960316
39.000000 27.074980
40.000000 26.512696
41.000000 26.675976
42.000000 26.642704
43.000000 27.764062
44.000000 27.391232
45.000000 26.896547
46.000000 26.360107
47.000000 27.137559
48.000000 26.836069
49.000000 25.075789
50.000000 21.458772
51.000000 24.796907
