0.000000 30.000000
1.000000 32.861846
2.000000 37.608336
3.000000 46.489750
4.000000 61.118685
5.000000 78.776289
6.000000 89.998044
7.000000 85.724390
8.000000 87.601322
9.000000 77.118680
10.000000 79.102045
11.000000 78.445693
12.000000 76.569187
13.000000 75.838450
14.000000 76.925683
15.000000 78.788141
16.000000 79.568243
17.000000 82.007144
18.000000 81.147266
19.000000 84.106494
20.000000 87.257109
21.000000 84.897897
22.000000 79.599266
23.000000 79.835379
24.000000 77.429596
25.000000 73.990969
26.000000 71.906984
27.000000 72.101182
28.000000 72.143298
29.000000 60.413227
30.000000 61.853927
31.000000 69.573756
32.000000 73.136958
33.000000 77.034284
34.000000 82.444418
35.000000 87.513860
36.000000 88.098066
37.000000 86.860465
38.000000 86.606799
39.000000 84.495226
40.000000 79.832599
41.000000 77.054231
42.000000 74.873381
43.000000 74.072157
44.000000 72.364041
45.000000 71.068952
46.000000 69.600390
47.000000 67.060089
48.000000 66.840656
49.000000 70.013026
50.000000 77.185281
51.000000 84.561159
52.000000 89.254567
53.000000 88.798330
54.000000 89.747380
55.000000 85.345762
56.000000 86.744808
57.000000 -79.384190
