0.000000 30.000000
1.000000 30.501696
2.000000 32.017722
3.000000 35.222699
4.000000 41.626843
5.000000 50.325751
6.000000 35.626295
7.000000 36.973722
8.000000 35.953798
9.000000 37.212914
10.000000 37.057380
11.000000 37.993581
12.000000 39.003758
13.000000 39.029398
14.000000 40.160698
15.000000 40.802730
16.000000 44.949180
17.000000 41.332827
18.000000 42.084301
19.000000 38.495022
20.000000 31.721130
21.000000 24.766427
22.000000 28.073700
23.000000 29.190882
24.000000 29.380786
25.000000 29.992426
26.000000 29.114556
27.000000 28.323360
28.000000 28.495846
29.000000 29.520469
30.000000 31.130508
31.000000 33.232631
32.000000 33.782008
33.000000 34.139829
34.000000 35.616256
35.000000 35.989082
36.000000 36.911119
37.000000 37.669090
38.000000 35.646393
39.000000 35.217258
40.000000 33.889757
41.000000 33.586654
42.000000 33.869378
43.000000 34.767340
44.000000 35.813709
45.000000 35.014814
46.000000 34.157015
47.000000 34.875339
48.000000 34.652765
49.000000 33.628020
50.000000 30.646677
51.000000 25.669761
52.000000 31.062024
