0.000000 30.000000
1.000000 30.049904
2.000000 30.787515
3.000000 34.185584
4.000000 40.440034
5.000000 22.540099
6.000000 29.412202
7.000000 29.339248
8.000000 29.883781
9.000000 30.303206
10.000000 27.880583
11.000000 21.798403
12.000000 27.620206
13.000000 41.920123
14.000000 53.317915
15.000000 58.268683
16.000000 44.122848
17.000000 37.894745
18.000000 32.931523
19.000000 31.632089
20.000000 25.880208
21.000000 26.366834
22.000000 25.231215
23.000000 26.507116
24.000000 26.562662
25.000000 27.963272
26.000000 26.866252
27.000000 28.216596
28.000000 26.473458
29.000000 27.828786
30.000000 29.555505
31.000000 25.635586
32.000000 27.340341
33.000000 29.490500
34.000000 19.610684
35.000000 20.528912
36.000000 23.408821
37.000000 25.820238
38.000000 20.158566
39.000000 20.191293
40.000000 20.206130
41.000000 20.221448
42.000000 20.244315
43.000000 20.272294
44.000000 20.301073
45.000000 20.325903
46.000000 20.347361
47.000000 20.367259
48.000000 20.384567
49.000000 20.398933
50.000000 20.411735
51.000000 20.424057
52.000000 20.436058
53.000000 20.448424
54.000000 20.459501
55.000000 20.472890
56.000000 20.489185
57.000000 20.506730
58.000000 20.525560
59.000000 20.546400
