0.000000 30.000000
1.000000 30.506928
2.000000 32.090821
3.000000 35.193514
4.000000 41.833321
5.000000 50.484805
6.000000 35.733380
7.000000 37.049215
8.000000 36.060507
9.000000 37.312067
10.000000 37.052312
11.000000 38.116702
12.000000 39.163383
13.000000 39.153464
14.000000 38.458342
15.000000 39.338490
16.000000 38.672863
17.000000 38.839728
18.000000 39.852161
19.000000 40.540887
20.000000 40.080813
21.000000 39.468204
22.000000 38.968699
23.000000 38.654482
24.000000 38.109854
25.000000 37.875729
26.000000 37.377709
27.000000 37.968510
28.000000 37.893989
29.000000 37.700962
30.000000 38.083711
31.000000 38.427255
32.000000 39.697907
33.000000 39.765989
34.000000 39.025593
35.000000 37.742539
36.000000 37.013758
37.000000 36.736057
38.000000 37.599678
39.000000 36.869877
40.000000 36.793068
41.000000 36.484428
42.000000 36.220227
43.000000 36.117140
44.000000 35.605984
45.000000 34.844984
46.000000 32.578878
47.000000 28.106371
48.000000 29.369146
