0.000000 30.000000
1.000000 30.501259
2.000000 32.018426
3.000000 35.209332
4.000000 41.610196
5.000000 50.314132
6.000000 35.614582
7.000000 36.941690
8.000000 35.930705
9.000000 37.208505
10.000000 37.030354
11.000000 37.966805
12.000000 38.964215
13.000000 39.043750
14.000000 40.237039
15.000000 39.496295
16.000000 45.014709
17.000000 40.729835
18.000000 41.081487
19.000000 37.917144
20.000000 31.495498
21.000000 26.151665
22.000000 29.125920
23.000000 29.624558
24.000000 29.870507
25.000000 29.773632
26.000000 29.739342
27.000000 29.075312
28.000000 29.244619
29.000000 30.646913
30.000000 32.137181
31.000000 33.977427
32.000000 34.286250
33.000000 35.534623
34.000000 36.004389
35.000000 36.196421
36.000000 37.851660
37.000000 37.779246
38.000000 35.927660
39.000000 34.917957
40.000000 33.441929
41.000000 33.572730
42.000000 35.327858
43.000000 36.322776
44.000000 35.877860
45.000000 34.718158
46.000000 35.345472
47.000000 35.026660
48.000000 34.315454
49.000000 33.679074
50.000000 29.264271
51.000000 27.646423
52.000000 33.357535
