0.000000 30.000000
1.000000 30.049358
2.000000 30.774428
3.000000 34.153537
4.000000 40.401356
5.000000 22.451382
6.000000 29.222991
7.000000 29.045745
8.000000 29.426780
9.000000 29.590751
10.000000 29.927561
11.000000 30.508969
12.000000 30.803035
13.000000 30.080576
14.000000 30.962955
15.000000 39.003301
16.000000 38.499131
17.000000 34.250452
18.000000 32.136647
19.000000 25.789229
20.000000 16.601751
21.000000 17.203334
22.000000 19.756653
23.000000 21.048683
24.000000 22.167067
25.000000 21.370919
26.000000 20.931414
27.000000 21.397790
28.000000 22.605246
29.000000 23.319742
30.000000 23.806525
31.000000 24.657922
32.000000 24.750906
33.000000 25.042490
34.000000 25.982726
35.000000 25.727823
36.000000 27.126044
37.000000 27.725704
38.000000 25.696891
39.000000 25.308524
40.000000 24.671208
41.000000 24.806771
42.000000 25.694158
43.000000 26.780546
44.000000 25.936852
45.000000 26.013932
46.000000 25.614726
47.000000 26.027404
48.000000 24.904813
49.000000 22.260505
50.000000 20.849509
51.000000 28.545342
