0.000000 30.000000
1.000000 30.503558
2.000000 32.025429
3.000000 35.239447
4.000000 41.647115
5.000000 50.358131
6.000000 35.681026
7.000000 37.019693
8.000000 35.963500
9.000000 37.177096
10.000000 37.037851
11.000000 37.973084
12.000000 38.905019
13.000000 38.968746
14.000000 40.264622
15.000000 41.147145
16.000000 47.806653
17.000000 43.862246
18.000000 42.984074
19.000000 41.685081
20.000000 39.048368
21.000000 31.917526
22.000000 20.936021
23.000000 24.621857
24.000000 26.204275
25.000000 27.539339
26.000000 27.613905
27.000000 26.979313
28.000000 27.022624
29.000000 28.346696
30.000000 30.258258
31.000000 31.051413
32.000000 31.942374
33.000000 32.508960
34.000000 32.641670
35.000000 32.992981
36.000000 33.170115
37.000000 34.733713
38.000000 34.118071
39.000000 32.071852
40.000000 32.024679
41.000000 32.082679
42.000000 33.968768
43.000000 34.988887
44.000000 34.734551
45.000000 33.636739
46.000000 33.428795
47.000000 33.120232
48.000000 33.199291
49.000000 30.403263
50.000000 26.892597
51.000000 29.895992
