0.000000 30.000000
1.000000 32.861229
2.000000 37.608808
3.000000 46.469569
4.000000 61.055388
5.000000 78.675946
6.000000 89.972218
7.000000 85.703198
8.000000 87.480526
9.000000 77.106470
10.000000 79.131392
11.000000 78.535488
12.000000 76.824120
13.000000 76.094497
14.000000 77.244606
15.000000 78.973751
16.000000 80.059400
17.000000 82.256833
18.000000 83.748513
19.000000 84.943835
20.000000 88.523118
21.000000 89.941069
22.000000 89.321510
23.000000 89.666393
24.000000 89.045146
25.000000 89.876930
26.000000 88.607411
27.000000 89.826105
28.000000 88.802178
29.000000 84.281350
30.000000 65.590755
31.000000 61.065030
32.000000 61.272526
33.000000 62.921347
34.000000 69.965311
35.000000 80.378109
36.000000 89.387055
37.000000 89.872565
38.000000 89.167399
39.000000 89.350464
40.000000 89.822810
41.000000 88.511412
42.000000 83.952378
43.000000 79.765399
44.000000 77.059724
45.000000 77.832434
46.000000 78.753681
47.000000 77.996542
48.000000 77.051339
49.000000 75.155882
50.000000 72.724120
51.000000 70.159843
52.000000 66.747050
53.000000 63.128341
54.000000 59.750204
55.000000 54.631412
56.000000 48.450179
