0.000000 30.000000
1.000000 32.861578
2.000000 37.607901
3.000000 46.489838
4.000000 61.117255
5.000000 78.716693
6.000000 89.969997
7.000000 85.752254
8.000000 87.560852
9.000000 77.214780
10.000000 79.062095
11.000000 78.336086
12.000000 76.676453
13.000000 75.862475
14.000000 77.071947
15.000000 78.887336
16.000000 79.456217
17.000000 81.761890
18.000000 81.253724
19.000000 81.721800
20.000000 84.779836
21.000000 81.339767
22.000000 77.150668
23.000000 75.865317
24.000000 71.756648
25.000000 75.553277
26.000000 77.324599
27.000000 78.485481
28.000000 70.253733
29.000000 72.464544
30.000000 78.392427
31.000000 76.786810
32.000000 78.572016
33.000000 80.843416
34.000000 82.142000
35.000000 79.271067
36.000000 75.610341
37.000000 70.380988
38.000000 69.302688
39.000000 69.832132
40.000000 68.034870
41.000000 68.097507
42.000000 67.962341
43.000000 67.431403
44.000000 69.856936
45.000000 74.408367
46.000000 80.875186
47.000000 86.274629
48.000000 88.827705
49.000000 88.946965
50.000000 86.226962
51.000000 79.886063
52.000000 70.100870
53.000000 57.504735
54.000000 46.065993
55.000000 39.187615
