0.000000 30.000000
1.000000 30.507446
2.000000 32.047964
3.000000 35.286475
4.000000 41.682230
5.000000 50.422935
6.000000 35.868156
7.000000 37.158266
8.000000 36.070975
9.000000 37.371963
10.000000 36.656938
11.000000 35.560516
12.000000 34.583996
13.000000 34.219667
14.000000 47.477306
15.000000 54.618781
16.000000 57.332200
17.000000 41.688531
18.000000 42.938204
19.000000 38.730418
20.000000 35.289165
21.000000 36.247253
22.000000 34.934983
23.000000 17.451937
24.000000 15.982680
25.000000 17.108672
26.000000 18.490882
27.000000 20.023812
28.000000 21.574665
29.000000 23.036024
30.000000 24.429084
31.000000 26.082889
32.000000 28.062576
33.000000 29.517231
34.000000 31.300166
35.000000 33.219390
36.000000 35.271514
37.000000 35.472957
38.000000 35.436975
39.000000 35.012192
40.000000 32.755381
41.000000 33.293994
42.000000 35.210603
43.000000 35.164497
44.000000 34.906903
45.000000 35.010658
46.000000 35.132584
47.000000 35.263088
48.000000 35.053924
49.000000 35.792855
50.000000 36.368204
51.000000 35.032864
52.000000 30.270412
53.000000 31.690360
