0.000000 30.000000
1.000000 30.508153
2.000000 32.051490
3.000000 35.283576
4.000000 41.645300
5.000000 50.371981
6.000000 35.814884
7.000000 37.399351
8.000000 36.392601
9.000000 37.641166
10.000000 36.971799
11.000000 33.199430
12.000000 30.578887
13.000000 41.920123
14.000000 53.317915
15.000000 59.721321
16.000000 59.067716
17.000000 43.439672
18.000000 46.116133
19.000000 45.902860
20.000000 43.221378
21.000000 41.004644
22.000000 39.007896
23.000000 40.655478
24.000000 37.706709
25.000000 39.986678
26.000000 36.667497
27.000000 36.178197
28.000000 39.714719
29.000000 40.094123
30.000000 44.955142
31.000000 44.138320
32.000000 48.064239
33.000000 43.669032
34.000000 46.812392
35.000000 49.711214
36.000000 53.348259
37.000000 48.858867
38.000000 51.918195
39.000000 54.551570
40.000000 56.709470
41.000000 58.640818
42.000000 60.471726
43.000000 62.147400
44.000000 63.532153
45.000000 64.701862
46.000000 65.605049
47.000000 66.550892
48.000000 67.543996
49.000000 68.311114
50.000000 68.687688
51.000000 69.040887
52.000000 69.318031
53.000000 69.695806
54.000000 70.216645
55.000000 70.346059
56.000000 70.324274
57.000000 70.322643
58.000000 70.291486
59.000000 70.241081
