0.000000 30.000000
1.000000 32.858354
2.000000 37.590986
3.000000 46.416838
4.000000 61.024751
5.000000 78.655067
6.000000 89.986984
7.000000 85.717942
8.000000 87.553448
9.000000 77.132681
10.000000 79.080084
11.000000 78.407770
12.000000 76.786563
13.000000 76.109595
14.000000 77.514105
15.000000 78.346907
16.000000 79.842689
17.000000 81.453475
18.000000 82.282477
19.000000 80.709060
20.000000 85.156517
21.000000 84.484255
22.000000 84.875069
23.000000 85.440856
24.000000 85.122555
25.000000 85.658903
26.000000 85.060560
27.000000 82.112999
28.000000 72.180442
29.000000 59.052863
30.000000 54.255690
31.000000 54.094750
32.000000 57.157394
33.000000 63.496971
34.000000 73.497625
35.000000 83.154945
36.000000 88.651147
37.000000 89.453195
38.000000 89.892041
39.000000 89.223711
40.000000 89.768415
41.000000 88.475962
42.000000 83.225792
43.000000 79.644137
44.000000 77.009573
45.000000 76.695400
46.000000 77.074292
47.000000 77.923020
48.000000 77.671137
49.000000 76.052213
50.000000 74.046357
51.000000 71.738043
52.000000 68.696023
53.000000 65.846491
54.000000 60.244370
55.000000 46.457677
56.000000 32.343199
