0.000000 30.000000
1.000000 30.507822
2.000000 32.051717
3.000000 35.282603
4.000000 41.649913
5.000000 50.373547
6.000000 35.789133
7.000000 37.190574
8.000000 36.129681
9.000000 37.416862
10.000000 36.652659
11.000000 35.235658
12.000000 32.174077
13.000000 37.958727
14.000000 50.243220
15.000000 57.145095
16.000000 58.296428
17.000000 42.695943
18.000000 45.109600
19.000000 41.150748
20.000000 39.024446
21.000000 35.668831
22.000000 34.481722
23.000000 36.030004
24.000000 34.887658
25.000000 35.279947
26.000000 34.502116
27.000000 27.932869
28.000000 16.040560
29.000000 16.590808
30.000000 17.410856
31.000000 18.368771
32.000000 19.433853
33.000000 20.776309
34.000000 22.576605
35.000000 24.913950
36.000000 27.607439
37.000000 29.530284
38.000000 30.567530
39.000000 32.425015
40.000000 34.499071
41.000000 37.238658
42.000000 35.891137
43.000000 36.842491
44.000000 34.819753
45.000000 33.872974
46.000000 34.398571
47.000000 36.117599
48.000000 36.237575
49.000000 36.082167
50.000000 35.736816
51.000000 35.540728
52.000000 35.366331
53.000000 36.562803
54.000000 36.521273
55.000000 36.202885
56.000000 34.923767
57.000000 28.745607
58.000000 37.008536
