0.000000 30.000000
1.000000 30.049589
2.000000 30.781480
3.000000 34.169876
4.000000 40.415594
5.000000 22.541314
6.000000 29.308739
7.000000 29.092547
8.000000 29.434615
9.000000 29.671127
10.000000 29.992542
11.000000 30.405213
12.000000 30.502042
13.000000 30.112502
14.000000 31.895102
15.000000 41.358425
16.000000 42.353695
17.000000 35.655695
18.000000 34.548931
19.000000 30.228602
20.000000 21.494612
21.000000 13.062115
22.000000 16.488057
23.000000 18.779085
24.000000 19.426462
25.000000 20.146922
26.000000 20.446579
27.000000 20.649587
28.000000 21.524833
29.000000 22.046008
30.000000 22.952614
31.000000 23.950017
32.000000 24.265094
33.000000 24.719057
34.000000 25.061699
35.000000 25.150583
36.000000 25.181230
37.000000 26.636578
38.000000 26.335495
39.000000 25.463682
40.000000 24.526622
41.000000 24.762744
42.000000 25.647815
43.000000 26.168226
44.000000 25.547113
45.000000 26.097461
46.000000 25.347196
47.000000 25.911124
48.000000 25.498872
49.000000 24.133081
50.000000 21.558844
51.000000 23.186927
52.000000 30.990097
