0.000000 30.000000
1.000000 30.506264
2.000000 32.037465
3.000000 35.255873
4.000000 41.672588
5.000000 50.347365
6.000000 35.726555
7.000000 37.024228
8.000000 35.980734
9.000000 37.203111
10.000000 36.955390
11.000000 36.453577
12.000000 36.928556
13.000000 37.900798
14.000000 39.853103
15.000000 47.505252
16.000000 53.626292
17.000000 41.735745
18.000000 36.583772
19.000000 34.778379
20.000000 36.257243
21.000000 18.543198
22.000000 22.861583
23.000000 25.985689
24.000000 26.739146
25.000000 26.219103
26.000000 26.140056
27.000000 25.791185
28.000000 26.865916
29.000000 29.810642
30.000000 32.411681
31.000000 33.381500
32.000000 33.056169
33.000000 33.165491
34.000000 33.275980
35.000000 33.482012
36.000000 33.386772
37.000000 34.485915
38.000000 33.362890
39.000000 33.760285
40.000000 33.949103
41.000000 34.538386
42.000000 33.416716
43.000000 33.792707
44.000000 34.584345
45.000000 34.033576
46.000000 34.146795
47.000000 34.220024
48.000000 35.289577
49.000000 34.669954
50.000000 33.280133
51.000000 30.790184
52.000000 34.427920
