0.000000 30.000000
1.000000 30.503113
2.000000 32.031452
3.000000 35.260210
4.000000 41.648980
5.000000 50.467321
6.000000 35.399083
7.000000 36.567959
8.000000 36.040914
9.000000 36.920689
10.000000 33.881065
11.000000 29.324134
12.000000 37.662144
13.000000 51.662926
14.000000 60.004428
15.000000 63.747401
16.000000 59.721796
17.000000 44.173207
18.000000 46.486907
19.000000 47.609926
20.000000 44.945900
21.000000 43.724227
22.000000 47.804496
23.000000 45.257487
24.000000 43.507879
25.000000 41.657070
26.000000 55.299891
27.000000 53.823459
28.000000 51.592788
29.000000 50.027013
30.000000 48.575396
31.000000 46.689606
32.000000 64.335264
33.000000 62.356583
34.000000 60.057141
35.000000 58.483637
36.000000 56.953850
37.000000 55.508425
38.000000 54.760782
39.000000 54.455944
40.000000 53.312808
41.000000 52.160340
42.000000 51.646110
43.000000 51.089702
44.000000 50.310464
45.000000 48.869673
46.000000 47.804994
47.000000 47.275057
48.000000 47.068205
49.000000 46.881733
50.000000 46.723995
51.000000 46.252512
52.000000 45.458185
53.000000 44.930381
54.000000 54.756322
55.000000 53.932970
56.000000 53.393303
57.000000 53.365008
58.000000 53.306904
59.000000 53.134009
