0.000000 30.000000
1.000000 30.500892
2.000000 32.017771
3.000000 35.212815
4.000000 41.623840
5.000000 50.352583
6.000000 35.659050
7.000000 36.950494
8.000000 35.945722
9.000000 37.201648
10.000000 37.035519
11.000000 38.012836
12.000000 39.046706
13.000000 39.144977
14.000000 40.229315
15.000000 39.545799
16.000000 42.646496
17.000000 40.026169
18.000000 40.258036
19.000000 37.112252
20.000000 31.252400
21.000000 27.926358
22.000000 30.235086
23.000000 30.248110
24.000000 30.133136
25.000000 29.441356
26.000000 29.619708
27.000000 29.042689
28.000000 29.433285
29.000000 30.962447
30.000000 32.137164
31.000000 33.760583
32.000000 34.121839
33.000000 35.107618
34.000000 35.821614
35.000000 37.115119
36.000000 37.450730
37.000000 38.841656
38.000000 36.949545
39.000000 35.319282
40.000000 35.160550
41.000000 34.703629
42.000000 35.298622
43.000000 35.969174
44.000000 35.792116
45.000000 35.887857
46.000000 35.261470
47.000000 35.105691
48.000000 35.733866
49.000000 34.134457
50.000000 30.704506
51.000000 27.042612
52.000000 32.786292
