0.000000 30.000000
1.000000 32.861062
2.000000 37.612754
3.000000 46.506879
4.000000 61.178338
5.000000 78.839663
6.000000 89.750410
7.000000 86.247822
8.000000 87.511340
9.000000 77.503168
10.000000 79.371999
11.000000 79.156689
12.000000 76.305550
13.000000 74.579533
14.000000 75.976000
15.000000 78.381375
16.000000 81.991108
17.000000 83.855117
18.000000 87.670141
19.000000 88.537144
20.000000 89.712897
21.000000 87.949588
22.000000 88.950752
23.000000 88.837629
24.000000 88.577006
25.000000 88.644360
26.000000 88.542969
27.000000 87.461112
28.000000 84.665411
29.000000 84.424647
30.000000 84.716479
31.000000 84.151127
32.000000 83.808223
33.000000 84.214527
34.000000 83.722330
35.000000 83.186127
36.000000 82.647523
37.000000 82.387129
38.000000 82.869689
39.000000 82.440598
40.000000 81.369663
41.000000 80.331343
42.000000 79.593048
43.000000 78.573641
44.000000 77.304383
45.000000 76.127301
46.000000 74.961333
47.000000 73.693829
48.000000 72.511325
49.000000 71.176847
50.000000 69.846393
51.000000 68.387356
52.000000 66.846602
53.000000 65.583848
54.000000 64.224653
55.000000 62.918363
56.000000 61.855458
57.000000 60.748120
58.000000 59.646508
59.000000 58.568838
