0.000000 30.000000
1.000000 32.862183
2.000000 37.609030
3.000000 46.499514
4.000000 61.178547
5.000000 78.846073
6.000000 89.996587
7.000000 85.686891
8.000000 87.504971
9.000000 77.170153
10.000000 79.259862
11.000000 78.608103
12.000000 76.652030
13.000000 75.640696
14.000000 76.770337
15.000000 78.182486
16.000000 80.536475
17.000000 82.600518
18.000000 85.448655
19.000000 88.636175
20.000000 89.884783
21.000000 89.629667
22.000000 89.888947
23.000000 88.669382
24.000000 86.587708
25.000000 89.180014
26.000000 89.042600
27.000000 89.749216
28.000000 88.633554
29.000000 88.608092
30.000000 84.650069
31.000000 79.053807
32.000000 75.782693
33.000000 76.600641
34.000000 48.428067
35.000000 55.306888
36.000000 62.685139
37.000000 71.380906
38.000000 79.121031
39.000000 86.659878
40.000000 88.999386
41.000000 89.782444
42.000000 88.564982
43.000000 89.840887
44.000000 88.584036
45.000000 86.219681
46.000000 84.399736
47.000000 84.315441
48.000000 83.331363
49.000000 82.726178
50.000000 82.518298
51.000000 81.310867
52.000000 80.593277
53.000000 79.005322
54.000000 75.638645
55.000000 69.407852
56.000000 56.912680
57.000000 55.846026
