0.000000 30.000000
1.000000 30.502819
2.000000 32.021283
3.000000 35.230545
4.000000 41.663159
5.000000 50.384763
6.000000 35.717020
7.000000 37.011928
8.000000 36.027154
9.000000 37.247734
10.000000 37.094987
11.000000 38.015603
12.000000 39.068627
13.000000 39.056771
14.000000 40.301997
15.000000 40.920907
16.000000 45.414655
17.000000 42.192428
18.000000 42.177242
19.000000 40.782595
20.000000 35.680204
21.000000 25.273317
22.000000 23.746558
23.000000 26.666458
24.000000 27.881802
25.000000 28.719968
26.000000 28.078483
27.000000 27.190971
28.000000 27.728898
29.000000 28.984261
30.000000 30.748776
31.000000 32.440396
32.000000 33.437899
33.000000 32.957443
34.000000 34.033602
35.000000 33.681149
36.000000 34.712617
37.000000 35.798271
38.000000 34.495371
39.000000 32.632299
40.000000 32.270300
41.000000 32.653540
42.000000 34.215923
43.000000 35.022573
44.000000 35.103322
45.000000 33.330654
46.000000 33.841789
47.000000 34.172050
48.000000 32.961120
49.000000 31.859515
50.000000 27.676080
51.000000 28.841117
