0.000000 30.000000
1.000000 32.861470
2.000000 37.609170
3.000000 46.492220
4.000000 61.087268
5.000000 78.718385
6.000000 89.979487
7.000000 85.706025
8.000000 87.562417
9.000000 77.170631
10.000000 79.008232
11.000000 78.430861
12.000000 76.668086
13.000000 75.838493
14.000000 76.943157
15.000000 78.492710
16.000000 79.703818
17.000000 82.005608
18.000000 83.679800
19.000000 85.283816
20.000000 88.860206
21.000000 89.899466
22.000000 88.790487
23.000000 89.841392
24.000000 88.668640
25.000000 88.923341
26.000000 89.929198
27.000000 89.897958
28.000000 89.842953
29.000000 88.976021
30.000000 67.977222
31.000000 62.954601
32.000000 61.992277
33.000000 63.258918
34.000000 69.334809
35.000000 78.969646
36.000000 87.704252
37.000000 88.846691
38.000000 89.862251
39.000000 89.590813
40.000000 88.695622
41.000000 87.745602
42.000000 84.625619
43.000000 79.796637
44.000000 76.611946
45.000000 76.924324
46.000000 77.942103
47.000000 77.842389
48.000000 76.150993
49.000000 74.580421
50.000000 73.010180
51.000000 69.962500
52.000000 66.966554
53.000000 64.167171
54.000000 62.723436
55.000000 62.188315
56.000000 61.859862
57.000000 68.406559
