0.000000 30.000000
1.000000 30.049218
2.000000 30.784930
3.000000 34.177140
4.000000 40.434542
5.000000 22.726660
6.000000 29.883023
7.000000 29.002477
8.000000 30.021252
9.000000 28.053464
10.000000 20.622878
11.000000 30.748886
12.000000 42.338347
13.000000 55.395959
14.000000 62.542962
15.000000 62.517908
16.000000 37.937601
17.000000 41.884958
18.000000 41.507738
19.000000 40.241718
20.000000 41.241449
21.000000 39.022746
22.000000 37.886281
23.000000 35.372251
24.000000 33.260892
25.000000 31.234846
26.000000 28.637122
27.000000 25.778496
28.000000 23.405027
29.000000 34.942171
30.000000 32.182732
31.000000 28.611392
32.000000 48.990067
33.000000 46.347892
34.000000 44.123821
35.000000 42.264503
36.000000 40.272755
37.000000 38.656068
38.000000 36.993672
39.000000 35.701772
40.000000 34.635010
41.000000 49.758197
42.000000 49.254968
43.000000 48.595026
44.000000 47.911928
45.000000 47.168725
46.000000 46.495196
47.000000 45.944461
48.000000 45.303035
49.000000 44.824017
50.000000 44.155779
51.000000 43.080503
52.000000 42.107836
53.000000 41.117592
54.000000 40.063250
55.000000 38.956161
56.000000 38.145458
57.000000 37.544344
58.000000 37.127932
59.000000 36.645519
