0.000000 30.000000
1.000000 32.858869
2.000000 37.593040
3.000000 46.448516
4.000000 61.076983
5.000000 78.711140
6.000000 89.970554
7.000000 85.779238
8.000000 87.602900
9.000000 77.238104
10.000000 79.015594
11.000000 78.520598
12.000000 76.776653
13.000000 76.023708
14.000000 77.137688
15.000000 78.756538
16.000000 79.863746
17.000000 81.879022
18.000000 83.360744
19.000000 83.348227
20.000000 87.501083
21.000000 89.352122
22.000000 88.817677
23.000000 89.320513
24.000000 89.948780
25.000000 89.878821
26.000000 89.848694
27.000000 89.807250
28.000000 85.975422
29.000000 70.448995
30.000000 60.561959
31.000000 57.510306
32.000000 59.270852
33.000000 63.062795
34.000000 72.249923
35.000000 83.830657
36.000000 89.275366
37.000000 89.950974
38.000000 89.120795
39.000000 89.691734
40.000000 88.418620
41.000000 87.086404
42.000000 82.734366
43.000000 76.057258
44.000000 76.646854
45.000000 77.999298
46.000000 78.408923
47.000000 78.095058
48.000000 77.041243
49.000000 74.509704
50.000000 71.691779
51.000000 69.845502
52.000000 67.068660
53.000000 63.466626
54.000000 55.283059
55.000000 43.389232
56.000000 35.013928
