0.000000 30.000000
1.000000 32.862053
2.000000 37.608800
3.000000 46.503867
4.000000 61.209209
5.000000 78.872275
6.000000 89.978798
7.000000 85.698199
8.000000 87.445392
9.000000 77.106965
10.000000 79.133836
11.000000 78.529375
12.000000 76.636229
13.000000 75.524239
14.000000 76.583690
15.000000 78.218540
16.000000 80.211508
17.000000 82.931867
18.000000 82.996877
19.000000 88.024440
20.000000 88.541180
21.000000 88.896366
22.000000 87.697776
23.000000 84.024961
24.000000 85.131295
25.000000 87.022091
26.000000 87.028943
27.000000 86.112616
28.000000 82.665975
29.000000 78.670427
30.000000 71.385673
31.000000 71.772086
32.000000 50.468169
33.000000 57.181307
34.000000 63.634111
35.000000 71.515234
36.000000 79.712581
37.000000 85.992778
38.000000 89.282186
39.000000 89.858786
40.000000 89.807225
41.000000 89.843536
42.000000 89.973261
43.000000 85.919968
44.000000 84.730629
45.000000 83.905819
46.000000 82.954843
47.000000 82.424097
48.000000 81.673405
49.000000 80.408580
50.000000 78.759390
51.000000 77.195349
52.000000 74.675343
53.000000 69.499275
54.000000 58.262092
55.000000 48.770823
