0.000000 30.000000
1.000000 30.049674
2.000000 30.782390
3.000000 34.169484
4.000000 40.415954
5.000000 22.533209
6.000000 29.329782
7.000000 29.090613
8.000000 29.425504
9.000000 29.697771
10.000000 29.907395
11.000000 28.556654
12.000000 28.165249
13.000000 29.441766
14.000000 38.743410
15.000000 47.989724
16.000000 39.679878
17.000000 30.623113
18.000000 26.817230
19.000000 24.881631
20.000000 13.962141
21.000000 18.543198
22.000000 21.360564
23.000000 21.495874
24.000000 20.468048
25.000000 19.371617
26.000000 19.501165
27.000000 20.810035
28.000000 22.859697
29.000000 24.198617
30.000000 25.419564
31.000000 24.944172
32.000000 25.233343
33.000000 25.510654
34.000000 25.231389
35.000000 25.215940
36.000000 26.013965
37.000000 26.223151
38.000000 25.603804
39.000000 26.084039
40.000000 26.040044
41.000000 26.394820
42.000000 26.610423
43.000000 25.797661
44.000000 26.750321
45.000000 26.074703
46.000000 26.199815
47.000000 26.246901
48.000000 27.051954
49.000000 25.962954
50.000000 23.978535
51.000000 23.373520
52.000000 34.427920
