0.000000 30.000000
1.000000 30.049274
2.000000 30.783902
3.000000 34.177896
4.000000 40.439141
5.000000 22.564016
6.000000 29.568666
7.000000 29.596251
8.000000 30.207451
9.000000 29.087512
10.000000 25.421016
11.000000 21.443362
12.000000 32.299671
13.000000 47.045539
14.000000 57.028962
15.000000 60.603011
16.000000 50.709511
17.000000 39.032144
18.000000 34.001214
19.000000 36.998786
20.000000 36.124744
21.000000 31.131874
22.000000 31.300722
23.000000 30.064744
24.000000 29.335439
25.000000 31.211863
26.000000 29.114063
27.000000 27.346211
28.000000 25.823364
29.000000 27.838920
30.000000 27.304670
31.000000 26.712715
32.000000 25.738951
33.000000 30.998976
34.000000 29.978758
35.000000 28.379233
36.000000 42.220668
37.000000 41.526751
38.000000 40.046609
39.000000 38.319318
40.000000 37.278341
41.000000 36.084671
42.000000 34.566369
43.000000 45.242015
44.000000 44.540713
45.000000 43.802454
46.000000 42.920128
47.000000 41.877082
48.000000 40.910419
49.000000 39.879007
50.000000 38.977218
51.000000 38.060528
52.000000 37.491363
53.000000 37.204860
54.000000 36.670974
55.000000 36.051125
56.000000 35.404760
57.000000 34.865221
58.000000 34.546263
59.000000 34.134167
