0.000000 30.000000
1.000000 32.862478
2.000000 37.606805
3.000000 46.494395
4.000000 61.114190
5.000000 78.745049
6.000000 89.748795
7.000000 85.968478
8.000000 87.686366
9.000000 77.371369
10.000000 79.302612
11.000000 78.895598
12.000000 77.018879
13.000000 74.708345
14.000000 75.861053
15.000000 77.487833
16.000000 82.361859
17.000000 83.143036
18.000000 88.794437
19.000000 89.886159
20.000000 89.447545
21.000000 87.169973
22.000000 86.513700
23.000000 88.418073
24.000000 88.708884
25.000000 88.636668
26.000000 89.955521
27.000000 89.899885
28.000000 88.347584
29.000000 83.524948
30.000000 81.760726
31.000000 80.775814
32.000000 81.549528
33.000000 82.107711
34.000000 82.324743
35.000000 82.463462
36.000000 83.007324
37.000000 82.824688
38.000000 82.240601
39.000000 82.734236
40.000000 83.771714
41.000000 84.247770
42.000000 84.211824
43.000000 83.785043
44.000000 83.520288
45.000000 83.991748
46.000000 84.413850
47.000000 84.974293
48.000000 85.717699
49.000000 86.223460
50.000000 86.487841
51.000000 86.977029
52.000000 87.796080
53.000000 88.460805
54.000000 88.686163
55.000000 88.984835
56.000000 89.322532
57.000000 89.487090
58.000000 89.492432
59.000000 89.463781
