0.000000 30.000000
1.000000 30.049401
2.000000 30.775135
3.000000 34.157468
4.000000 40.408882
5.000000 22.502777
6.000000 29.273955
7.000000 29.070617
8.000000 29.430966
9.000000 29.600507
10.000000 29.943986
11.000000 30.471913
12.000000 30.774033
13.000000 30.054978
14.000000 31.024155
15.000000 39.630402
16.000000 38.704092
17.000000 33.677493
18.000000 31.136616
19.000000 27.032545
20.000000 16.792565
21.000000 16.022363
22.000000 19.043793
23.000000 20.615114
24.000000 21.935738
25.000000 21.615994
26.000000 20.473256
27.000000 20.686677
28.000000 21.992380
29.000000 23.378901
30.000000 24.062063
31.000000 24.921625
32.000000 25.056481
33.000000 25.348057
34.000000 25.410466
35.000000 25.549956
36.000000 25.854093
37.000000 26.521028
38.000000 25.773122
39.000000 25.115176
40.000000 24.543079
41.000000 24.585804
42.000000 25.498298
43.000000 26.721113
44.000000 26.276865
45.000000 25.618850
46.000000 25.703579
47.000000 25.420710
48.000000 24.395108
49.000000 21.279701
50.000000 22.110155
51.000000 29.895992
