0.000000 30.000000
1.000000 30.049632
2.000000 30.781889
3.000000 34.174562
4.000000 40.425575
5.000000 22.544491
6.000000 29.341171
7.000000 29.110254
8.000000 29.490134
9.000000 29.761044
10.000000 30.020269
11.000000 30.275811
12.000000 30.261851
13.000000 30.135818
14.000000 34.879886
15.000000 44.934486
16.000000 40.261694
17.000000 29.176890
18.000000 25.733740
19.000000 19.910950
20.000000 15.863134
21.000000 20.297486
22.000000 21.232770
23.000000 20.866419
24.000000 19.924246
25.000000 19.700796
26.000000 20.663000
27.000000 22.015036
28.000000 24.051442
29.000000 24.857346
30.000000 25.127224
31.000000 26.190938
32.000000 26.757863
33.000000 25.519252
34.000000 24.612363
35.000000 24.187221
36.000000 25.419312
37.000000 26.364404
38.000000 25.923375
39.000000 25.713643
40.000000 25.706735
41.000000 26.052049
42.000000 26.214720
43.000000 26.039882
44.000000 25.880334
45.000000 26.991309
46.000000 26.988248
47.000000 26.267696
48.000000 27.040129
49.000000 24.229994
50.000000 18.571658
51.000000 24.843657
