0.000000 30.000000
1.000000 32.858752
2.000000 37.593609
3.000000 46.432339
4.000000 61.082718
5.000000 78.736099
6.000000 89.975787
7.000000 85.758960
8.000000 87.573295
9.000000 77.087967
10.000000 79.092403
11.000000 78.512083
12.000000 76.776848
13.000000 75.978933
14.000000 77.174569
15.000000 78.903663
16.000000 79.559041
17.000000 81.944653
18.000000 82.725647
19.000000 82.804904
20.000000 86.901669
21.000000 88.735269
22.000000 87.729649
23.000000 88.730486
24.000000 89.848010
25.000000 89.904100
26.000000 89.793690
27.000000 89.785044
28.000000 86.275668
29.000000 66.350691
30.000000 59.498373
31.000000 57.648382
32.000000 59.173054
33.000000 63.881837
34.000000 73.304704
35.000000 83.349838
36.000000 89.707878
37.000000 89.841115
38.000000 89.876597
39.000000 89.830209
40.000000 89.807945
41.000000 87.931399
42.000000 81.872381
43.000000 76.318402
44.000000 76.380452
45.000000 77.675807
46.000000 78.925987
47.000000 78.682243
48.000000 77.012486
49.000000 75.411582
50.000000 72.806724
51.000000 70.306754
52.000000 67.830507
53.000000 64.164216
54.000000 55.539270
55.000000 42.046233
