0.000000 30.000000
1.000000 32.862328
2.000000 37.606279
3.000000 46.486835
4.000000 61.139159
5.000000 78.785854
6.000000 89.971285
7.000000 85.771227
8.000000 87.534467
9.000000 77.170380
10.000000 79.148032
11.000000 78.717908
12.000000 76.995517
13.000000 75.700385
14.000000 76.816239
15.000000 77.613194
16.000000 81.289681
17.000000 81.725305
18.000000 87.918389
19.000000 89.160020
20.000000 89.913583
21.000000 89.849440
22.000000 89.812499
23.000000 87.713458
24.000000 88.949984
25.000000 88.995029
26.000000 89.724432
27.000000 89.545231
28.000000 89.988463
29.000000 89.055096
30.000000 88.698290
31.000000 84.776609
32.000000 83.881838
33.000000 81.964708
34.000000 84.247851
35.000000 86.305461
36.000000 87.720554
37.000000 89.143000
38.000000 86.547379
39.000000 48.888344
40.000000 56.295946
41.000000 66.443472
42.000000 77.309469
43.000000 83.253606
44.000000 89.596406
45.000000 89.985327
46.000000 88.087093
47.000000 87.789475
48.000000 89.930485
49.000000 87.002188
50.000000 84.265240
51.000000 84.822821
52.000000 84.992040
53.000000 84.773746
54.000000 84.011581
55.000000 83.235715
56.000000 82.459203
57.000000 82.502943
58.000000 80.342877
59.000000 75.588285
