0.000000 30.000000
1.000000 30.047659
2.000000 30.865427
3.000000 34.312362
4.000000 40.582487
5.000000 22.639089
6.000000 29.441159
7.000000 29.174590
8.000000 29.547913
9.000000 29.748013
10.000000 30.013545
11.000000 30.710425
12.000000 30.999923
13.000000 30.121888
14.000000 31.030437
15.000000 30.419990
16.000000 31.638587
17.000000 31.183136
18.000000 30.946702
19.000000 31.094447
20.000000 30.741093
21.000000 30.632306
22.000000 30.310477
23.000000 30.094170
24.000000 30.157294
25.000000 29.745210
26.000000 29.258130
27.000000 30.100828
28.000000 29.490136
29.000000 29.289791
30.000000 29.464337
31.000000 29.763009
32.000000 31.995056
33.000000 30.479798
34.000000 30.232084
35.000000 28.814118
36.000000 29.058273
37.000000 28.999859
38.000000 28.328158
39.000000 28.956485
40.000000 27.659115
41.000000 27.750954
42.000000 27.828658
43.000000 27.796962
44.000000 27.471905
45.000000 26.506173
46.000000 23.523920
47.000000 22.199545
48.000000 29.369146
