0.000000 0.000000 0.000000 0.000000
0.500000 0.172102 0.187575 -0.023284
1.000000 0.212232 0.242922 -0.039137
1.500000 0.382393 0.481891 -0.114624
2.000000 0.726619 0.974809 -0.354045
2.500000 1.169956 1.387541 -0.597365
3.000000 1.664565 1.786937 -0.773732
3.500000 2.282809 2.237671 -0.980868
4.000000 2.975349 2.507348 -0.991544
4.500000 3.548047 2.502766 -1.026714
5.000000 4.070426 2.455911 -1.076736
5.500000 4.448246 2.414572 -1.268530
6.000000 4.782516 2.201921 -1.407783
6.500000 4.799777 1.606460 -1.368436
7.000000 4.658536 1.058636 -1.168556
7.500000 4.098520 0.525444 -0.859685
8.000000 3.467141 0.285541 -0.909482
8.500000 3.206407 0.257019 -1.160219
9.000000 3.245560 0.288975 -1.270079
9.500000 3.469616 0.237020 -1.082951
10.000000 3.539820 0.214184 -0.830010
10.500000 3.270320 0.162680 -0.678845
11.000001 3.057428 0.119589 -0.625250
11.500000 2.921608 0.100678 -0.676293
12.000001 2.801285 0.100348 -0.675206
12.500000 2.736959 0.091295 -0.633528
13.000001 2.844102 0.114491 -0.504018
13.500000 2.947943 0.141064 -0.373827
14.000000 3.148464 0.188521 -0.228302
14.500001 3.472260 0.265502 -0.006829
15.000000 3.847151 0.377434 0.105141
15.500001 4.154581 0.465025 0.089734
16.000000 4.073177 0.533774 0.055014
16.500000 3.741697 0.570205 -0.114288
17.000000 3.671891 0.683404 -0.132959
17.500000 3.326502 0.513268 -0.210808
18.000000 3.265465 0.419354 -0.224634
18.500000 3.014901 0.339090 -0.193073
19.000000 2.928505 0.302910 -0.190105
19.500000 2.676949 0.192058 -0.163062
20.000000 2.565541 0.104900 -0.138467
20.500000 2.465849 0.067271 -0.121778
21.000000 2.362458 0.026714 -0.132971
21.500000 2.303174 0.026197 -0.172893
22.000002 2.275363 0.038436 -0.178584
22.500002 2.104892 0.089632 -0.161549
23.000000 2.275164 0.137974 -0.133717
23.500000 2.283328 0.141375 -0.197519
24.000002 2.117809 0.146437 -0.219313
24.500002 2.315297 0.135047 -0.223860
25.000000 2.148157 0.118033 -0.227738
25.500000 2.293138 0.093616 -0.227715
26.000002 2.398841 0.086359 -0.258361
26.500002 2.512270 0.072850 -0.246029
27.000000 2.527084 0.057811 -0.263249
27.500000 2.772503 0.050864 -0.216130
28.000000 2.728799 0.047428 -0.331824
28.500002 2.888751 0.049485 -0.366490
29.000002 2.770268 0.052522 -0.469963
29.500000 2.930290 0.026423 -0.559289
30.000000 2.798029 0.030572 -0.694367
30.500002 2.819613 0.039649 -0.794971
31.000002 2.969128 0.037451 -0.834348
31.500000 3.091545 0.021645 -0.788611
32.000000 3.268184 0.032640 -0.775898
32.500000 3.414933 0.033964 -0.652830
33.000000 3.646575 0.022247 -0.388997
33.500000 3.808414 0.014343 -0.148647
34.000000 4.111526 0.021206 0.125805
34.500004 4.524095 0.009009 0.456372
35.000000 4.979138 0.019436 0.667744
35.500000 5.191539 0.026888 0.748848
36.000000 5.449786 0.014184 0.591578
36.500004 5.499948 0.015587 0.436426
37.000000 5.489958 0.027428 0.424425
37.500000 5.516633 0.047631 0.423843
38.000000 5.456466 0.045986 0.463366
38.500004 5.109390 0.022310 0.337500
39.000000 4.892161 -0.000907 0.292118
39.500000 4.730692 -0.004309 0.219102
40.000000 4.379839 -0.004909 0.155432
40.500000 4.397010 -0.005047 0.025665
41.000000 4.414946 -0.005183 -0.069668
41.500000 4.591496 -0.005274 -0.062013
42.000000 5.054804 -0.005220 -0.060209
42.500004 5.289874 -0.005099 -0.003050
43.000000 5.580829 -0.005042 0.024103
43.500000 5.847826 -0.005017 0.075717
44.000004 5.659902 -0.004945 0.061787
44.500000 5.769629 -0.004708 0.113440
45.000004 5.418954 -0.004976 0.033999
45.500000 5.357515 -0.005047 -0.011094
46.000000 5.412239 -0.005052 -0.010588
46.500004 5.335655 -0.005039 -0.070329
47.000000 5.422874 -0.004886 -0.098152
47.500000 5.387052 -0.005254 -0.126928
48.000004 5.516547 -0.005308 -0.203283
48.500000 5.810993 -0.005484 -0.333276
49.000004 6.132300 -0.005525 -0.454544
49.500000 6.399003 -0.005667 -0.548188
50.000000 5.950203 -0.005856 -0.621334
50.500004 4.778825 -0.005887 -0.749548
51.000000 3.513625 -0.006048 -0.898588
51.500004 2.310486 -0.006377 -1.058892
52.000004 1.067100 -0.006347 -1.089828
52.500000 -0.061031 -0.006123 -0.951393
53.000004 -0.552709 -0.005900 -0.942589
53.500000 -1.434092 -0.005708 -0.729261
54.000000 -1.946879 -0.005548 -0.604622
54.500004 -1.905044 -0.005255 -0.454461
55.000000 -1.658723 -0.004725 -0.111555
55.500004 -1.375277 -0.004418 0.223864
56.000000 -0.425046 -0.004314 0.483046
56.500000 -0.300485 -0.004139 0.678861
57.000004 -0.315980 0.002309 0.570945
57.500000 -0.881164 -0.004519 0.453853
58.000004 -1.348139 -0.004676 0.293899
58.500004 -1.925468 -0.005650 0.060897
59.000000 -2.150243 -0.007911 -0.019897
59.500004 -2.039939 -0.010790 -0.051660
60.000000 -1.798626 -0.015573 -0.085479
