0.000000 0.000000 0.000000 0.000000
0.500000 0.172231 0.187878 -0.023373
1.000000 0.212429 0.243381 -0.039298
1.500000 0.382674 0.482637 -0.114971
2.000000 0.729736 0.980170 -0.356501
2.500000 1.170733 1.387518 -0.596669
3.000000 1.671991 1.791584 -0.776544
3.500000 2.293539 2.244718 -0.981435
4.000000 2.995226 2.527363 -0.996200
4.500000 3.546766 2.488347 -1.019642
5.000000 4.083946 2.466369 -1.077833
5.500000 4.500315 2.437713 -1.262051
6.000000 4.742605 2.180274 -1.409254
6.500000 4.796007 1.596966 -1.357771
7.000000 4.643466 1.042416 -1.151639
7.500000 4.087780 0.522826 -0.854623
8.000000 3.473248 0.295262 -0.938353
8.500000 3.203554 0.256644 -1.162511
9.000000 3.268143 0.274903 -1.258083
9.500000 3.403691 0.208999 -1.083563
10.000000 3.420757 0.195674 -0.834220
10.500000 3.173194 0.165142 -0.692136
11.000001 2.928982 0.136421 -0.603957
11.500000 2.792186 0.124251 -0.605884
12.000001 2.768592 0.126683 -0.595886
12.500000 2.786557 0.127453 -0.545443
13.000001 2.871601 0.150255 -0.429623
13.500000 3.082927 0.191900 -0.262615
14.000000 3.256043 0.240948 -0.138677
14.500001 3.535048 0.319241 0.023932
15.000000 3.934065 0.425476 0.107230
15.500001 4.078218 0.526703 0.055000
16.000000 4.094283 0.745392 -0.050372
16.500000 3.881812 0.871094 -0.132357
17.000000 3.559441 0.849981 -0.145494
17.500000 3.427161 0.543645 -0.196660
18.000000 3.067849 0.209026 -0.118617
18.500000 2.836493 0.043969 -0.048196
19.000000 2.511973 0.036377 0.019470
19.500000 2.162148 0.066019 0.106018
20.000000 1.918710 0.041703 0.171335
20.500000 1.679847 0.000982 0.198476
21.000000 1.625413 -0.073992 0.206106
21.500000 1.439404 -0.281919 0.188669
22.000002 1.343214 -0.388224 0.238171
22.500002 1.318712 -0.534722 0.192590
23.000000 1.301465 -0.573206 0.210357
23.500000 1.238099 -0.645632 0.232607
24.000002 1.328779 -0.598897 0.245510
24.500002 1.345490 -0.559923 0.245071
25.000000 1.318021 -0.514263 0.198699
25.500000 1.471721 -0.420930 0.156848
26.000002 1.361929 -0.384625 0.104619
26.500002 1.344796 -0.337591 0.085221
27.000000 1.304265 -0.286534 0.001868
27.500000 1.275233 -0.244674 -0.081021
28.000000 1.461348 -0.123386 -0.163641
28.500002 1.408074 -0.089330 -0.197058
29.000002 1.427063 -0.029670 -0.275926
29.500000 1.447343 -0.006395 -0.280960
30.000000 1.599067 -0.005665 -0.389106
30.500002 1.673735 -0.005783 -0.421432
31.000002 1.886082 -0.005692 -0.488275
31.500000 2.053730 -0.005615 -0.491963
32.000000 2.348307 -0.001354 -0.512308
32.500000 2.607716 0.051239 -0.473201
33.000000 2.829589 0.030618 -0.424812
33.500000 3.082402 0.048682 -0.349917
34.000000 3.313764 0.162072 -0.326640
34.500004 3.631826 0.155260 -0.258146
35.000000 4.057577 0.214646 -0.121702
35.500000 4.388012 0.246967 -0.019954
36.000000 4.900096 0.290666 0.100785
36.500004 5.130013 0.253864 0.231049
37.000000 5.256450 0.253577 0.248067
37.500000 5.440712 0.202284 0.286510
38.000000 5.389574 0.170224 0.329272
38.500004 5.358112 0.101849 0.445890
39.000000 4.996808 0.006682 0.542168
39.500000 5.056533 -0.004418 0.667459
40.000000 5.218826 -0.003774 0.769790
40.500000 5.648582 -0.004231 0.833552
41.000000 5.593601 -0.004489 0.701344
41.500000 5.315758 -0.004671 0.567495
42.000000 5.159165 -0.004821 0.385469
42.500004 4.984485 -0.005066 0.254653
43.000000 5.021426 -0.005658 0.264620
43.500000 4.942708 -0.011198 0.279115
44.000004 5.406748 -0.020691 0.254023
44.500000 5.667685 -0.024485 0.268966
45.000004 5.601092 -0.024824 0.222320
45.500000 5.628110 -0.024933 0.160682
46.000000 5.811960 -0.024531 0.135445
46.500004 5.895303 -0.013946 0.189748
47.000000 5.998388 -0.010758 0.170364
47.500000 6.156178 -0.005826 0.165378
48.000004 6.338664 -0.005139 0.142923
48.500000 6.254004 -0.005227 0.081835
49.000004 6.539567 -0.005194 0.073757
49.500000 6.437272 -0.005276 0.016703
50.000000 6.517933 -0.005298 0.009036
50.500004 7.149863 -0.006109 -0.104571
51.000000 7.502857 -0.039476 -0.245264
51.500004 7.817388 -0.039432 -0.303343
52.000004 7.262805 -0.034142 -0.312754
52.500000 5.801320 -0.055670 -0.475640
53.000004 3.925569 -0.234904 -0.668903
53.500000 2.246651 -0.250580 -0.796291
54.000000 0.910290 -0.214000 -0.851993
54.500004 -0.158692 -0.173120 -0.878329
55.000000 -1.284218 -0.020122 -0.813011
55.500004 -1.841991 -0.006001 -0.642489
56.000000 -2.091033 -0.005769 -0.494091
56.500000 -1.892224 -0.004077 -0.314412
57.000004 -2.159739 0.002176 -0.137646
57.500000 -1.771448 -0.004674 -0.079224
58.000004 -1.697747 -0.004946 0.002695
58.500004 -1.346658 -0.012633 -0.055674
59.000000 -1.534076 -0.221043 -0.046983
59.500004 -1.520897 -0.305519 -0.093562
60.000000 -1.288258 -0.355295 -0.142475
