0.000000 0.000000 0.000000 0.000000
0.500000 0.172344 0.187981 -0.023438
1.000000 0.212556 0.243534 -0.039381
1.500000 0.382984 0.483253 -0.115306
2.000000 0.729833 0.980138 -0.356736
2.500000 1.170526 1.386366 -0.596547
3.000000 1.671512 1.791730 -0.776268
3.500000 2.289218 2.243033 -0.980890
4.000000 2.996889 2.532973 -0.993980
4.500000 3.552619 2.503631 -1.021306
5.000000 4.069026 2.466388 -1.079599
5.500000 4.411033 2.438000 -1.250938
6.000000 4.604095 2.267523 -1.350786
6.500000 4.583493 1.641053 -1.324764
7.000000 4.527086 1.077993 -1.126252
7.500000 4.063358 0.537750 -0.871257
8.000000 3.490622 0.293703 -0.940092
8.500000 3.252237 0.269173 -1.195974
9.000000 3.211591 0.260430 -1.277985
9.500000 3.357266 0.218098 -1.082746
10.000000 3.301907 0.186475 -0.826883
10.500000 3.136240 0.184172 -0.701403
11.000001 2.842914 0.166639 -0.643058
11.500000 2.731410 0.148272 -0.612324
12.000001 2.738076 0.128610 -0.600321
12.500000 2.736012 0.136756 -0.551543
13.000001 2.851621 0.172739 -0.403890
13.500000 2.969912 0.209847 -0.254507
14.000000 3.151264 0.267992 -0.131642
14.500001 3.483902 0.331552 -0.003868
15.000000 3.858666 0.395973 0.089397
15.500001 3.996039 0.488470 0.056022
16.000000 4.004868 0.689627 -0.088864
16.500000 3.718867 0.819813 -0.126284
17.000000 3.245476 0.801996 -0.087780
17.500000 2.792093 0.714594 0.140405
18.000000 2.315230 0.138482 0.181621
18.500000 2.077494 0.008518 0.169728
19.000000 1.706499 0.015343 0.230131
19.500000 1.379184 0.027435 0.353043
20.000000 1.271239 0.006260 0.378567
20.500000 1.071500 -0.041002 0.395637
21.000000 0.919328 -0.096016 0.455482
21.500000 0.797309 -0.143789 0.502709
22.000002 0.706958 -0.263478 0.517102
22.500002 0.732275 -0.316140 0.568994
23.000000 0.845534 -0.285187 0.594044
23.500000 0.834866 -0.305965 0.581532
24.000002 0.744918 -0.315240 0.576222
24.500002 0.709818 -0.363605 0.573095
25.000000 0.748063 -0.352016 0.556167
25.500000 0.785798 -0.358014 0.520259
26.000002 0.646946 -0.396956 0.500187
26.500002 0.563626 -0.397961 0.498202
27.000000 0.618923 -0.362315 0.481717
27.500000 0.585626 -0.346464 0.489140
28.000000 0.590060 -0.324585 0.450030
28.500002 0.551535 -0.319567 0.427062
29.000002 0.490926 -0.356409 0.421706
29.500000 0.462279 -0.357941 0.413731
30.000000 0.460428 -0.334269 0.415806
30.500002 0.434615 -0.336630 0.394409
31.000002 0.405859 -0.340243 0.369779
31.500000 0.388857 -0.326814 0.373748
32.000000 0.353314 -0.318911 0.339410
32.500000 0.362732 -0.300272 0.339729
33.000000 0.323961 -0.311372 0.325096
33.500000 0.359132 -0.281182 0.302595
34.000000 0.306833 -0.308384 0.337005
34.500004 0.291219 -0.286403 0.335000
35.000000 0.321438 -0.242336 0.301459
35.500000 0.314897 -0.243130 0.307249
36.000000 0.285813 -0.234951 0.305226
36.500004 0.290631 -0.232576 0.291724
37.000000 0.241684 -0.248802 0.272941
37.500000 0.217366 -0.235096 0.283038
38.000000 0.185960 -0.236720 0.286309
38.500004 0.217246 -0.212373 0.304516
39.000000 0.142205 -0.229413 0.298356
39.500000 0.143411 -0.198654 0.299891
40.000000 0.121532 -0.195059 0.283429
40.500000 0.120553 -0.182132 0.273742
41.000000 0.102921 -0.186713 0.267792
41.500000 0.095213 -0.185312 0.268322
42.000000 0.081923 -0.185200 0.264339
42.500004 0.098184 -0.144801 0.254029
43.000000 0.077788 -0.145573 0.274094
43.500000 0.068664 -0.137095 0.271852
44.000004 0.066976 -0.139857 0.268255
44.500000 0.065296 -0.129871 0.244778
45.000004 0.045286 -0.144408 0.246459
45.500000 0.033120 -0.141456 0.239713
46.000000 0.044387 -0.122047 0.239845
46.500004 0.046264 -0.114921 0.235929
47.000000 0.037771 -0.120797 0.224259
47.500000 0.046464 -0.131451 0.224759
48.000004 0.019137 -0.154300 0.219437
48.500000 0.042145 -0.135836 0.211659
49.000004 0.007531 -0.172156 0.211804
49.500000 0.003440 -0.179357 0.215187
50.000000 0.014571 -0.167632 0.210717
50.500004 0.031881 -0.147146 0.202604
51.000000 0.077047 -0.080872 0.186044
51.500004 0.078336 -0.066151 0.180368
52.000004 0.084866 -0.056345 0.185302
52.500000 0.104957 -0.037877 0.184716
53.000004 0.084919 -0.042063 0.172400
53.500000 0.057540 -0.060081 0.169566
54.000000 0.060708 -0.060250 0.174548
54.500004 0.053732 -0.058259 0.177968
55.000000 0.010452 -0.063060 0.182934
55.500004 0.040196 -0.045271 0.184292
56.000000 0.042501 -0.042807 0.174342
56.500000 0.033631 -0.044816 0.161710
57.000004 0.046618 -0.047493 0.158091
57.500000 0.084638 -0.033234 0.163158
58.000004 0.073751 -0.034957 0.156191
58.500004 0.059165 -0.040019 0.153272
59.000000 0.042556 -0.048628 0.149948
59.500004 0.046819 -0.054525 0.147604
60.000000 0.047507 -0.071804 0.151400
60.500000 0.058840 -0.074162 0.158087
61.000004 0.042325 -0.078224 0.152259
61.500000 0.036694 -0.080430 0.154173
62.000004 0.038659 -0.058733 0.145029
62.500004 0.045498 -0.048446 0.156545
63.000000 0.036583 -0.039037 0.155179
63.500004 0.038348 -0.029854 0.156861
64.000000 0.053929 -0.019627 0.150611
64.500000 0.057684 -0.016213 0.137790
65.000000 0.048955 -0.013753 0.121680
65.500000 0.036862 -0.018146 0.113610
66.000000 0.060090 -0.017199 0.118942
66.500008 0.059439 -0.019550 0.111170
67.000000 0.039085 -0.028090 0.106435
67.500000 0.011434 -0.041486 0.108210
68.000000 0.011726 -0.047208 0.111723
68.500000 -0.003034 -0.058464 0.107886
69.000008 0.016182 -0.051267 0.111475
69.500000 0.005091 -0.056727 0.104057
70.000000 0.028506 -0.037505 0.100802
70.500000 0.021812 -0.044202 0.098471
71.000000 0.010323 -0.056580 0.099908
71.500000 -0.000201 -0.065453 0.104038
72.000000 -0.024028 -0.072285 0.099426
72.500000 -0.034956 -0.075800 0.101582
73.000008 -0.063402 -0.091525 0.102831
73.500000 -0.053483 -0.073748 0.106802
74.000000 -0.060283 -0.064530 0.101638
74.500000 -0.098006 -0.075272 0.103007
75.000000 -0.104226 -0.069572 0.098456
75.500008 -0.103152 -0.056743 0.087073
76.000000 -0.097110 -0.058217 0.078619
76.500000 -0.091255 -0.063926 0.072084
77.000008 -0.095490 -0.071860 0.066171
77.500000 -0.111235 -0.103211 0.068857
78.000000 -0.111841 -0.111648 0.068625
78.500000 -0.103794 -0.104453 0.067264
79.000000 -0.086768 -0.090201 0.065331
79.500008 -0.095280 -0.099212 0.065097
80.000000 -0.117933 -0.110648 0.068357
80.500000 -0.117047 -0.105216 0.067768
81.000000 -0.112473 -0.100549 0.065976
81.500000 -0.101692 -0.088474 0.063841
82.000000 -0.111447 -0.096351 0.064145
82.500000 -0.105884 -0.088541 0.063999
83.000000 -0.103819 -0.086138 0.062910
83.500000 -0.103989 -0.088310 0.064133
84.000000 -0.097768 -0.090844 0.064714
84.500000 -0.091578 -0.091554 0.060962
85.000008 -0.095552 -0.095963 0.061142
85.500008 -0.103282 -0.110190 0.061545
86.000000 -0.109165 -0.114003 0.062332
86.500000 -0.098436 -0.108288 0.058877
87.000000 -0.093123 -0.105917 0.056444
87.500008 -0.092483 -0.105177 0.055223
88.000008 -0.098233 -0.115409 0.056841
88.500000 -0.084237 -0.107838 0.059159
89.000000 -0.078082 -0.103384 0.059165
89.500000 -0.083733 -0.103431 0.055431
90.000008 -0.086118 -0.105061 0.053431
90.500008 -0.083603 -0.108696 0.053895
91.000000 -0.088396 -0.115276 0.052216
91.500000 -0.085300 -0.115305 0.055011
92.000000 -0.084142 -0.111107 0.053850
92.500008 -0.067754 -0.093041 0.053101
93.000008 -0.087945 -0.098289 0.051243
93.500008 -0.093203 -0.095546 0.048785
94.000000 -0.091936 -0.090824 0.050576
94.500000 -0.086571 -0.083719 0.050631
95.000000 -0.087872 -0.077954 0.044576
95.500008 -0.077706 -0.070321 0.041801
96.000008 -0.066825 -0.068408 0.039129
96.500000 -0.074030 -0.079610 0.040049
97.000000 -0.064901 -0.071533 0.037429
97.500000 -0.076014 -0.078397 0.035330
98.000008 -0.071879 -0.078306 0.031430
98.500008 -0.069890 -0.076522 0.030049
99.000000 -0.069323 -0.078038 0.030822
99.500000 -0.071832 -0.082673 0.030755
