0.000000 0.000000 0.000000 0.000000
0.500000 0.172195 0.187824 -0.023351
1.000000 0.212384 0.243305 -0.039266
1.500000 0.382574 0.482414 -0.114863
2.000000 0.729582 0.979915 -0.356299
2.500000 1.171648 1.388648 -0.597496
3.000000 1.672652 1.790938 -0.775219
3.500000 2.297571 2.242931 -0.978091
4.000000 2.993049 2.522444 -0.995656
4.500000 3.539899 2.483987 -1.021328
5.000000 4.088371 2.468261 -1.078233
5.500000 4.492446 2.427189 -1.259495
6.000000 4.752309 2.188772 -1.409570
6.500000 4.789432 1.592654 -1.361322
7.000000 4.654449 1.048665 -1.156786
7.500000 4.080649 0.518201 -0.852487
8.000000 3.485327 0.297432 -0.930033
8.500000 3.198952 0.257406 -1.164054
9.000000 3.243828 0.284436 -1.252296
9.500000 3.466899 0.219187 -1.066848
10.000000 3.443504 0.192738 -0.844196
10.500000 3.241120 0.169420 -0.696495
11.000001 2.980451 0.131736 -0.592467
11.500000 2.795560 0.116587 -0.627595
12.000001 2.789547 0.120832 -0.621088
12.500000 2.724582 0.114139 -0.599171
13.000001 2.840888 0.145607 -0.481597
13.500000 2.965394 0.169208 -0.308908
14.000000 3.188254 0.224174 -0.171275
14.500001 3.484533 0.305211 -0.037555
15.000000 3.926306 0.417378 0.091148
15.500001 4.130077 0.558295 0.087463
16.000000 4.269653 0.717695 -0.067794
16.500000 4.005654 0.844525 -0.211120
17.000000 3.704657 0.880144 -0.235991
17.500000 3.617172 0.539299 -0.358379
18.000000 3.299110 0.286467 -0.263787
18.500000 3.122056 0.099829 -0.159734
19.000000 2.734893 0.008448 -0.082011
19.500000 2.491360 0.067756 0.012252
20.000000 2.234045 0.047091 0.024331
20.500000 2.044808 -0.019068 0.151049
21.000000 1.885897 -0.082016 0.141802
21.500000 1.751247 -0.205987 0.072364
22.000002 1.614716 -0.371193 0.131987
22.500002 1.522306 -0.455968 0.106401
23.000000 1.506850 -0.448102 0.085786
23.500000 1.483583 -0.512478 0.100594
24.000002 1.520375 -0.452929 0.080778
24.500002 1.511361 -0.369997 0.054636
25.000000 1.514351 -0.308241 0.023858
25.500000 1.585770 -0.206275 -0.016558
26.000002 1.681950 -0.109993 -0.068048
26.500002 1.517804 -0.136187 -0.135956
27.000000 1.602220 -0.073276 -0.168860
27.500000 1.591494 -0.049835 -0.245762
28.000000 1.676390 -0.019098 -0.296693
28.500002 1.636088 -0.016059 -0.341202
29.000002 1.772147 -0.007335 -0.428485
29.500000 1.975911 -0.005759 -0.457124
30.000000 2.151022 -0.005732 -0.500023
30.500002 2.440836 -0.005709 -0.473067
31.000002 2.720659 -0.005416 -0.383827
31.500000 3.206552 -0.004268 -0.286996
32.000000 3.454608 0.002088 -0.218417
32.500000 3.696133 0.133308 -0.166479
33.000000 3.965583 0.143615 -0.042197
33.500000 4.282266 0.172143 0.078858
34.000000 4.561452 0.163881 0.234974
34.500004 4.776523 0.153048 0.325495
35.000000 4.930573 0.154363 0.341259
35.500000 5.068583 0.123149 0.345594
36.000000 5.381789 0.115233 0.387654
36.500004 5.194163 0.064112 0.423165
37.000000 5.016092 0.009231 0.468298
37.500000 5.337908 0.005905 0.680649
38.000000 5.612722 0.009377 0.857133
38.500004 5.915273 -0.000683 0.801565
39.000000 5.928432 -0.004262 0.658717
39.500000 5.276449 -0.004575 0.458272
40.000000 5.188538 -0.004869 0.326575
40.500000 5.314786 -0.004894 0.336759
41.000000 5.254566 -0.004886 0.303614
41.500000 5.392336 -0.005005 0.330698
42.000000 5.702971 -0.004926 0.295097
42.500004 5.766398 -0.004993 0.263267
43.000000 5.805246 -0.005132 0.163171
43.500000 5.697361 -0.005319 0.081459
44.000004 5.758846 -0.005233 0.053934
44.500000 5.936981 -0.005014 0.091886
45.000004 6.103451 -0.005073 0.098283
45.500000 6.422063 -0.005204 0.098890
46.000000 6.217727 -0.005263 0.079957
46.500004 6.356407 -0.005307 0.017712
47.000000 6.321190 -0.005380 -0.032485
47.500000 6.358269 -0.005396 -0.037085
48.000004 6.144874 -0.005405 -0.090594
48.500000 6.614460 -0.005431 -0.199807
49.000004 6.753561 -0.007932 -0.331111
49.500000 7.245485 -0.030761 -0.410492
50.000000 7.041762 -0.026964 -0.434241
50.500004 5.997027 -0.050743 -0.534844
51.000000 4.303059 -0.118166 -0.700406
51.500004 2.672470 -0.152686 -0.821549
52.000004 1.234826 -0.148732 -0.899857
52.500000 0.189693 -0.102414 -0.940234
53.000004 -0.863585 -0.034063 -0.930283
53.500000 -1.787474 -0.006070 -0.819130
54.000000 -1.978359 -0.005603 -0.607292
54.500004 -2.190502 -0.005511 -0.445176
55.000000 -2.045710 -0.005288 -0.213477
55.500004 -1.888339 -0.004959 0.026605
56.000000 -1.262179 -0.004887 0.202116
56.500000 -0.921934 -0.004902 0.255939
57.000004 -0.793388 -0.005451 0.243145
57.500000 -0.805715 -0.009480 0.215478
58.000004 -1.043123 -0.097052 0.236889
58.500004 -1.126484 -0.229445 0.233408
59.000000 -1.244329 -0.261047 0.209691
59.500004 -1.271997 -0.284847 0.176309
60.000000 -1.222875 -0.342064 0.137726
