0.000000 0.000000 0.000000 0.000000
0.500000 0.172141 0.187672 -0.023312
1.000000 0.212309 0.243098 -0.039203
1.500000 0.382324 0.481814 -0.114586
2.000000 0.729177 0.978625 -0.355784
2.500000 1.170281 1.387023 -0.597584
3.000000 1.670513 1.790022 -0.774913
3.500000 2.276109 2.223461 -0.977082
4.000000 2.988003 2.514160 -0.992088
4.500000 3.539431 2.495579 -1.023654
5.000000 4.078413 2.459516 -1.075238
5.500000 4.454397 2.403336 -1.252914
6.000000 4.779109 2.204446 -1.407087
6.500000 4.770994 1.580110 -1.360997
7.000000 4.680977 1.087307 -1.180500
7.500000 4.123767 0.544343 -0.875538
8.000000 3.491346 0.292698 -0.904350
8.500000 3.156479 0.251234 -1.169536
9.000000 3.222671 0.286023 -1.273421
9.500000 3.426500 0.225672 -1.091625
10.000000 3.470698 0.201674 -0.860975
10.500000 3.316242 0.171849 -0.685274
11.000001 3.047433 0.120526 -0.616509
11.500000 2.874287 0.105527 -0.681980
12.000001 2.793567 0.104414 -0.676808
12.500000 2.787589 0.103046 -0.626973
13.000001 2.862448 0.119091 -0.496105
13.500000 2.970371 0.145124 -0.363571
14.000000 3.183408 0.202762 -0.212982
14.500001 3.474783 0.273417 -0.061631
15.000000 3.876306 0.397081 0.023517
15.500001 4.269801 0.534958 -0.032234
16.000000 4.267822 0.674404 -0.181605
16.500000 3.989660 0.793316 -0.473424
17.000000 3.916161 0.728337 -0.716681
17.500000 3.979531 0.610262 -0.750310
18.000000 3.792092 0.438751 -0.620279
18.500000 3.567680 0.271924 -0.530942
19.000000 3.215870 0.110394 -0.363443
19.500000 3.162679 0.054649 -0.165238
20.000000 3.034028 0.034538 -0.227585
20.500000 2.771613 0.034734 -0.195506
21.000000 2.593436 0.028531 -0.107720
21.500000 2.400788 0.023632 -0.167348
22.000002 2.227424 0.011883 -0.128382
22.500002 2.104485 0.000742 -0.169818
23.000000 2.013052 -0.004665 -0.172241
23.500000 1.986750 -0.005250 -0.147652
24.000002 1.963642 -0.005411 -0.158572
24.500002 1.893071 -0.005389 -0.131887
25.000000 1.930594 -0.005333 -0.142941
25.500000 1.947478 -0.005333 -0.202589
26.000002 2.052958 -0.005380 -0.229194
26.500002 2.239208 -0.005395 -0.234964
27.000000 2.431727 -0.005324 -0.205319
27.500000 2.713849 -0.005268 -0.142826
28.000000 3.223391 -0.005007 0.040760
28.500002 3.740760 -0.004762 0.228224
29.000002 4.222767 -0.004531 0.404635
29.500000 4.773797 -0.004276 0.553753
30.000000 5.028894 -0.004458 0.542597
30.500002 5.071851 -0.004444 0.504137
31.000002 4.908445 -0.004462 0.476184
31.500000 5.016182 -0.004326 0.599460
32.000000 5.093749 -0.004404 0.582111
32.500000 4.529212 -0.004818 0.317403
33.000000 4.086883 -0.004840 0.240725
33.500000 3.617282 -0.004925 0.264143
34.000000 3.072336 -0.005106 0.082885
34.500004 3.136754 -0.005217 -0.086230
35.000000 3.375648 -0.004614 -0.170532
35.500000 3.779904 -0.004408 -0.196027
36.000000 4.030624 -0.005286 -0.161368
36.500004 4.554682 -0.005288 -0.031772
37.000000 4.630996 -0.005198 0.037644
37.500000 4.508517 -0.005284 -0.045012
38.000000 4.532097 -0.005234 0.020545
38.500004 4.891005 -0.005146 0.126480
39.000000 4.415715 -0.005219 0.001786
39.500000 4.320818 -0.005320 -0.034591
40.000000 4.589625 -0.005323 -0.034007
40.500000 4.602160 -0.005333 -0.021900
41.000000 4.626729 -0.005375 -0.057676
41.500000 4.440165 -0.005382 -0.092403
42.000000 4.429106 -0.005369 -0.094349
42.500004 4.379452 -0.005432 -0.151648
43.000000 4.305397 -0.005387 -0.128338
43.500000 4.363042 -0.005354 -0.079446
44.000004 4.480902 -0.005220 -0.065805
44.500000 4.470661 -0.005157 -0.023844
45.000004 4.631796 -0.004972 0.117127
45.500000 4.879554 -0.004993 0.179068
46.000000 5.053168 -0.004855 0.293352
46.500004 5.552012 -0.004605 0.428589
47.000000 5.993174 -0.004485 0.540962
47.500000 6.243635 -0.004500 0.483033
48.000004 6.361390 -0.004540 0.329514
48.500000 6.185875 -0.005161 0.063880
49.000004 6.019549 -0.005456 -0.167244
49.500000 5.772321 -0.005452 -0.300711
50.000000 5.176306 -0.005762 -0.403012
50.500004 3.916015 -0.006055 -0.630774
51.000000 2.902638 -0.007396 -0.866798
51.500004 2.091696 -0.016793 -1.177999
52.000004 1.139374 -0.023825 -1.407649
52.500000 0.255461 -0.016140 -1.481179
53.000004 -0.644542 -0.011775 -1.420183
53.500000 -1.501519 -0.006629 -1.258288
54.000000 -2.059258 -0.000971 -1.058955
54.500004 -1.667024 0.172873 -0.759726
55.000000 -2.121420 0.061796 -0.329613
55.500004 -2.003927 -0.004909 -0.111103
56.000000 -2.388852 -0.005370 -0.278377
56.500000 -2.763659 -0.005702 -0.487134
57.000004 -2.926536 -0.005645 -0.599102
57.500000 -3.036367 -0.006910 -0.638444
58.000004 -2.747725 -0.012319 -0.596121
58.500004 -2.091127 -0.010194 -0.610008
59.000000 -1.957760 -0.017167 -0.501065
59.500004 -1.586006 -0.023808 -0.469496
60.000000 -1.572025 -0.034005 -0.403049
