0.000000 0.000000 0.000000 0.000000
0.500000 0.172604 0.188120 -0.023597
1.000000 0.210921 0.240868 -0.038510
1.500000 0.383277 0.483490 -0.115127
2.000000 0.729899 0.980165 -0.356924
2.500000 1.170029 1.385869 -0.596386
3.000000 1.672405 1.795715 -0.777222
3.500000 2.286312 2.242700 -0.978038
4.000000 2.978623 2.521360 -0.991693
4.500000 3.464798 2.552221 -0.986170
5.000000 3.790976 2.589926 -0.988013
5.500000 3.998840 2.520252 -1.117328
6.000000 4.251499 2.358095 -1.289179
6.500000 4.252491 1.685428 -1.236708
7.000000 4.038259 1.020016 -1.025906
7.500000 3.637427 0.503909 -0.795632
8.000000 3.213648 0.297277 -0.995738
8.500000 2.992462 0.233373 -1.247479
9.000000 2.983527 0.234004 -1.321038
9.500000 3.127022 0.239301 -1.098768
10.000000 3.148355 0.199200 -0.863499
10.500000 2.971051 0.196858 -0.691898
11.000001 2.806497 0.195391 -0.643792
11.500000 2.665658 0.158425 -0.675518
12.000001 2.549651 0.144753 -0.632470
12.500000 2.557981 0.149980 -0.524162
13.000001 2.645571 0.183257 -0.426931
13.500000 2.728731 0.223761 -0.301601
14.000000 2.905260 0.275158 -0.150190
14.500001 3.189905 0.305961 -0.037287
15.000000 3.426060 0.397037 0.028106
15.500001 3.607445 0.521710 0.066558
16.000000 3.389395 0.643182 -0.048829
16.500000 2.822642 0.594439 -0.073792
17.000000 2.250727 0.488561 0.068787
17.500000 1.571706 0.322628 0.200824
18.000000 1.059595 0.141762 0.416473
18.500000 0.621280 0.022407 0.534980
19.000000 0.276246 0.047935 0.479107
19.500000 0.106481 0.013528 0.648175
20.000000 -0.067402 -0.110417 0.723326
20.500000 -0.239267 -0.259526 0.731625
21.000000 -0.157330 -0.297681 0.760745
21.500000 -0.150457 -0.328195 0.789993
22.000002 -0.110682 -0.319364 0.756633
22.500002 -0.086806 -0.332647 0.751175
23.000000 -0.049587 -0.330765 0.689501
23.500000 -0.131528 -0.369959 0.630034
24.000002 -0.207888 -0.403531 0.582274
24.500002 -0.208663 -0.417917 0.523190
25.000000 -0.244393 -0.383439 0.485543
25.500000 -0.455069 -0.498301 0.483733
26.000002 -0.379719 -0.427478 0.394043
26.500002 -0.428902 -0.475533 0.320692
27.000000 -0.427897 -0.482257 0.293204
27.500000 -0.516878 -0.542859 0.337392
28.000000 -0.492654 -0.585554 0.302714
28.500002 -0.549919 -0.617668 0.334153
29.000002 -0.519576 -0.584624 0.313432
29.500000 -0.500718 -0.575382 0.340125
30.000000 -0.548890 -0.636555 0.354941
30.500002 -0.510974 -0.580362 0.327298
31.000002 -0.477733 -0.600425 0.310028
31.500000 -0.449878 -0.528341 0.310326
32.000000 -0.439078 -0.524591 0.302070
32.500000 -0.390975 -0.467877 0.276390
33.000000 -0.380718 -0.464713 0.273104
33.500000 -0.379903 -0.434017 0.276246
34.000000 -0.366837 -0.456704 0.280725
34.500004 -0.358886 -0.417156 0.282332
35.000000 -0.356868 -0.388241 0.274738
35.500000 -0.342603 -0.431861 0.267086
36.000000 -0.317173 -0.410142 0.281549
36.500004 -0.306985 -0.363088 0.273699
37.000000 -0.271201 -0.293400 0.239823
37.500000 -0.274547 -0.326538 0.248364
38.000000 -0.272620 -0.345778 0.250500
38.500004 -0.246850 -0.329809 0.227829
39.000000 -0.234173 -0.293183 0.208779
39.500000 -0.249433 -0.303890 0.202292
40.000000 -0.229077 -0.282693 0.208320
40.500000 -0.226233 -0.275378 0.204476
41.000000 -0.172169 -0.209745 0.177715
41.500000 -0.162459 -0.194247 0.170039
42.000000 -0.183935 -0.222195 0.186889
42.500004 -0.171325 -0.195985 0.177183
43.000000 -0.195580 -0.248525 0.195263
43.500000 -0.211250 -0.255573 0.187104
44.000004 -0.191568 -0.204344 0.177158
44.500000 -0.202482 -0.211264 0.185291
45.000004 -0.196442 -0.213131 0.179242
45.500000 -0.160864 -0.172200 0.156527
46.000000 -0.166721 -0.182829 0.159533
46.500004 -0.158252 -0.178177 0.154242
47.000000 -0.172716 -0.194453 0.161024
47.500000 -0.163644 -0.167787 0.155854
48.000004 -0.167326 -0.169565 0.158332
48.500000 -0.154886 -0.144200 0.152435
49.000004 -0.154966 -0.137449 0.146318
49.500000 -0.159240 -0.155759 0.147304
50.000000 -0.161410 -0.178236 0.153496
50.500004 -0.175371 -0.196490 0.159806
51.000000 -0.163131 -0.177558 0.138436
51.500004 -0.165577 -0.190494 0.139204
52.000004 -0.144742 -0.177241 0.127931
52.500000 -0.151885 -0.197056 0.133886
53.000004 -0.150887 -0.199555 0.132494
53.500000 -0.154842 -0.199570 0.134126
54.000000 -0.163787 -0.222320 0.139019
54.500004 -0.166813 -0.233594 0.140606
55.000000 -0.116077 -0.157604 0.115897
55.500004 -0.128063 -0.153633 0.121037
56.000000 -0.125723 -0.143534 0.119576
56.500000 -0.117376 -0.136048 0.115176
57.000004 -0.123759 -0.141788 0.118205
57.500000 -0.129331 -0.148210 0.121402
58.000004 -0.118239 -0.129724 0.116988
58.500004 -0.129277 -0.135865 0.121880
59.000000 -0.133156 -0.140078 0.125776
59.500004 -0.110805 -0.097409 0.112199
60.000000 -0.115861 -0.105798 0.112011
60.500000 -0.114286 -0.105358 0.109912
61.000004 -0.118668 -0.110396 0.100574
61.500000 -0.119270 -0.113432 0.095995
62.000004 -0.109518 -0.102746 0.092887
62.500004 -0.113370 -0.108387 0.096000
63.000000 -0.112773 -0.105926 0.095265
63.500004 -0.112235 -0.107708 0.094854
64.000000 -0.106292 -0.102120 0.092900
64.500000 -0.105027 -0.097192 0.090149
65.000000 -0.133898 -0.125579 0.102356
65.500000 -0.132042 -0.126380 0.103393
66.000000 -0.122507 -0.120613 0.100288
66.500008 -0.120123 -0.121422 0.096970
67.000000 -0.119794 -0.132090 0.095826
67.500000 -0.104427 -0.121143 0.088495
68.000000 -0.104428 -0.124901 0.088335
68.500000 -0.105747 -0.130671 0.090282
69.000008 -0.144594 -0.198961 0.108497
69.500000 -0.107414 -0.146658 0.092099
70.000000 -0.127296 -0.169596 0.100907
70.500000 -0.103301 -0.127604 0.090332
71.000000 -0.115298 -0.143114 0.097232
71.500000 -0.091303 -0.098093 0.085396
72.000000 -0.090807 -0.086340 0.084044
72.500000 -0.088312 -0.077523 0.082170
73.000008 -0.087151 -0.069695 0.080647
73.500000 -0.089336 -0.061764 0.077960
74.000000 -0.090448 -0.057849 0.076646
74.500000 -0.093346 -0.054182 0.067736
75.000000 -0.088454 -0.049357 0.062444
75.500008 -0.088108 -0.051431 0.060737
76.000000 -0.086694 -0.055309 0.059983
76.500000 -0.083708 -0.060506 0.059983
77.000008 -0.083281 -0.059426 0.060042
77.500000 -0.084370 -0.060239 0.060860
78.000000 -0.088934 -0.063236 0.062373
78.500000 -0.086456 -0.063735 0.062413
79.000000 -0.080522 -0.058681 0.059369
79.500008 -0.076688 -0.057974 0.058226
80.000000 -0.072075 -0.053523 0.057186
80.500000 -0.071203 -0.053264 0.055391
81.000000 -0.070655 -0.052551 0.054413
81.500000 -0.075013 -0.055872 0.057500
82.000000 -0.079617 -0.061766 0.059244
82.500000 -0.082823 -0.067620 0.061676
83.000000 -0.085910 -0.072777 0.061379
83.500000 -0.086120 -0.076588 0.062794
84.000000 -0.082611 -0.076765 0.061281
84.500000 -0.081892 -0.080483 0.060997
85.000008 -0.081927 -0.081702 0.060076
85.500008 -0.089233 -0.097187 0.062192
86.000000 -0.091601 -0.100740 0.062121
86.500000 -0.089406 -0.101752 0.060903
87.000000 -0.092422 -0.109471 0.063092
87.500008 -0.089598 -0.103638 0.062818
88.000008 -0.087815 -0.099540 0.061145
88.500000 -0.089542 -0.099246 0.062259
89.000000 -0.086497 -0.093290 0.060721
89.500000 -0.079147 -0.082742 0.058586
90.000008 -0.077758 -0.079976 0.056671
90.500008 -0.079976 -0.082021 0.057170
91.000000 -0.077786 -0.077117 0.055977
91.500000 -0.075206 -0.072357 0.055564
92.000000 -0.075278 -0.070400 0.055834
92.500008 -0.074979 -0.070522 0.056477
93.000008 -0.074936 -0.069315 0.055563
93.500008 -0.074515 -0.068593 0.054308
94.000000 -0.075079 -0.070993 0.054756
94.500000 -0.074894 -0.069379 0.051650
95.000000 -0.073676 -0.067673 0.051707
95.500008 -0.072619 -0.064733 0.048939
96.000008 -0.069393 -0.059035 0.046764
96.500000 -0.070604 -0.053770 0.040880
97.000000 -0.069757 -0.051282 0.039718
97.500000 -0.070579 -0.051308 0.038408
98.000008 -0.070119 -0.048363 0.037713
98.500008 -0.070307 -0.045314 0.037585
99.000000 -0.070991 -0.043499 0.037225
99.500000 -0.073233 -0.043918 0.037565
