0.000000 0.000000 0.000000 0.000000
0.500000 0.172170 0.187772 -0.023335
1.000000 0.212351 0.243231 -0.039240
1.500000 0.382482 0.482199 -0.114764
2.000000 0.729569 0.979214 -0.356291
2.500000 1.171229 1.388622 -0.598135
3.000000 1.672705 1.788551 -0.774452
3.500000 2.303120 2.250058 -0.982102
4.000000 2.984394 2.515012 -0.994242
4.500000 3.542994 2.483501 -1.018807
5.000000 4.090902 2.473357 -1.079519
5.500000 4.501176 2.437098 -1.260685
6.000000 4.753114 2.187851 -1.410955
6.500000 4.777092 1.584363 -1.359252
7.000000 4.641995 1.051955 -1.163086
7.500000 4.112959 0.527393 -0.852463
8.000000 3.460840 0.289010 -0.931569
8.500000 3.190154 0.253987 -1.160769
9.000000 3.232447 0.284875 -1.275657
9.500000 3.447318 0.222123 -1.083959
10.000000 3.474810 0.197430 -0.844392
10.500000 3.277323 0.168042 -0.691130
11.000001 3.023101 0.131367 -0.605926
11.500000 2.884281 0.117371 -0.618156
12.000001 2.828419 0.111555 -0.625440
12.500000 2.793303 0.113352 -0.581031
13.000001 2.838678 0.133092 -0.457941
13.500000 2.997610 0.163463 -0.277199
14.000000 3.206997 0.220508 -0.160885
14.500001 3.576120 0.305440 0.025440
15.000000 3.980949 0.413877 0.110483
15.500001 4.238419 0.536277 0.074526
16.000000 4.060488 0.680633 -0.106895
16.500000 3.850472 0.803517 -0.265882
17.000000 3.701840 0.856066 -0.284990
17.500000 3.832981 0.575656 -0.480623
18.000000 3.347604 0.341379 -0.399748
18.500000 3.064491 0.107088 -0.253228
19.000000 3.021622 0.036588 -0.174786
19.500000 2.783930 0.022435 -0.104861
20.000000 2.578869 0.027240 -0.097878
20.500000 2.319066 0.019832 -0.039308
21.000000 2.095588 -0.045030 0.027916
21.500000 1.994504 -0.136897 0.020520
22.000002 1.853696 -0.213481 -0.066909
22.500002 1.728434 -0.284523 -0.065545
23.000000 1.640957 -0.271287 -0.167486
23.500000 1.580309 -0.168018 -0.196316
24.000002 1.484857 -0.161368 -0.165951
24.500002 1.446788 -0.116461 -0.217894
25.000000 1.428431 -0.115248 -0.234975
25.500000 1.507284 -0.096186 -0.221197
26.000002 1.635327 -0.038834 -0.275635
26.500002 1.601594 -0.050118 -0.337241
27.000000 1.708284 -0.024655 -0.377932
27.500000 1.761497 -0.008849 -0.418374
28.000000 1.964826 -0.005814 -0.476889
28.500002 2.130511 -0.005640 -0.449159
29.000002 2.384763 -0.005640 -0.402752
29.500000 2.763180 -0.005332 -0.337538
30.000000 3.130194 -0.005228 -0.238591
30.500002 3.441254 -0.005009 -0.100597
31.000002 3.852363 -0.004255 0.071318
31.500000 4.227921 0.041823 0.276807
32.000000 4.548187 0.042697 0.408926
32.500000 4.641854 0.049921 0.456250
33.000000 4.252274 0.014348 0.363371
33.500000 4.052159 -0.004071 0.364894
34.000000 3.866317 -0.004511 0.457016
34.500004 4.545285 -0.003305 0.616723
35.000000 5.002002 0.004992 0.740542
35.500000 5.421338 0.049518 0.835835
36.000000 5.644423 0.072034 0.789335
36.500004 5.709788 0.038336 0.748977
37.000000 5.892981 0.012367 0.651176
37.500000 5.740724 -0.003490 0.463910
38.000000 5.455664 -0.003888 0.325090
38.500004 5.416386 -0.003628 0.300110
39.000000 5.361741 -0.004496 0.294836
39.500000 5.324085 -0.004904 0.291289
40.000000 5.586051 -0.004855 0.359264
40.500000 5.819105 -0.004911 0.255766
41.000000 5.639530 -0.005144 0.118860
41.500000 5.468065 -0.005291 0.009577
42.000000 5.439161 -0.005428 -0.077343
42.500004 5.197607 -0.005419 -0.072946
43.000000 5.505207 -0.005408 -0.145722
43.500000 5.450735 -0.005337 -0.126970
44.000004 5.523397 -0.005535 -0.121543
44.500000 5.341751 -0.005489 -0.139535
45.000004 5.204134 -0.005552 -0.186962
45.500000 5.004265 -0.005576 -0.169935
46.000000 5.003118 -0.005381 -0.174205
46.500004 4.656901 -0.005579 -0.210973
47.000000 4.592144 -0.006340 -0.233065
47.500000 4.520084 -0.007409 -0.287039
48.000004 4.578339 -0.009256 -0.336936
48.500000 5.091522 -0.017513 -0.404618
49.000004 5.166445 -0.039720 -0.457122
49.500000 5.494440 -0.063183 -0.522913
50.000000 5.431008 -0.041871 -0.492055
50.500004 4.789155 -0.041974 -0.537171
51.000000 3.910021 -0.036140 -0.587962
51.500004 3.027302 -0.059210 -0.615765
52.000004 2.222209 -0.033854 -0.595909
52.500000 1.514924 -0.007970 -0.418446
53.000004 0.994880 -0.005335 -0.185463
53.500000 0.630429 -0.005176 0.083409
54.000000 0.265963 -0.004757 0.244976
54.500004 -0.384736 -0.003343 0.380496
55.000000 -0.925996 0.058948 0.319000
55.500004 -1.828383 -0.005141 -0.075520
56.000000 -2.900654 -0.006884 -0.541675
56.500000 -3.179980 -0.078980 -0.920219
57.000004 -3.080918 -0.131640 -1.172902
57.500000 -2.720983 -0.153493 -1.277065
58.000004 -2.450785 -0.173612 -1.032190
58.500004 -2.075939 -0.137683 -0.715581
59.000000 -1.823393 -0.175524 -0.483467
59.500004 -1.729115 -0.211122 -0.316894
60.000000 -1.488360 -0.247789 -0.207804
