0.000000 0.000000 0.000000 0.000000
0.500000 0.172012 0.187428 -0.023227
1.000000 0.211009 0.241298 -0.038743
1.500000 0.382028 0.481197 -0.114263
2.000000 0.724853 0.974684 -0.354109
2.500000 1.154707 1.373289 -0.590551
3.000000 1.659641 1.785290 -0.774123
3.500000 2.282104 2.239062 -0.982740
4.000000 2.977180 2.516634 -0.992132
4.500000 3.540102 2.493639 -1.024956
5.000000 4.048206 2.437400 -1.075678
5.500000 4.462904 2.428337 -1.258086
6.000000 4.776724 2.204005 -1.405748
6.500000 4.805500 1.608709 -1.367655
7.000000 4.701828 1.098184 -1.188027
7.500000 4.123372 0.540750 -0.868332
8.000000 3.492279 0.287022 -0.882069
8.500000 3.161938 0.256054 -1.174023
9.000000 3.220503 0.285750 -1.277647
9.500000 3.472507 0.235813 -1.079841
10.000000 3.517353 0.208993 -0.834050
10.500000 3.288552 0.163787 -0.673525
11.000001 3.071146 0.119894 -0.625712
11.500000 2.945234 0.100764 -0.679503
12.000001 2.818045 0.100439 -0.674792
12.500000 2.756060 0.088219 -0.632180
13.000001 2.832924 0.107815 -0.518431
13.500000 2.980515 0.137054 -0.384471
14.000000 3.119627 0.171815 -0.246297
14.500001 3.487664 0.241014 -0.070430
15.000000 3.823910 0.331855 0.049681
15.500001 4.154745 0.409641 0.060596
16.000000 4.175566 0.466328 -0.010244
16.500000 3.914441 0.522113 -0.168228
17.000000 3.756433 0.551700 -0.274327
17.500000 3.610858 0.501575 -0.321558
18.000000 3.295501 0.420792 -0.337451
18.500000 3.193447 0.316469 -0.285016
19.000000 2.987417 0.256935 -0.250291
19.500000 2.867855 0.179425 -0.194615
20.000000 2.798974 0.133389 -0.145030
20.500000 2.624275 0.088917 -0.156688
21.000000 2.538750 0.059673 -0.234969
21.500000 2.479915 0.050219 -0.176512
22.000002 2.447775 0.042690 -0.195351
22.500002 2.256212 0.047117 -0.288025
23.000000 2.204477 0.061330 -0.273638
23.500000 2.273794 0.073226 -0.280567
24.000002 2.281394 0.062187 -0.244739
24.500002 2.202634 0.054387 -0.239987
25.000000 2.203176 0.059265 -0.220208
25.500000 2.494098 0.049784 -0.203479
26.000002 2.293357 0.042724 -0.243783
26.500002 2.455328 0.025818 -0.267476
27.000000 2.456183 0.026710 -0.301887
27.500000 2.600941 0.022345 -0.299387
28.000000 2.665748 0.028437 -0.410392
28.500002 2.595048 0.022077 -0.487336
29.000002 2.809388 0.018425 -0.536677
29.500000 2.727213 0.021398 -0.650145
30.000000 2.670312 0.024770 -0.774107
30.500002 2.821394 0.016684 -0.807459
31.000002 2.830329 0.016617 -0.850701
31.500000 2.998711 0.019887 -0.831537
32.000000 3.334905 0.015073 -0.727929
32.500000 3.550271 0.013007 -0.539751
33.000000 3.694446 0.017013 -0.321608
33.500000 3.943282 0.022887 0.000159
34.000000 4.422363 0.019150 0.376774
34.500004 5.079152 0.005316 0.687396
35.000000 5.500181 0.004655 0.784659
35.500000 5.590349 0.009487 0.695110
36.000000 5.749532 0.009496 0.532739
36.500004 5.803051 0.007152 0.501705
37.000000 5.800974 0.019210 0.539427
37.500000 5.662237 0.016632 0.494145
38.000000 5.466817 0.013253 0.471861
38.500004 5.011798 0.000971 0.368650
39.000000 4.802944 -0.004347 0.266198
39.500000 4.608311 -0.004828 0.253072
40.000000 4.448174 -0.005035 0.154296
40.500000 4.592680 -0.005117 0.111194
41.000000 4.760013 -0.005246 0.025875
41.500000 5.148989 -0.005187 0.017678
42.000000 5.627063 -0.005099 0.044605
42.500004 5.887412 -0.004926 0.072445
43.000000 5.661420 -0.004956 0.038823
43.500000 5.422881 -0.004975 0.025420
44.000004 5.419247 -0.005003 0.026045
44.500000 5.170342 -0.005061 -0.015326
45.000004 5.272696 -0.005077 -0.035634
45.500000 5.166120 -0.005023 -0.018145
46.000000 5.281964 -0.005010 -0.059943
46.500004 5.252327 -0.005233 -0.086304
47.000000 4.988105 -0.005286 -0.098879
47.500000 5.048144 -0.005367 -0.182574
48.000004 5.720630 -0.005382 -0.300400
48.500000 6.024404 -0.005676 -0.421891
49.000004 6.091989 -0.005658 -0.492949
49.500000 6.004805 -0.005666 -0.507441
50.000000 5.137101 -0.005702 -0.608331
50.500004 4.088270 -0.005893 -0.779738
51.000000 2.985435 -0.005918 -0.885423
51.500004 1.687805 -0.006129 -1.027030
52.000004 0.536268 -0.006214 -1.015482
52.500000 -0.427551 -0.006070 -0.957660
53.000004 -1.138825 -0.005841 -0.859690
53.500000 -1.716906 -0.005756 -0.792590
54.000000 -1.999140 -0.005524 -0.661615
54.500004 -2.170299 -0.005284 -0.421201
55.000000 -1.733649 -0.004833 -0.089390
55.500004 -1.291428 -0.004527 0.269869
56.000000 -0.726134 -0.004267 0.523358
56.500000 -0.533011 -0.004333 0.626745
57.000004 -0.883288 -0.005133 0.507571
57.500000 -1.374816 -0.006494 0.383654
58.000004 -1.607545 -0.028885 0.262587
58.500004 -1.929876 -0.038652 0.079932
59.000000 -2.035656 -0.070781 0.045385
59.500004 -1.843081 -0.129788 -0.012743
60.000000 -1.707845 -0.174454 -0.061185
