0.000000 0.000000 0.000000 0.000000
0.500000 0.172072 0.187526 -0.023265
1.000000 0.212192 0.242853 -0.039108
1.500000 0.382291 0.481695 -0.114522
2.000000 0.725536 0.974992 -0.354978
2.500000 1.155262 1.371546 -0.590086
3.000000 1.663922 1.787766 -0.774157
3.500000 2.282653 2.234080 -0.980460
4.000000 2.980575 2.522906 -0.994351
4.500000 3.534446 2.488565 -1.025619
5.000000 4.045999 2.431942 -1.071459
5.500000 4.472833 2.429575 -1.255853
6.000000 4.756795 2.184506 -1.399981
6.500000 4.803937 1.602514 -1.362941
7.000000 4.658171 1.075678 -1.196694
7.500000 4.141042 0.545841 -0.870541
8.000000 3.461380 0.282498 -0.890907
8.500000 3.166756 0.259383 -1.180747
9.000000 3.218941 0.289638 -1.282675
9.500000 3.471204 0.236669 -1.091894
10.000000 3.461033 0.205479 -0.861581
10.500000 3.284321 0.169788 -0.693157
11.000001 3.072959 0.122842 -0.631642
11.500000 2.909089 0.098675 -0.678386
12.000001 2.799444 0.099618 -0.682891
12.500000 2.837890 0.101845 -0.627138
13.000001 2.806648 0.108341 -0.516017
13.500000 3.017339 0.140186 -0.373097
14.000000 3.154033 0.183907 -0.235249
14.500001 3.427826 0.250863 -0.044908
15.000000 3.862658 0.362988 0.077667
15.500001 4.162331 0.439731 0.100848
16.000000 4.107009 0.496678 0.047450
16.500000 3.795792 0.573284 -0.117002
17.000000 3.665335 0.650237 -0.174727
17.500000 3.471395 0.556368 -0.263865
18.000000 3.274356 0.410981 -0.265297
18.500000 3.062462 0.331053 -0.232686
19.000000 2.983757 0.274631 -0.202262
19.500000 2.765321 0.172150 -0.150842
20.000000 2.772564 0.135986 -0.119026
20.500000 2.587144 0.086240 -0.115555
21.000000 2.466036 0.076353 -0.244613
21.500000 2.369116 0.026915 -0.185349
22.000002 2.277006 0.022190 -0.198183
22.500002 2.156399 0.061629 -0.221637
23.000000 2.280829 0.098486 -0.237256
23.500000 2.199633 0.124058 -0.219960
24.000002 2.081342 0.111038 -0.269168
24.500002 2.247627 0.113728 -0.245852
25.000000 2.247973 0.095007 -0.264243
25.500000 2.299024 0.080276 -0.258627
26.000002 2.264588 0.076402 -0.276567
26.500002 2.563978 0.071760 -0.224985
27.000000 2.373381 0.063141 -0.288579
27.500000 2.617276 0.053160 -0.259189
28.000000 2.477710 0.041143 -0.400967
28.500002 2.855191 0.037309 -0.370162
29.000002 2.656533 0.038644 -0.489180
29.500000 2.829757 0.040265 -0.557086
30.000000 2.786484 0.041688 -0.628515
30.500002 2.799712 0.024166 -0.811433
31.000002 2.890264 0.028824 -0.874022
31.500000 2.968498 0.042848 -0.843424
32.000000 3.323045 0.024051 -0.745854
32.500000 3.551894 0.014451 -0.633133
33.000000 3.749436 0.032778 -0.405952
33.500000 3.946100 0.030267 -0.165130
34.000000 4.187370 0.036754 0.144509
34.500004 4.645707 0.025555 0.503542
35.000000 5.083754 0.012227 0.691606
35.500000 5.479428 0.015647 0.736680
36.000000 5.615879 0.025491 0.607293
36.500004 5.661905 0.022079 0.439708
37.000000 5.710647 0.018858 0.455031
37.500000 5.583269 0.032602 0.446245
38.000000 5.535453 0.033752 0.429914
38.500004 5.065258 0.017633 0.362827
39.000000 4.807540 0.001284 0.256750
39.500000 4.704509 0.000201 0.220844
40.000000 4.314652 -0.003083 0.161437
40.500000 4.463444 -0.004010 0.080304
41.000000 4.659274 -0.004544 -0.017094
41.500000 4.971207 -0.004869 0.017526
42.000000 5.267454 -0.005108 -0.005313
42.500004 5.453945 -0.005053 0.013419
43.000000 5.658665 -0.004985 0.048501
43.500000 5.931378 -0.004886 0.126924
44.000004 5.667853 -0.004964 0.051310
44.500000 5.487911 -0.005021 0.009842
45.000004 5.329674 -0.005067 -0.022569
45.500000 5.270727 -0.005078 -0.023223
46.000000 5.238726 -0.005085 -0.035846
46.500004 5.446490 -0.005113 -0.049843
47.000000 5.528708 -0.005128 -0.089588
47.500000 5.301923 -0.005199 -0.117022
48.000004 5.738689 -0.005387 -0.249780
48.500000 6.140920 -0.005605 -0.432166
49.000004 6.224268 -0.005577 -0.470420
49.500000 6.362080 -0.005736 -0.524515
50.000000 5.590644 -0.005672 -0.598262
50.500004 4.447849 -0.005965 -0.755904
51.000000 3.059866 -0.005994 -0.869294
51.500004 2.004722 -0.005953 -0.983997
52.000004 0.533777 -0.006218 -1.039421
52.500000 -0.290585 -0.006103 -0.971723
53.000004 -1.218369 -0.005960 -0.886627
53.500000 -1.917917 -0.005625 -0.790363
54.000000 -2.219050 -0.005448 -0.632169
54.500004 -2.089608 -0.005172 -0.387284
55.000000 -1.814340 -0.004956 -0.122127
55.500004 -1.143091 -0.004605 0.240229
56.000000 -0.791422 -0.003796 0.469353
56.500000 -0.657055 -0.004321 0.639948
57.000004 -0.833545 -0.004726 0.514021
57.500000 -1.246872 -0.002596 0.361104
58.000004 -1.686699 -0.004068 0.191663
58.500004 -1.940104 -0.005779 0.066505
59.000000 -1.892706 -0.008729 0.046344
59.500004 -1.730190 -0.013043 -0.087291
60.000000 -1.696025 -0.020201 -0.119142
