0.000000 0.000000 0.000000 0.000000
0.500000 0.172413 0.188031 -0.023485
1.000000 0.210746 0.240754 -0.038411
1.500000 0.382806 0.482711 -0.114850
2.000000 0.729320 0.978642 -0.356194
2.500000 1.170887 1.386200 -0.597111
3.000000 1.673099 1.792227 -0.774864
3.500000 2.277651 2.228493 -0.978023
4.000000 2.981596 2.520033 -0.993235
4.500000 3.548253 2.495467 -1.018473
5.000000 4.056329 2.482346 -1.068508
5.500000 4.295203 2.506069 -1.191179
6.000000 4.462587 2.265809 -1.326499
6.500000 4.466701 1.684308 -1.314605
7.000000 4.321945 1.005177 -1.073809
7.500000 3.965901 0.524125 -0.809059
8.000000 3.403253 0.293367 -0.975075
8.500000 3.195663 0.243140 -1.213856
9.000000 3.133951 0.250161 -1.293991
9.500000 3.224376 0.216011 -1.095328
10.000000 3.182223 0.181988 -0.863039
10.500000 3.060081 0.197751 -0.720804
11.000001 2.802676 0.173884 -0.676750
11.500000 2.721405 0.153030 -0.618659
12.000001 2.684269 0.124099 -0.614884
12.500000 2.782702 0.158048 -0.520045
13.000001 2.757241 0.176684 -0.422810
13.500000 2.932501 0.221115 -0.257575
14.000000 3.131611 0.269764 -0.125762
14.500001 3.378503 0.324762 0.006122
15.000000 3.669096 0.392777 0.092694
15.500001 3.971723 0.480947 0.057989
16.000000 3.894582 0.684227 -0.059319
16.500000 3.369735 0.739258 -0.137580
17.000000 2.896560 0.696030 -0.033247
17.500000 2.373084 0.590545 0.162446
18.000000 1.697737 0.207983 0.385474
18.500000 1.447815 0.009715 0.322729
19.000000 1.045814 0.059740 0.396916
19.500000 0.815746 0.058661 0.482124
20.000000 0.599489 -0.004497 0.491973
20.500000 0.503198 -0.052572 0.545319
21.000000 0.562272 -0.149195 0.572992
21.500000 0.523661 -0.213951 0.580817
22.000002 0.410948 -0.365951 0.659172
22.500002 0.449188 -0.370352 0.636960
23.000000 0.370472 -0.349987 0.668628
23.500000 0.333677 -0.348978 0.658878
24.000002 0.338087 -0.344096 0.653062
24.500002 0.317101 -0.342756 0.605499
25.000000 0.280177 -0.320883 0.574801
25.500000 0.166449 -0.333594 0.592002
26.000002 0.222511 -0.320070 0.530971
26.500002 0.113103 -0.360442 0.492158
27.000000 0.090057 -0.376448 0.457559
27.500000 0.054588 -0.356665 0.388958
28.000000 0.022565 -0.353926 0.375817
28.500002 -0.056566 -0.364717 0.365830
29.000002 -0.025924 -0.325127 0.317753
29.500000 -0.072092 -0.319515 0.267924
30.000000 -0.094092 -0.338058 0.284093
30.500002 -0.106784 -0.321591 0.244672
31.000002 -0.134061 -0.324066 0.222401
31.500000 -0.222548 -0.402380 0.239758
32.000000 -0.199030 -0.362148 0.245098
32.500000 -0.218976 -0.350880 0.234335
33.000000 -0.231840 -0.329259 0.209454
33.500000 -0.175406 -0.315210 0.201223
34.000000 -0.241699 -0.358199 0.221221
34.500004 -0.262052 -0.346412 0.231748
35.000000 -0.284043 -0.334448 0.263470
35.500000 -0.284035 -0.338949 0.280245
36.000000 -0.245896 -0.311763 0.236376
36.500004 -0.206135 -0.291875 0.194593
37.000000 -0.198942 -0.259923 0.194969
37.500000 -0.226982 -0.273957 0.220176
38.000000 -0.248313 -0.252416 0.205528
38.500004 -0.263954 -0.247574 0.241882
39.000000 -0.222243 -0.257056 0.224155
39.500000 -0.183893 -0.271408 0.194944
40.000000 -0.205631 -0.266241 0.210377
40.500000 -0.169633 -0.227696 0.186259
41.000000 -0.188188 -0.207370 0.204086
41.500000 -0.185124 -0.213123 0.208003
42.000000 -0.128925 -0.196794 0.182265
42.500004 -0.194716 -0.262053 0.211350
43.000000 -0.132105 -0.212161 0.183125
43.500000 -0.132048 -0.238381 0.188929
44.000004 -0.139385 -0.241294 0.176069
44.500000 -0.111678 -0.198992 0.176706
45.000004 -0.114003 -0.193060 0.182002
45.500000 -0.124671 -0.198891 0.181212
46.000000 -0.139509 -0.190580 0.174204
46.500004 -0.112503 -0.170799 0.181038
47.000000 -0.130554 -0.172460 0.192766
47.500000 -0.113184 -0.149071 0.183739
48.000004 -0.125394 -0.146325 0.175214
48.500000 -0.121645 -0.150171 0.174228
49.000004 -0.134347 -0.163707 0.174552
49.500000 -0.127429 -0.171612 0.165628
50.000000 -0.124179 -0.179179 0.166802
50.500004 -0.131713 -0.189233 0.161831
51.000000 -0.130952 -0.198131 0.163003
51.500004 -0.109305 -0.187359 0.154441
52.000004 -0.108608 -0.189675 0.154398
52.500000 -0.089607 -0.170512 0.148597
53.000004 -0.139056 -0.196650 0.159757
53.500000 -0.132756 -0.168474 0.156489
54.000000 -0.116856 -0.162000 0.149470
54.500004 -0.107491 -0.175902 0.145081
55.000000 -0.110511 -0.193443 0.147945
55.500004 -0.093461 -0.176315 0.126833
56.000000 -0.110740 -0.198924 0.137361
56.500000 -0.113844 -0.198645 0.127711
57.000004 -0.091503 -0.179683 0.115672
57.500000 -0.082585 -0.168360 0.111085
58.000004 -0.096423 -0.179882 0.116093
58.500004 -0.103834 -0.184568 0.118734
59.000000 -0.097029 -0.180528 0.119608
59.500004 -0.092642 -0.175798 0.116657
60.000000 -0.092655 -0.166998 0.114065
60.500000 -0.092684 -0.162652 0.114814
61.000004 -0.085439 -0.156601 0.113175
61.500000 -0.086944 -0.157230 0.114018
62.000004 -0.079349 -0.141480 0.107516
62.500004 -0.061128 -0.117930 0.099630
63.000000 -0.055818 -0.112337 0.096334
63.500004 -0.071439 -0.129472 0.100690
64.000000 -0.065856 -0.131626 0.100174
64.500000 -0.065695 -0.136277 0.099811
65.000000 -0.065422 -0.135172 0.100510
65.500000 -0.059310 -0.126564 0.097301
66.000000 -0.070073 -0.133824 0.099098
66.500008 -0.052636 -0.115408 0.092926
67.000000 -0.075346 -0.135296 0.098835
67.500000 -0.081720 -0.136453 0.092020
68.000000 -0.079929 -0.131523 0.091864
68.500000 -0.072898 -0.119817 0.084605
69.000008 -0.081209 -0.125071 0.082949
69.500000 -0.078386 -0.120064 0.082575
70.000000 -0.064933 -0.111825 0.079033
70.500000 -0.064289 -0.111856 0.078166
71.000000 -0.064984 -0.113691 0.078956
71.500000 -0.073365 -0.121007 0.079917
72.000000 -0.065274 -0.113009 0.078439
72.500000 -0.073986 -0.123973 0.079415
73.000008 -0.072046 -0.123771 0.081111
73.500000 -0.069351 -0.122758 0.080456
74.000000 -0.050655 -0.098561 0.073970
74.500000 -0.073205 -0.113026 0.081474
75.000000 -0.069179 -0.103894 0.079835
75.500008 -0.070588 -0.105182 0.078907
76.000000 -0.074614 -0.111381 0.080020
76.500000 -0.081715 -0.116313 0.081962
77.000008 -0.079909 -0.115580 0.081438
77.500000 -0.082878 -0.117409 0.081602
78.000000 -0.056405 -0.093888 0.071759
78.500000 -0.073296 -0.114542 0.074571
79.000000 -0.065705 -0.113302 0.073241
79.500008 -0.085280 -0.128209 0.080714
80.000000 -0.049500 -0.090638 0.066628
80.500000 -0.063000 -0.101143 0.071823
81.000000 -0.051104 -0.086815 0.067879
81.500000 -0.039879 -0.086764 0.063426
82.000000 -0.050859 -0.107706 0.066662
82.500000 -0.047446 -0.106966 0.066398
83.000000 -0.047501 -0.107711 0.064699
83.500000 -0.055047 -0.118266 0.066800
84.000000 -0.055266 -0.110706 0.057546
84.500000 -0.051423 -0.106450 0.055873
85.000008 -0.057624 -0.110672 0.054613
85.500008 -0.067016 -0.122049 0.058671
86.000000 -0.067050 -0.121417 0.058168
86.500000 -0.065828 -0.118249 0.058242
87.000000 -0.064301 -0.112338 0.056576
87.500008 -0.060774 -0.107097 0.055375
88.000008 -0.046010 -0.090386 0.049892
88.500000 -0.038678 -0.082451 0.048725
89.000000 -0.024381 -0.068079 0.044031
89.500000 -0.037594 -0.083594 0.047002
90.000008 -0.034931 -0.080564 0.046727
90.500008 -0.035428 -0.080899 0.045606
91.000000 -0.042821 -0.093260 0.047835
91.500000 -0.044561 -0.096132 0.048085
92.000000 -0.049895 -0.103634 0.049920
92.500008 -0.061494 -0.117470 0.052276
93.000008 -0.055649 -0.110732 0.051785
93.500008 -0.059303 -0.113354 0.053179
94.000000 -0.057861 -0.109063 0.052465
94.500000 -0.064074 -0.110229 0.053957
95.000000 -0.074908 -0.106227 0.056545
95.500008 -0.065555 -0.089399 0.054785
96.000008 -0.040738 -0.069554 0.045953
96.500000 -0.034211 -0.063241 0.042533
97.000000 -0.033005 -0.063933 0.042015
97.500000 -0.033563 -0.068458 0.043100
98.000008 -0.034587 -0.072191 0.043636
98.500008 -0.028535 -0.067730 0.042931
99.000000 -0.023277 -0.063075 0.041760
99.500000 -0.012954 -0.051770 0.038048
