0.000000 0.000000 0.000000 0.000000
0.500000 0.171615 0.186653 -0.022963
1.000000 0.210309 0.240009 -0.038247
1.500000 0.379728 0.476055 -0.111012
2.000000 0.724424 0.976158 -0.351682
2.500000 1.148867 1.369121 -0.587673
3.000000 1.648018 1.772383 -0.769123
3.500000 2.283031 2.247704 -0.986505
4.000000 2.980423 2.524893 -0.993970
4.500000 3.539804 2.511598 -1.029688
5.000000 4.071692 2.462138 -1.076954
5.500000 4.484630 2.441771 -1.254555
6.000000 4.738336 2.176051 -1.400964
6.500000 4.771221 1.601690 -1.372286
7.000000 4.669600 1.093180 -1.191086
7.500000 4.167230 0.552601 -0.859305
8.000000 3.486849 0.290399 -0.895154
8.500000 3.201029 0.260118 -1.162223
9.000000 3.201420 0.285696 -1.281070
9.500000 3.490510 0.240078 -1.078688
10.000000 3.523415 0.213162 -0.840116
10.500000 3.248238 0.165733 -0.694293
11.000001 3.026931 0.114923 -0.630747
11.500000 2.895866 0.095726 -0.682628
12.000001 2.809883 0.092965 -0.684549
12.500000 2.777521 0.074272 -0.671066
13.000001 2.870387 0.071842 -0.602174
13.500000 3.054455 0.078630 -0.520165
14.000000 3.221121 0.097694 -0.462068
14.500001 3.639447 0.136856 -0.308900
15.000000 4.017077 0.175795 -0.219587
15.500001 4.342950 0.221836 -0.209280
16.000000 4.507386 0.263278 -0.301096
16.500000 4.408612 0.275691 -0.505556
17.000000 4.280854 0.276711 -0.657751
17.500000 3.995619 0.241431 -0.729119
18.000000 3.805490 0.189577 -0.767877
18.500000 3.732198 0.159840 -0.787084
19.000000 3.645806 0.158538 -0.778587
19.500000 3.598323 0.158282 -0.752083
20.000000 3.594306 0.127276 -0.629798
20.500000 3.722300 0.132526 -0.685388
21.000000 3.415855 0.118706 -0.745792
21.500000 3.573280 0.125847 -0.674646
22.000002 3.578905 0.121338 -0.686585
22.500002 3.487451 0.101398 -0.652645
23.000000 3.403266 0.106443 -0.746474
23.500000 3.392493 0.106124 -0.753900
24.000002 3.397656 0.104011 -0.809607
24.500002 3.232042 0.089867 -0.863846
25.000000 3.079479 0.090845 -0.969723
25.500000 3.012804 0.093213 -1.060144
26.000002 2.939158 0.089413 -1.086376
26.500002 2.888633 0.099824 -1.158446
27.000000 2.878625 0.090156 -1.175026
27.500000 2.979859 0.104110 -1.129524
28.000000 3.173429 0.113218 -1.066677
28.500002 3.321666 0.130647 -0.962808
29.000002 3.600306 0.146835 -0.748051
29.500000 4.070061 0.178427 -0.462186
30.000000 4.699632 0.229699 -0.116779
30.500002 5.292702 0.339977 0.093366
31.000002 6.003469 0.502521 0.321325
31.500000 6.402032 0.676078 0.261225
32.000000 6.410944 0.674116 0.177646
32.500000 6.096493 0.559832 -0.000932
33.000000 5.648478 0.391630 -0.111237
33.500000 5.301868 0.284702 -0.174760
34.000000 5.119205 0.247770 -0.253971
34.500004 4.893770 0.217907 -0.324658
35.000000 4.638909 0.181578 -0.340634
35.500000 4.576399 0.185820 -0.413369
36.000000 4.839711 0.233277 -0.429605
36.500004 5.008037 0.276882 -0.453032
37.000000 5.116468 0.316932 -0.481413
37.500000 5.420917 0.372332 -0.406174
38.000000 5.748794 0.429788 -0.297045
38.500004 5.370579 0.351124 -0.423576
39.000000 5.514407 0.355077 -0.367514
39.500000 5.099226 0.278394 -0.500539
40.000000 5.103815 0.271207 -0.498412
40.500000 5.004565 0.254353 -0.524953
41.000000 5.003613 0.244066 -0.530345
41.500000 5.133868 0.271048 -0.541260
42.000000 5.068419 0.267261 -0.561421
42.500004 5.047349 0.274424 -0.581579
43.000000 4.817391 0.242604 -0.649475
43.500000 4.743874 0.237058 -0.679648
44.000004 4.663582 0.226593 -0.695685
44.500000 4.658517 0.191691 -0.801022
45.000004 5.153755 0.178467 -0.938783
45.500000 5.734377 0.228879 -0.907442
46.000000 5.525809 0.206905 -1.080182
46.500004 5.953085 0.270608 -0.985517
47.000000 5.009217 0.264696 -1.053234
47.500000 3.897217 0.225271 -1.228530
48.000004 2.889246 0.258635 -1.395782
48.500000 1.899028 0.279139 -1.495325
49.000004 1.106328 0.276879 -1.482318
49.500000 0.306826 0.168919 -1.468972
50.000000 -0.172159 0.111693 -1.399870
50.500004 -0.558224 0.028346 -1.295669
51.000000 -0.828822 0.004482 -1.173157
51.500004 -0.753990 -0.004563 -0.824912
52.000004 -0.323725 -0.004263 -0.329323
52.500000 0.173457 -0.004135 0.177273
53.000004 0.603241 -0.003898 0.607060
53.500000 0.781150 -0.003872 0.784968
54.000000 0.683693 -0.006702 0.690242
54.500004 0.070896 -0.342208 0.405159
55.000000 -0.769050 -1.002965 0.210137
55.500004 -1.014013 -1.036461 0.007324
56.000000 -0.995536 -0.932829 -0.067619
56.500000 -0.922222 -0.745905 -0.176598
57.000004 -0.823553 -0.603672 -0.219932
57.500000 -0.696639 -0.479580 -0.217098
58.000004 -0.659852 -0.444586 -0.215308
58.500004 -0.627308 -0.385313 -0.243824
59.000000 -0.555926 -0.345015 -0.210949
59.500004 -0.482442 -0.284725 -0.197752
60.000000 -0.444369 -0.258505 -0.185900
