0.000000 0.000000 0.000000 0.000000
0.500000 0.171982 0.187378 -0.023208
1.000000 0.210970 0.241229 -0.038714
1.500000 0.381911 0.480994 -0.114156
2.000000 0.724583 0.974342 -0.353829
2.500000 1.156299 1.375017 -0.592056
3.000000 1.660533 1.781548 -0.773087
3.500000 2.297757 2.247399 -0.981271
4.000000 2.995563 2.530323 -0.994523
4.500000 3.561390 2.516489 -1.027224
5.000000 4.085903 2.466512 -1.074252
5.500000 4.461701 2.420395 -1.258356
6.000000 4.765481 2.189966 -1.406084
6.500000 4.794045 1.600760 -1.367419
7.000000 4.666518 1.073294 -1.175453
7.500000 4.143036 0.545599 -0.867675
8.000000 3.478790 0.288637 -0.908349
8.500000 3.166313 0.253574 -1.171491
9.000000 3.251357 0.286813 -1.266300
9.500000 3.467339 0.235448 -1.069352
10.000000 3.482910 0.205646 -0.827376
10.500000 3.292666 0.167364 -0.667764
11.000001 3.063597 0.117364 -0.619358
11.500000 2.881579 0.094881 -0.694615
12.000001 2.798005 0.098324 -0.689753
12.500000 2.791206 0.094236 -0.627250
13.000001 2.858068 0.107423 -0.520902
13.500000 2.945409 0.132872 -0.402553
14.000000 3.172837 0.171448 -0.230522
14.500001 3.482756 0.232282 -0.094240
15.000000 3.856772 0.325403 0.025356
15.500001 4.202483 0.415460 0.036386
16.000000 4.219523 0.468476 -0.061052
16.500000 3.929461 0.507233 -0.217246
17.000000 3.701010 0.519608 -0.333698
17.500000 3.749278 0.475100 -0.354215
18.000000 3.403872 0.405772 -0.366751
18.500000 3.261769 0.339083 -0.301813
19.000000 3.024247 0.277459 -0.281445
19.500000 2.969249 0.214964 -0.243998
20.000000 2.845001 0.156356 -0.213528
20.500000 2.722099 0.123996 -0.214768
21.000000 2.581098 0.071408 -0.203126
21.500000 2.505962 0.089512 -0.288214
22.000002 2.517173 0.063764 -0.276366
22.500002 2.249310 0.021777 -0.291171
23.000000 2.271761 0.039772 -0.342626
23.500000 2.258545 0.032327 -0.337332
24.000002 2.266954 0.022451 -0.258772
24.500002 2.166950 0.017725 -0.303582
25.000000 2.427390 0.015702 -0.242263
25.500000 2.051336 0.014643 -0.316077
26.000002 2.411750 0.014289 -0.277561
26.500002 2.511849 0.008555 -0.273771
27.000000 2.481084 -0.000855 -0.304108
27.500000 2.433855 -0.004999 -0.332109
28.000000 2.523652 0.003540 -0.427717
28.500002 2.561789 0.011717 -0.513977
29.000002 2.598680 0.020015 -0.537499
29.500000 2.721931 0.005284 -0.647690
30.000000 2.770859 0.002652 -0.738841
30.500002 2.891627 0.014711 -0.839911
31.000002 3.023222 0.001932 -0.804954
31.500000 3.208340 0.004893 -0.780882
32.000000 3.385035 0.015778 -0.620746
32.500000 3.583532 0.010152 -0.465526
33.000000 3.708923 0.003415 -0.194213
33.500000 4.107964 0.005477 0.109286
34.000000 4.577705 0.007635 0.452692
34.500004 5.176677 0.004372 0.736284
35.000000 5.456104 0.000666 0.786144
35.500000 5.644943 0.000677 0.635615
36.000000 5.751822 0.007391 0.535001
36.500004 5.842598 0.014737 0.514068
37.000000 5.861397 0.017214 0.557607
37.500000 5.575215 -0.003440 0.504129
38.000000 5.382104 -0.004545 0.441280
38.500004 4.834128 -0.004682 0.334662
39.000000 4.685990 -0.004918 0.296278
39.500000 4.461404 -0.005248 0.244952
40.000000 4.238180 -0.005195 0.140150
40.500000 4.668998 -0.005293 0.055890
41.000000 4.806957 -0.005176 0.050009
41.500000 5.026490 -0.005234 -0.013554
42.000000 5.542568 -0.005192 0.004056
42.500004 5.749973 -0.005134 0.036280
43.000000 5.465260 -0.005232 -0.040066
43.500000 5.384479 -0.005148 0.003233
44.000004 5.365587 -0.005119 0.019989
44.500000 5.226827 -0.005169 -0.013981
45.000004 5.167748 -0.005190 -0.043577
45.500000 5.242742 -0.005148 -0.016009
46.000000 5.395905 -0.005057 -0.030818
46.500004 5.247609 -0.005179 -0.083817
47.000000 5.022321 -0.005214 -0.111348
47.500000 5.078078 -0.005423 -0.184066
48.000004 5.592504 -0.005534 -0.314874
48.500000 5.870625 -0.005533 -0.425622
49.000004 6.385575 -0.005659 -0.473079
49.500000 6.002434 -0.005724 -0.564765
50.000000 5.264039 -0.005839 -0.682224
50.500004 4.047857 -0.006090 -0.807837
51.000000 2.938063 -0.006238 -0.967045
51.500004 1.656679 -0.006334 -1.087952
52.000004 0.643225 -0.006251 -1.101693
52.500000 -0.291501 -0.006089 -1.014439
53.000004 -1.002527 -0.005774 -0.929415
53.500000 -1.635432 -0.005713 -0.827911
54.000000 -1.880947 -0.005531 -0.699174
54.500004 -1.902612 -0.005242 -0.444199
55.000000 -1.914425 -0.004656 -0.040427
55.500004 -1.371206 -0.004268 0.256941
56.000000 -0.913316 -0.004409 0.574356
56.500000 -0.712266 -0.004394 0.649197
57.000004 -0.927037 -0.018046 0.498902
57.500000 -1.211147 -0.036078 0.315593
58.000004 -1.687886 -0.082684 0.197070
58.500004 -1.645827 -0.099454 -0.004332
59.000000 -1.702602 -0.167542 0.006941
59.500004 -1.683056 -0.211877 -0.088774
60.000000 -1.579685 -0.264046 -0.115389
