0.000000 0.000000 0.000000 0.000000
0.500000 0.172042 0.187477 -0.023246
1.000000 0.211048 0.241368 -0.038771
1.500000 0.382117 0.481367 -0.114349
2.000000 0.725026 0.974929 -0.354303
2.500000 1.156512 1.375245 -0.590923
3.000000 1.659476 1.783444 -0.773510
3.500000 2.282212 2.235734 -0.981658
4.000000 2.982317 2.524191 -0.994232
4.500000 3.535463 2.491224 -1.026016
5.000000 4.062946 2.443153 -1.071648
5.500000 4.439213 2.400776 -1.253884
6.000000 4.763814 2.196620 -1.408893
6.500000 4.801365 1.603258 -1.373835
7.000000 4.680427 1.093953 -1.198055
7.500000 4.117052 0.524115 -0.852445
8.000000 3.494464 0.291652 -0.896696
8.500000 3.164517 0.254576 -1.169969
9.000000 3.223994 0.286918 -1.263395
9.500000 3.485002 0.234659 -1.072817
10.000000 3.512522 0.209281 -0.834501
10.500000 3.279779 0.164288 -0.678238
11.000001 3.072458 0.121193 -0.626511
11.500000 2.870133 0.095215 -0.687789
12.000001 2.825810 0.098310 -0.665765
12.500000 2.739282 0.089302 -0.640680
13.000001 2.801627 0.107325 -0.527289
13.500000 2.977865 0.138779 -0.377842
14.000000 3.141607 0.179291 -0.234446
14.500001 3.471594 0.243702 -0.046836
15.000000 3.826337 0.341611 0.065713
15.500001 4.142667 0.442936 0.069206
16.000000 4.149437 0.471664 0.004043
16.500000 3.838507 0.545094 -0.130534
17.000000 3.658988 0.594015 -0.217299
17.500000 3.555202 0.544390 -0.264380
18.000000 3.267250 0.414466 -0.293801
18.500000 3.185534 0.333796 -0.243809
19.000000 2.959275 0.282401 -0.240638
19.500000 2.902478 0.186396 -0.130806
20.000000 2.742823 0.132893 -0.151289
20.500000 2.628597 0.114416 -0.183452
21.000000 2.534713 0.083044 -0.257213
21.500000 2.416521 0.031928 -0.220579
22.000002 2.337599 0.031504 -0.208598
22.500002 2.276761 0.048617 -0.239260
23.000000 2.136331 0.073011 -0.280699
23.500000 2.311245 0.096537 -0.269704
24.000002 2.264823 0.092572 -0.239297
24.500002 2.271697 0.083563 -0.278088
25.000000 2.209192 0.081392 -0.301103
25.500000 2.509864 0.072851 -0.217210
26.000002 2.425142 0.067141 -0.263648
26.500002 2.391617 0.066430 -0.286626
27.000000 2.607819 0.047257 -0.273867
27.500000 2.591510 0.035104 -0.319245
28.000000 2.523069 0.031542 -0.399432
28.500002 2.660484 0.036897 -0.450108
29.000002 2.789089 0.034770 -0.535518
29.500000 2.662673 0.034660 -0.583291
30.000000 2.764633 0.026128 -0.718628
30.500002 2.896176 0.029273 -0.790368
31.000002 2.976063 0.025229 -0.863452
31.500000 3.061447 0.018149 -0.825063
32.000000 3.316270 0.023195 -0.749885
32.500000 3.499548 0.030302 -0.597035
33.000000 3.742935 0.019209 -0.360420
33.500000 3.857386 0.017042 -0.094614
34.000000 4.244786 0.014785 0.227495
34.500004 4.780984 0.017979 0.572961
35.000000 5.254283 0.010495 0.728688
35.500000 5.559056 0.007800 0.723479
36.000000 5.825486 0.001969 0.609092
36.500004 5.816065 0.020076 0.439948
37.000000 5.736172 0.029994 0.443931
37.500000 5.629115 0.050681 0.496324
38.000000 5.488791 0.014612 0.433672
38.500004 5.070730 0.000018 0.400851
39.000000 4.822399 -0.004749 0.307338
39.500000 4.652697 -0.004832 0.257557
40.000000 4.369394 -0.005024 0.151851
40.500000 4.561219 -0.004931 0.064393
41.000000 4.697776 -0.004961 0.012466
41.500000 5.190894 -0.005041 0.044891
42.000000 5.465262 -0.005067 0.016509
42.500004 5.685739 -0.005082 0.002587
43.000000 5.837884 -0.005009 0.022055
43.500000 5.983943 -0.004968 0.061483
44.000004 5.483007 -0.005068 -0.033430
44.500000 5.444790 -0.005063 -0.033786
45.000004 5.458003 -0.005078 -0.042740
45.500000 5.629289 -0.005012 -0.039233
46.000000 5.504020 -0.005094 -0.044347
46.500004 5.336418 -0.005063 -0.081249
47.000000 5.159081 -0.005217 -0.127277
47.500000 5.433366 -0.005380 -0.204958
48.000004 5.895205 -0.005493 -0.372369
48.500000 6.354647 -0.005645 -0.423474
49.000004 6.541099 -0.005482 -0.428437
49.500000 6.061491 -0.005601 -0.481961
50.000000 5.065324 -0.005719 -0.642401
50.500004 3.862632 -0.005921 -0.793271
51.000000 2.525278 -0.005905 -0.927364
51.500004 1.153990 -0.006100 -0.975233
52.000004 0.033157 -0.006093 -0.932504
52.500000 -0.892574 -0.005944 -0.885290
53.000004 -1.649370 -0.005843 -0.816413
53.500000 -2.296983 -0.005714 -0.715609
54.000000 -2.107316 -0.005384 -0.562180
54.500004 -2.089391 -0.005127 -0.381982
55.000000 -1.855269 -0.004937 -0.024955
55.500004 -1.201542 -0.004407 0.225189
56.000000 -0.965695 0.002341 0.493811
56.500000 -0.902684 -0.004205 0.554322
57.000004 -1.067966 -0.004848 0.481208
57.500000 -1.468927 -0.009061 0.360181
58.000004 -1.595258 -0.017147 0.219879
58.500004 -1.593994 -0.029393 0.075507
59.000000 -1.589178 -0.047699 0.011415
59.500004 -1.806817 -0.063998 -0.006474
60.000000 -1.664641 -0.089686 -0.011815
