0.000000 0.000000 0.000000 0.000000
0.500000 0.171840 0.187127 -0.023116
1.000000 0.210800 0.240907 -0.038572
1.500000 0.382250 0.481091 -0.113820
2.000000 0.725199 0.974323 -0.354841
2.500000 1.155408 1.373448 -0.591308
3.000000 1.658279 1.782093 -0.772844
3.500000 2.288784 2.242868 -0.982278
4.000000 2.979747 2.515899 -0.992531
4.500000 3.540586 2.501632 -1.029171
5.000000 4.071819 2.455474 -1.076389
5.500000 4.453128 2.417063 -1.259688
6.000000 4.763491 2.193992 -1.406086
6.500000 4.783708 1.587114 -1.363453
7.000000 4.651609 1.066308 -1.184106
7.500000 4.147603 0.545123 -0.860625
8.000000 3.515712 0.296623 -0.899124
8.500000 3.186790 0.259077 -1.170531
9.000000 3.228748 0.285465 -1.264659
9.500000 3.471297 0.232861 -1.080401
10.000000 3.527231 0.211854 -0.827903
10.500000 3.254218 0.156081 -0.674197
11.000001 3.054540 0.117892 -0.628687
11.500000 2.880196 0.093673 -0.688093
12.000001 2.820637 0.098054 -0.669641
12.500000 2.768038 0.081767 -0.638771
13.000001 2.862663 0.099250 -0.520128
13.500000 3.032710 0.123259 -0.414054
14.000000 3.190347 0.143723 -0.325800
14.500001 3.622768 0.197614 -0.152867
15.000000 3.967153 0.248258 -0.078933
15.500001 4.330722 0.307542 -0.110464
16.000000 4.468979 0.393925 -0.233557
16.500000 4.139232 0.418453 -0.450601
17.000000 3.898498 0.415416 -0.561428
17.500000 3.842366 0.351879 -0.604263
18.000000 3.765521 0.348725 -0.608326
18.500000 3.357363 0.260532 -0.540125
19.000000 3.250459 0.234013 -0.492105
19.500000 3.147875 0.205668 -0.444172
20.000000 3.084195 0.181023 -0.381431
20.500000 2.771764 0.114867 -0.349449
21.000000 2.839458 0.101718 -0.367403
21.500000 2.670527 0.052562 -0.386458
22.000002 2.487821 0.008735 -0.367127
22.500002 2.430252 -0.004815 -0.432678
23.000000 2.477480 -0.005384 -0.298772
23.500000 2.282223 -0.005828 -0.262960
24.000002 2.304851 -0.009459 -0.251253
24.500002 2.278488 -0.058026 -0.258712
25.000000 2.326234 -0.133772 -0.198773
25.500000 2.368195 -0.178599 -0.194760
26.000002 2.135180 -0.244109 -0.274818
26.500002 2.412221 -0.256039 -0.270395
27.000000 2.301880 -0.299146 -0.379509
27.500000 2.277286 -0.299137 -0.437991
28.000000 2.179873 -0.312249 -0.549856
28.500002 2.340130 -0.305345 -0.631112
29.000002 2.390596 -0.258963 -0.720655
29.500000 2.484143 -0.270443 -0.792643
30.000000 2.663520 -0.204595 -0.768074
30.500002 2.809635 -0.191922 -0.740338
31.000002 3.007065 -0.201243 -0.677063
31.500000 3.139565 -0.148531 -0.583079
32.000000 3.273316 -0.167380 -0.431288
32.500000 3.456488 -0.168922 -0.228689
33.000000 3.810408 -0.098771 0.015441
33.500000 4.456010 -0.042629 0.382658
34.000000 5.131726 -0.015813 0.650088
34.500004 5.825210 -0.008417 0.875804
35.000000 6.020909 -0.023347 0.764799
35.500000 5.866810 -0.064680 0.573107
36.000000 5.982899 -0.104477 0.524466
36.500004 5.935390 -0.161395 0.437629
37.000000 5.604447 -0.290763 0.395277
37.500000 5.401638 -0.406411 0.411597
38.000000 5.023905 -0.540540 0.315091
38.500004 4.725276 -0.587207 0.192437
39.000000 4.641289 -0.586313 0.192066
39.500000 4.318637 -0.654057 0.144694
40.000000 4.308700 -0.616480 0.148697
40.500000 4.339004 -0.561893 0.117654
41.000000 4.547409 -0.473627 0.080183
41.500000 4.731000 -0.339127 -0.021879
42.000000 5.059166 -0.244666 -0.038071
42.500004 5.009298 -0.214688 -0.121873
43.000000 5.052934 -0.179097 -0.212129
43.500000 4.887625 -0.240337 -0.232170
44.000004 4.836912 -0.310562 -0.222947
44.500000 4.769116 -0.269099 -0.236943
45.000004 4.784734 -0.278733 -0.196376
45.500000 4.807361 -0.287184 -0.177206
46.000000 4.850988 -0.267557 -0.143742
46.500004 4.933463 -0.198572 -0.175758
47.000000 4.842238 -0.211661 -0.218655
47.500000 4.825863 -0.170170 -0.260097
48.000004 4.990082 -0.258748 -0.379624
48.500000 5.275144 -0.402603 -0.492502
49.000004 5.507487 -0.313869 -0.601520
49.500000 5.775955 -0.224264 -0.648572
50.000000 5.767571 -0.192250 -0.680096
50.500004 4.905615 -0.226372 -0.784175
51.000000 3.836216 -0.249701 -0.964753
51.500004 2.667577 -0.288200 -1.186781
52.000004 1.901352 -0.136802 -1.306097
52.500000 0.977671 -0.135954 -1.353296
53.000004 0.200222 -0.179463 -1.329757
53.500000 -0.356390 -0.209308 -1.221271
54.000000 -0.756417 -0.260625 -1.147384
54.500004 -1.035678 -0.478709 -0.949854
55.000000 -1.207751 -0.839797 -0.627394
55.500004 -1.282271 -1.325002 -0.189452
56.000000 -1.086720 -1.549219 0.282262
56.500000 -1.087869 -1.817600 0.612718
57.000004 -0.944703 -1.682227 0.681523
57.500000 -1.216094 -1.838008 0.559965
58.000004 -1.624220 -2.065800 0.427061
58.500004 -1.650806 -1.898773 0.240134
59.000000 -1.605585 -1.693470 0.082115
59.500004 -1.611906 -1.621542 0.008127
60.000000 -1.532695 -1.530767 -0.002766
