0.000000 0.000000 0.000000 0.000000
0.500000 0.172152 0.187720 -0.023322
1.000000 0.212325 0.243160 -0.039218
1.500000 0.382360 0.481936 -0.114619
2.000000 0.728787 0.977959 -0.355534
2.500000 1.169846 1.386036 -0.597380
3.000000 1.669767 1.789836 -0.775286
3.500000 2.288258 2.240359 -0.979666
4.000000 2.984086 2.518131 -0.993619
4.500000 3.565254 2.511500 -1.021373
5.000000 4.065622 2.448928 -1.071580
5.500000 4.436861 2.400508 -1.259045
6.000000 4.768798 2.201195 -1.410156
6.500000 4.788172 1.598192 -1.366290
7.000000 4.665313 1.069448 -1.173594
7.500000 4.115895 0.536911 -0.863801
8.000000 3.475956 0.287158 -0.906677
8.500000 3.160651 0.252503 -1.165971
9.000000 3.215828 0.279646 -1.255501
9.500000 3.490509 0.228445 -1.070971
10.000000 3.486102 0.200997 -0.856404
10.500000 3.283710 0.167580 -0.703078
11.000001 3.030344 0.128915 -0.631323
11.500000 2.890913 0.113066 -0.666518
12.000001 2.800651 0.106156 -0.660645
12.500000 2.759737 0.109650 -0.630109
13.000001 2.860957 0.130116 -0.509174
13.500000 2.966565 0.159600 -0.349461
14.000000 3.213670 0.215828 -0.191114
14.500001 3.540231 0.282383 -0.030514
15.000000 3.901122 0.393883 0.044903
15.500001 4.190231 0.538371 0.002249
16.000000 4.173322 0.641335 -0.139830
16.500000 3.963333 0.839524 -0.350443
17.000000 3.823152 0.843267 -0.478952
17.500000 3.910969 0.606249 -0.595882
18.000000 3.661582 0.385820 -0.523241
18.500000 3.221464 0.155014 -0.365546
19.000000 3.132709 0.054580 -0.311165
19.500000 2.929542 0.049376 -0.239683
20.000000 2.719271 0.079574 -0.122280
20.500000 2.518197 0.066433 -0.062878
21.000000 2.385563 -0.000369 -0.016530
21.500000 2.227252 -0.038121 -0.100654
22.000002 2.045275 -0.055452 -0.075582
22.500002 1.915915 -0.035072 -0.148250
23.000000 1.775890 -0.026330 -0.180907
23.500000 1.777026 -0.013331 -0.208884
24.000002 1.646032 -0.009604 -0.209515
24.500002 1.732118 -0.009270 -0.235598
25.000000 1.715133 -0.009370 -0.242023
25.500000 1.747188 -0.008570 -0.242179
26.000002 1.792448 -0.007331 -0.247357
26.500002 1.776658 -0.005970 -0.307156
27.000000 1.994143 -0.005704 -0.376812
27.500000 2.128048 -0.005536 -0.378517
28.000000 2.391794 -0.005524 -0.356980
28.500002 2.711892 -0.005435 -0.281133
29.000002 3.127881 -0.005138 -0.161159
29.500000 3.502150 -0.005115 -0.015467
30.000000 3.978542 -0.004810 0.189104
30.500002 4.432984 -0.004547 0.402177
31.000002 4.699576 -0.004372 0.535415
31.500000 4.902689 -0.004425 0.544201
32.000000 4.442275 -0.004738 0.418188
32.500000 4.148029 -0.004638 0.515922
33.000000 4.262601 -0.004309 0.739045
33.500000 4.619331 -0.004220 0.863186
34.000000 4.973119 -0.004331 0.790585
34.500004 4.967308 -0.004427 0.630552
35.000000 4.931567 -0.004415 0.531602
35.500000 5.031058 -0.004739 0.400585
36.000000 5.344873 -0.004765 0.366386
36.500004 5.084714 -0.004919 0.228581
37.000000 5.042595 -0.004986 0.236383
37.500000 4.905619 -0.004866 0.225784
38.000000 4.952674 -0.005063 0.128769
38.500004 5.074223 -0.005189 0.017351
39.000000 4.929755 -0.005303 -0.072366
39.500000 5.289983 -0.005293 -0.062666
40.000000 5.143207 -0.005378 -0.092689
40.500000 5.010180 -0.005277 -0.079818
41.000000 5.054318 -0.005351 -0.157870
41.500000 4.953872 -0.005425 -0.150500
42.000000 4.928979 -0.005367 -0.103365
42.500004 4.924333 -0.005463 -0.142956
43.000000 4.925706 -0.005362 -0.112000
43.500000 4.660223 -0.005372 -0.121016
44.000004 4.574293 -0.005543 -0.163856
44.500000 4.345191 -0.005555 -0.190929
45.000004 4.280025 -0.005570 -0.211927
45.500000 4.205114 -0.005533 -0.264473
46.000000 4.081627 -0.005567 -0.266831
46.500004 3.894429 -0.005666 -0.286712
47.000000 3.920637 -0.005544 -0.283930
47.500000 3.972591 -0.005641 -0.334384
48.000004 3.860675 -0.005724 -0.311481
48.500000 4.383992 -0.005853 -0.339811
49.000004 4.874621 -0.005799 -0.322087
49.500000 5.274604 -0.005552 -0.281107
50.000000 5.870900 -0.005320 -0.085441
50.500004 6.410509 -0.004984 0.152759
51.000000 6.398763 -0.004730 0.396311
51.500004 5.996378 -0.004719 0.462825
52.000004 4.091457 -0.004941 0.234997
52.500000 2.311139 -0.005196 0.133566
53.000004 0.755805 -0.005273 0.145589
53.500000 -0.028030 -0.005350 0.043857
54.000000 -1.066475 -0.005592 -0.127347
54.500004 -2.022003 -0.005904 -0.321330
55.000000 -2.503780 -0.007029 -0.582125
55.500004 -2.995347 -0.006367 -0.780301
56.000000 -3.218206 -0.007464 -0.993887
56.500000 -2.698550 -0.007204 -1.012746
57.000004 -2.343778 -0.007354 -1.018253
57.500000 -2.169567 -0.007275 -0.843621
58.000004 -2.134362 -0.007843 -0.693240
58.500004 -1.979398 -0.009954 -0.501090
59.000000 -1.808216 -0.022446 -0.355793
59.500004 -1.604621 -0.022598 -0.265323
60.000000 -1.543672 -0.048432 -0.179877
