0.000000 0.000000 0.000000 0.000000
0.500000 0.171867 0.187177 -0.023134
1.000000 0.210841 0.240979 -0.038600
1.500000 0.382360 0.481304 -0.113929
2.000000 0.725814 0.975232 -0.355363
2.500000 1.155020 1.372106 -0.590798
3.000000 1.658972 1.781469 -0.772043
3.500000 2.280574 2.235693 -0.981104
4.000000 2.974871 2.518693 -0.995074
4.500000 3.535048 2.497512 -1.028439
5.000000 4.052496 2.441355 -1.073945
5.500000 4.477736 2.435963 -1.257948
6.000000 4.753626 2.176430 -1.395826
6.500000 4.802351 1.595146 -1.361721
7.000000 4.661144 1.077643 -1.189283
7.500000 4.145822 0.543394 -0.861197
8.000000 3.506974 0.292365 -0.888905
8.500000 3.171032 0.255489 -1.170429
9.000000 3.285084 0.278912 -1.248989
9.500000 3.466584 0.236330 -1.076749
10.000000 3.465486 0.203973 -0.844429
10.500000 3.268497 0.165368 -0.690857
11.000001 3.056653 0.115498 -0.616293
11.500000 2.901685 0.099551 -0.686103
12.000001 2.798021 0.098387 -0.686073
12.500000 2.743395 0.086447 -0.645005
13.000001 2.847249 0.102444 -0.520425
13.500000 3.005936 0.130178 -0.416102
14.000000 3.166240 0.144874 -0.298404
14.500001 3.536910 0.193716 -0.155204
15.000000 3.950968 0.252709 -0.045623
15.500001 4.317283 0.335010 -0.059410
16.000000 4.326132 0.408384 -0.192965
16.500000 4.058431 0.418556 -0.389098
17.000000 3.806572 0.444671 -0.521892
17.500000 3.912426 0.413417 -0.530784
18.000000 3.629561 0.375311 -0.586834
18.500000 3.459807 0.316584 -0.488012
19.000000 3.200850 0.245671 -0.473932
19.500000 3.121854 0.203918 -0.378701
20.000000 2.921106 0.166211 -0.379872
20.500000 2.953048 0.152641 -0.322747
21.000000 2.874764 0.123582 -0.304219
21.500000 2.730588 0.077567 -0.412549
22.000002 2.706198 0.037284 -0.337491
22.500002 2.386963 -0.004403 -0.353257
23.000000 2.320205 -0.005352 -0.353530
23.500000 2.544752 -0.005232 -0.240905
24.000002 2.450475 -0.005422 -0.299473
24.500002 2.474995 -0.006447 -0.229851
25.000000 2.354146 -0.019304 -0.217407
25.500000 2.339023 -0.047901 -0.216712
26.000002 2.391916 -0.072106 -0.220396
26.500002 2.343643 -0.122838 -0.321149
27.000000 2.281991 -0.166569 -0.339355
27.500000 2.369622 -0.197832 -0.441354
28.000000 2.372534 -0.201442 -0.546762
28.500002 2.526409 -0.204087 -0.635113
29.000002 2.568446 -0.211685 -0.702781
29.500000 2.589838 -0.213688 -0.785533
30.000000 2.705009 -0.228674 -0.779140
30.500002 2.899107 -0.181717 -0.759784
31.000002 3.074944 -0.199330 -0.660091
31.500000 3.253675 -0.200643 -0.553521
32.000000 3.456300 -0.174711 -0.368613
32.500000 3.617585 -0.141823 -0.163454
33.000000 3.897956 -0.104759 0.100979
33.500000 4.574714 -0.036253 0.479558
34.000000 5.177902 -0.041392 0.767955
34.500004 5.757535 -0.031004 0.863706
35.000000 5.748322 -0.047619 0.710999
35.500000 6.105656 -0.059759 0.663357
36.000000 6.023888 -0.120100 0.509569
36.500004 5.963125 -0.221999 0.489366
37.000000 5.708829 -0.296731 0.469254
37.500000 5.359884 -0.446388 0.428627
38.000000 4.787450 -0.543792 0.316995
38.500004 4.408203 -0.632602 0.201429
39.000000 4.199909 -0.673099 0.169829
39.500000 4.089735 -0.675168 0.153143
40.000000 4.322989 -0.571363 0.171254
40.500000 4.396298 -0.516792 0.122791
41.000000 4.547664 -0.434060 0.079311
41.500000 4.843501 -0.318194 0.015553
42.000000 4.991488 -0.210508 -0.068378
42.500004 5.117109 -0.159786 -0.091449
43.000000 5.049223 -0.253813 -0.078819
43.500000 4.952519 -0.278316 -0.145263
44.000004 4.869518 -0.314898 -0.127083
44.500000 4.806343 -0.366875 -0.127257
45.000004 4.699869 -0.358230 -0.143705
45.500000 4.796999 -0.325832 -0.108214
46.000000 4.713699 -0.355346 -0.125964
46.500004 4.752627 -0.255488 -0.162544
47.000000 4.873743 -0.238183 -0.180594
47.500000 4.640346 -0.333639 -0.226354
48.000004 5.019143 -0.411115 -0.350480
48.500000 5.491385 -0.393290 -0.462196
49.000004 5.714049 -0.312879 -0.535362
49.500000 5.907411 -0.265214 -0.628232
50.000000 5.598381 -0.211372 -0.691278
50.500004 4.515703 -0.331136 -0.793584
51.000000 3.569839 -0.342211 -0.977437
51.500004 2.457496 -0.329097 -1.161761
52.000004 1.490089 -0.252912 -1.245842
52.500000 0.721081 -0.233353 -1.282954
53.000004 -0.040144 -0.249745 -1.243315
53.500000 -0.639038 -0.300735 -1.213134
54.000000 -1.030745 -0.457147 -1.033577
54.500004 -1.156842 -0.576623 -0.849298
55.000000 -1.372594 -1.078836 -0.405901
55.500004 -1.373630 -1.454272 0.016024
56.000000 -1.379062 -1.866759 0.457988
56.500000 -0.900379 -1.557580 0.640750
57.000004 -1.182047 -1.739828 0.554253
57.500000 -1.375408 -1.766699 0.388613
58.000004 -1.669847 -1.893140 0.223276
58.500004 -1.849634 -1.978050 0.128377
59.000000 -1.572042 -1.524331 -0.046577
59.500004 -1.547407 -1.482286 -0.064435
60.000000 -1.474246 -1.393548 -0.080597
