0.000000 0.000000 0.000000 0.000000
0.500000 0.172133 0.187624 -0.023304
1.000000 0.212293 0.243032 -0.039187
1.500000 0.382243 0.481611 -0.114494
2.000000 0.727167 0.975534 -0.354404
2.500000 1.169816 1.386462 -0.597380
3.000000 1.668454 1.789717 -0.775274
3.500000 2.269864 2.219534 -0.977024
4.000000 2.983226 2.518763 -0.994013
4.500000 3.548598 2.502048 -1.026186
5.000000 4.069389 2.454831 -1.074464
5.500000 4.435536 2.401431 -1.262062
6.000000 4.785183 2.210269 -1.410594
6.500000 4.789843 1.592709 -1.359246
7.000000 4.669933 1.073760 -1.175432
7.500000 4.107403 0.532198 -0.864974
8.000000 3.507647 0.293888 -0.904466
8.500000 3.148375 0.249070 -1.157029
9.000000 3.301908 0.284386 -1.255110
9.500000 3.461035 0.235609 -1.082592
10.000000 3.479214 0.205069 -0.836864
10.500000 3.317171 0.168171 -0.674735
11.000001 3.046973 0.119127 -0.627885
11.500000 2.911355 0.102517 -0.676169
12.000001 2.800991 0.098671 -0.672130
12.500000 2.723552 0.090371 -0.638619
13.000001 2.813004 0.106351 -0.503310
13.500000 2.952122 0.139778 -0.359828
14.000000 3.174618 0.192781 -0.198426
14.500001 3.493575 0.274379 -0.007354
15.000000 3.805642 0.378441 0.105674
15.500001 4.084538 0.477645 0.125254
16.000000 4.105413 0.566199 0.083065
16.500000 3.809995 0.612195 -0.059129
17.000000 3.676204 0.711515 -0.106559
17.500000 3.312696 0.567284 -0.185831
18.000000 3.297328 0.447486 -0.205266
18.500000 3.019138 0.344702 -0.177313
19.000000 2.862999 0.296809 -0.171430
19.500000 2.679254 0.198058 -0.156255
20.000000 2.600954 0.126957 -0.125546
20.500000 2.532365 0.070184 -0.123529
21.000000 2.337177 0.027311 -0.153550
21.500000 2.185209 0.043896 -0.108513
22.000002 2.185460 0.068147 -0.161333
22.500002 2.058405 0.098319 -0.173564
23.000000 1.968510 0.104471 -0.138659
23.500000 1.894535 0.107806 -0.165912
24.000002 1.974091 0.109334 -0.226938
24.500002 2.227756 0.111996 -0.125176
25.000000 2.393238 0.136150 -0.163278
25.500000 2.329788 0.120604 -0.244861
26.000002 2.550829 0.119755 -0.161665
26.500002 2.466693 0.098850 -0.213759
27.000000 2.624789 0.083292 -0.220610
27.500000 2.757696 0.062709 -0.223930
28.000000 2.878002 0.043012 -0.234319
28.500002 2.867175 0.040809 -0.298726
29.000002 3.014891 0.030942 -0.395478
29.500000 2.987006 0.041550 -0.466176
30.000000 2.921033 0.054247 -0.612439
30.500002 2.782988 0.038393 -0.725101
31.000002 2.851268 0.030435 -0.805550
31.500000 2.970511 0.041286 -0.829028
32.000000 3.231914 0.020678 -0.775034
32.500000 3.428198 0.023195 -0.679874
33.000000 3.660099 0.040441 -0.490984
33.500000 3.801514 0.045394 -0.267324
34.000000 4.034058 0.029643 0.006729
34.500004 4.225093 0.032196 0.282256
35.000000 4.669300 0.019894 0.552202
35.500000 5.045629 0.002955 0.651026
36.000000 5.205063 0.001905 0.622073
36.500004 5.373042 0.010796 0.432475
37.000000 5.390163 0.018732 0.363936
37.500000 5.375164 0.016400 0.380295
38.000000 5.283114 0.003289 0.380385
38.500004 5.282968 0.004099 0.418864
39.000000 5.017274 -0.000674 0.328550
39.500000 4.739716 -0.003762 0.226347
40.000000 4.497952 -0.004753 0.174190
40.500000 4.341560 -0.005047 0.089532
41.000000 4.333681 -0.005203 -0.006309
41.500000 4.376242 -0.005375 -0.134476
42.000000 4.616801 -0.005337 -0.109051
42.500004 5.100200 -0.005256 -0.060304
43.000000 5.375809 -0.005152 0.004977
43.500000 5.511948 -0.005078 0.060771
44.000004 5.895090 -0.004956 0.164638
44.500000 5.727316 -0.004990 0.120637
45.000004 5.694599 -0.004997 0.127992
45.500000 5.594419 -0.005048 0.098555
46.000000 5.222156 -0.005208 -0.006220
46.500004 5.144715 -0.005265 -0.078980
47.000000 5.303824 -0.005209 -0.046210
47.500000 5.258500 -0.005280 -0.107100
48.000004 5.070692 -0.005355 -0.160349
48.500000 5.513035 -0.005419 -0.251109
49.000004 5.904959 -0.005423 -0.365065
49.500000 5.953464 -0.005754 -0.524297
50.000000 6.138878 -0.005816 -0.573577
50.500004 5.645015 -0.005849 -0.638546
51.000000 4.638132 -0.005909 -0.790354
51.500004 3.444621 -0.006161 -0.938686
52.000004 2.087478 -0.006327 -1.067052
52.500000 0.852346 -0.006248 -1.073969
53.000004 0.055015 -0.006018 -0.948934
53.500000 -0.692974 -0.005804 -0.838310
54.000000 -1.242420 -0.005568 -0.619734
54.500004 -1.647559 -0.005270 -0.395814
55.000000 -1.703649 -0.004861 -0.090454
55.500004 -1.164429 -0.004532 0.196891
56.000000 -1.013431 -0.004205 0.475818
56.500000 -0.733725 -0.004306 0.497194
57.000004 -0.396165 -0.004205 0.433784
57.500000 -1.245439 -0.000077 0.390737
58.000004 -1.456475 0.013807 0.203016
58.500004 -1.631019 0.008275 0.072056
59.000000 -1.794220 0.000841 -0.032996
59.500004 -1.869605 -0.004134 -0.062901
60.000000 -1.838300 -0.006321 0.002915
