0.000000 0.000000 0.000000 0.000000
0.500000 0.171924 0.187277 -0.023171
1.000000 0.210891 0.241088 -0.038657
1.500000 0.382795 0.482165 -0.114425
2.000000 0.723924 0.973459 -0.353153
2.500000 1.156165 1.376187 -0.592028
3.000000 1.658867 1.785139 -0.774368
3.500000 2.281060 2.237397 -0.983126
4.000000 2.971977 2.518744 -0.997928
4.500000 3.539890 2.499475 -1.028523
5.000000 4.029778 2.422124 -1.076008
5.500000 4.465583 2.425447 -1.259958
6.000000 4.770123 2.184289 -1.397507
6.500000 4.809953 1.608876 -1.366854
7.000000 4.683107 1.083928 -1.187748
7.500000 4.134294 0.543988 -0.871551
8.000000 3.474597 0.290130 -0.920216
8.500000 3.184377 0.255969 -1.165962
9.000000 3.332276 0.282718 -1.228495
9.500000 3.471956 0.234439 -1.067358
10.000000 3.537905 0.212813 -0.821598
10.500000 3.290563 0.169434 -0.680123
11.000001 3.053632 0.116934 -0.625540
11.500000 2.921589 0.096618 -0.684627
12.000001 2.767598 0.096268 -0.682749
12.500000 2.760772 0.086674 -0.646523
13.000001 2.872799 0.106147 -0.518783
13.500000 2.960984 0.126111 -0.412478
14.000000 3.189587 0.166606 -0.270126
14.500001 3.541779 0.215451 -0.111755
15.000000 3.909673 0.284294 -0.004389
15.500001 4.247332 0.384194 -0.015831
16.000000 4.301271 0.447936 -0.127852
16.500000 4.019889 0.477397 -0.292239
17.000000 3.674840 0.466917 -0.406009
17.500000 3.816199 0.447036 -0.454889
18.000000 3.445110 0.366309 -0.425975
18.500000 3.411088 0.326437 -0.366541
19.000000 3.072630 0.249066 -0.345798
19.500000 3.097296 0.227716 -0.329946
20.000000 2.903072 0.180068 -0.293068
20.500000 2.784037 0.148108 -0.294892
21.000000 2.690691 0.130057 -0.345787
21.500000 2.648374 0.097130 -0.339473
22.000002 2.354977 0.032920 -0.365493
22.500002 2.396857 0.024052 -0.381603
23.000000 2.494596 0.000838 -0.296069
23.500000 2.421894 -0.004379 -0.377673
24.000002 2.395196 -0.005017 -0.300621
24.500002 2.380433 -0.005235 -0.313612
25.000000 2.041355 -0.005350 -0.287597
25.500000 2.448296 -0.005208 -0.214581
26.000002 2.367780 -0.005357 -0.255702
26.500002 2.411557 -0.005300 -0.220756
27.000000 2.477259 -0.000989 -0.275067
27.500000 2.510916 -0.006832 -0.337521
28.000000 2.516216 -0.007702 -0.441012
28.500002 2.472034 -0.007540 -0.549477
29.000002 2.522900 -0.008502 -0.648569
29.500000 2.723827 -0.009976 -0.744944
30.000000 2.832826 -0.012570 -0.741746
30.500002 2.938945 -0.015534 -0.796102
31.000002 3.107190 -0.016289 -0.745446
31.500000 3.225600 -0.012434 -0.613227
32.000000 3.477546 -0.011425 -0.473448
32.500000 3.519099 -0.013622 -0.263766
33.000000 3.778129 -0.006830 -0.017725
33.500000 4.273883 -0.005010 0.328931
34.000000 4.803392 -0.004405 0.614076
34.500004 5.333996 -0.004379 0.790607
35.000000 5.477079 -0.004407 0.689878
35.500000 5.633903 -0.004579 0.574003
36.000000 5.697208 -0.005384 0.482845
36.500004 5.921930 -0.005275 0.457573
37.000000 5.870059 -0.007030 0.499718
37.500000 5.560469 -0.010114 0.476186
38.000000 4.981732 -0.044352 0.376271
38.500004 4.757335 -0.101612 0.288529
39.000000 4.611569 -0.130878 0.212905
39.500000 4.415709 -0.148428 0.179036
40.000000 4.326009 -0.172831 0.135223
40.500000 4.640732 -0.174836 0.128204
41.000000 4.591058 -0.181407 0.044069
41.500000 5.158768 -0.125071 0.042239
42.000000 5.172999 -0.135559 -0.026302
42.500004 5.252408 -0.137270 -0.018111
43.000000 5.500832 -0.094236 -0.038385
43.500000 5.454702 -0.119827 -0.050051
44.000004 5.412569 -0.136161 -0.023792
44.500000 5.272039 -0.179102 -0.042005
45.000004 5.151075 -0.211620 -0.019791
45.500000 5.220747 -0.204545 -0.020191
46.000000 5.214144 -0.198675 -0.072162
46.500004 5.133391 -0.219557 -0.108729
47.000000 5.016072 -0.224840 -0.153438
47.500000 5.159188 -0.227191 -0.199219
48.000004 5.604512 -0.270017 -0.342563
48.500000 5.908727 -0.281400 -0.406044
49.000004 6.005030 -0.241688 -0.487730
49.500000 5.893271 -0.247307 -0.543797
50.000000 5.207901 -0.239114 -0.660427
50.500004 4.037895 -0.221739 -0.821930
51.000000 3.077342 -0.207071 -0.950483
51.500004 1.797424 -0.197140 -1.118245
52.000004 0.855941 -0.189749 -1.144971
52.500000 0.035202 -0.125121 -1.108341
53.000004 -0.563848 -0.101323 -1.057217
53.500000 -1.081348 -0.060587 -0.950722
54.000000 -1.429199 -0.048084 -0.769463
54.500004 -1.673505 -0.039258 -0.471076
55.000000 -1.685727 -0.073177 -0.175525
55.500004 -1.497736 -0.121963 0.245012
56.000000 -1.456368 -0.244566 0.519533
56.500000 -1.035242 -0.228542 0.577669
57.000004 -1.181884 -0.342993 0.477476
57.500000 -1.483514 -0.562885 0.382278
58.000004 -1.383342 -0.550962 0.147812
58.500004 -1.660870 -0.753099 0.133231
59.000000 -1.539642 -0.729573 -0.059529
59.500004 -1.523513 -0.860051 -0.033336
60.000000 -1.486712 -0.820157 -0.068718
