0.000000 0.000000 0.000000 0.000000
0.500000 0.171953 0.187328 -0.023190
1.000000 0.210931 0.241159 -0.038686
1.500000 0.382921 0.482403 -0.114549
2.000000 0.724404 0.974124 -0.353610
2.500000 1.155554 1.373722 -0.591476
3.000000 1.659741 1.777915 -0.771487
3.500000 2.290910 2.234893 -0.977830
4.000000 2.985814 2.519122 -0.991221
4.500000 3.558031 2.507634 -1.023675
5.000000 4.089919 2.474509 -1.081797
5.500000 4.457786 2.414661 -1.259603
6.000000 4.763606 2.186053 -1.407806
6.500000 4.760149 1.575944 -1.362046
7.000000 4.670231 1.075791 -1.174510
7.500000 4.131429 0.540049 -0.869663
8.000000 3.473914 0.289960 -0.918419
8.500000 3.157417 0.251065 -1.162969
9.000000 3.208244 0.280508 -1.266023
9.500000 3.490877 0.238905 -1.074909
10.000000 3.487343 0.205234 -0.823713
10.500000 3.315814 0.168665 -0.667564
11.000001 3.019695 0.113278 -0.632361
11.500000 2.867486 0.094553 -0.689219
12.000001 2.800547 0.094982 -0.674956
12.500000 2.789579 0.089624 -0.633782
13.000001 2.849033 0.107447 -0.519632
13.500000 2.960159 0.129160 -0.397772
14.000000 3.162861 0.170938 -0.261616
14.500001 3.529011 0.226494 -0.099658
15.000000 3.889131 0.301888 0.011548
15.500001 4.245220 0.397166 -0.019219
16.000000 4.242980 0.432283 -0.094083
16.500000 3.910388 0.479997 -0.262032
17.000000 3.756619 0.510428 -0.354387
17.500000 3.784706 0.449484 -0.368763
18.000000 3.376142 0.348452 -0.374620
18.500000 3.320233 0.320706 -0.312065
19.000000 3.014246 0.261822 -0.342997
19.500000 2.999542 0.220135 -0.285511
20.000000 2.870294 0.177411 -0.248586
20.500000 2.672836 0.113122 -0.212098
21.000000 2.607589 0.110437 -0.242383
21.500000 2.624115 0.104429 -0.317210
22.000002 2.488255 0.042519 -0.270207
22.500002 2.419479 0.035324 -0.360322
23.000000 2.387405 0.014174 -0.360931
23.500000 2.267225 -0.004280 -0.322225
24.000002 2.319843 -0.003690 -0.263850
24.500002 2.401758 -0.001753 -0.247271
25.000000 2.298563 0.000687 -0.240290
25.500000 2.126853 -0.000770 -0.274753
26.000002 2.445711 -0.004640 -0.240883
26.500002 2.323489 -0.005320 -0.328361
27.000000 2.565880 -0.005185 -0.311795
27.500000 2.674214 -0.004932 -0.313349
28.000000 2.503535 0.009744 -0.411956
28.500002 2.665005 0.005919 -0.438465
29.000002 2.616983 -0.005262 -0.561095
29.500000 2.725053 -0.005659 -0.665110
30.000000 2.809484 0.007203 -0.790584
30.500002 2.776702 -0.004411 -0.829103
31.000002 2.931724 -0.005781 -0.828458
31.500000 3.232311 0.003855 -0.754827
32.000000 3.435416 -0.003249 -0.595193
32.500000 3.503533 -0.005340 -0.418870
33.000000 3.685214 -0.003086 -0.176230
33.500000 4.179090 -0.001878 0.168524
34.000000 4.655588 -0.003874 0.536261
34.500004 5.231695 -0.003553 0.735206
35.000000 5.528562 -0.000722 0.771332
35.500000 5.728062 -0.002116 0.624549
36.000000 5.907878 -0.004170 0.539346
36.500004 5.904110 -0.004088 0.470544
37.000000 5.815310 0.004089 0.529381
37.500000 5.604957 -0.004191 0.529006
38.000000 5.126385 -0.006265 0.383747
38.500004 4.923626 -0.008560 0.323041
39.000000 4.503901 -0.017151 0.247558
39.500000 4.330418 -0.029844 0.199326
40.000000 4.392739 -0.029437 0.106369
40.500000 4.236570 -0.028957 0.010069
41.000000 4.787381 -0.036139 -0.000763
41.500000 5.239191 -0.020239 0.053892
42.000000 5.419024 -0.009336 -0.017476
42.500004 5.639356 -0.005790 -0.019509
43.000000 5.641557 -0.005309 -0.028369
43.500000 5.588161 -0.005302 -0.042328
44.000004 5.338902 -0.005374 -0.026082
44.500000 5.284566 -0.006500 -0.021035
45.000004 5.318241 -0.009281 -0.056706
45.500000 5.350740 -0.007217 -0.070091
46.000000 5.227434 -0.006569 -0.081169
46.500004 5.184896 -0.008431 -0.099095
47.000000 5.204321 -0.005984 -0.167293
47.500000 5.324488 -0.005949 -0.191356
48.000004 5.604845 -0.005804 -0.298835
48.500000 5.780547 -0.005960 -0.401936
49.000004 6.208843 -0.005818 -0.510399
49.500000 6.330784 -0.005846 -0.531028
50.000000 5.189356 -0.006053 -0.654258
50.500004 3.980482 -0.006104 -0.841787
51.000000 2.927863 -0.006161 -0.943453
51.500004 1.712337 -0.006174 -1.123359
52.000004 0.652805 -0.006316 -1.134547
52.500000 -0.175997 -0.006270 -1.100593
53.000004 -0.751241 -0.006064 -1.018410
53.500000 -1.497016 -0.005994 -0.929568
54.000000 -1.771494 -0.005584 -0.744449
54.500004 -2.051522 -0.005225 -0.472885
55.000000 -2.026181 -0.005050 -0.104913
55.500004 -1.624493 -0.004737 0.220216
56.000000 -1.067751 -0.004545 0.519739
56.500000 -0.977397 -0.045186 0.568284
57.000004 -1.239040 -0.117168 0.513219
57.500000 -1.402017 -0.185387 0.353088
58.000004 -1.570728 -0.239646 0.197022
58.500004 -1.648420 -0.325569 0.084026
59.000000 -1.571382 -0.371677 -0.028937
59.500004 -1.612639 -0.435266 -0.001620
60.000000 -1.572797 -0.466015 -0.042507
