0.000000 0.000000 0.000000 0.000000
0.500000 0.171896 0.187227 -0.023152
1.000000 0.210853 0.241018 -0.038628
1.500000 0.382570 0.481697 -0.114172
2.000000 0.724319 0.974423 -0.353230
2.500000 1.154750 1.374683 -0.591267
3.000000 1.660125 1.788435 -0.775266
3.500000 2.281305 2.237341 -0.982250
4.000000 2.977489 2.515124 -0.993616
4.500000 3.539339 2.495844 -1.027996
5.000000 4.050305 2.435049 -1.073694
5.500000 4.419218 2.385111 -1.255599
6.000000 4.745104 2.170974 -1.399072
6.500000 4.795313 1.594737 -1.361185
7.000000 4.664581 1.081501 -1.197437
7.500000 4.134024 0.541777 -0.866240
8.000000 3.479640 0.286188 -0.894320
8.500000 3.163947 0.253099 -1.167323
9.000000 3.216532 0.284190 -1.265256
9.500000 3.474263 0.228407 -1.070799
10.000000 3.505268 0.206989 -0.826865
10.500000 3.278739 0.169276 -0.691262
11.000001 3.054225 0.116602 -0.625203
11.500000 2.875764 0.092456 -0.684135
12.000001 2.764711 0.096502 -0.692742
12.500000 2.771197 0.086052 -0.645481
13.000001 2.850091 0.104030 -0.518701
13.500000 2.973794 0.126835 -0.419401
14.000000 3.165945 0.156554 -0.278666
14.500001 3.533943 0.208650 -0.134837
15.000000 3.931403 0.271026 -0.010097
15.500001 4.204903 0.342059 -0.040068
16.000000 4.292486 0.416993 -0.157331
16.500000 4.054587 0.448312 -0.319018
17.000000 3.785223 0.457377 -0.441397
17.500000 3.882235 0.451631 -0.503600
18.000000 3.523746 0.389106 -0.530538
18.500000 3.365576 0.319102 -0.422180
19.000000 3.090040 0.254171 -0.399210
19.500000 3.075297 0.213252 -0.340803
20.000000 2.831401 0.158949 -0.319174
20.500000 2.878788 0.132171 -0.261797
21.000000 2.738326 0.115321 -0.282333
21.500000 2.678652 0.110387 -0.400683
22.000002 2.544482 0.048093 -0.374938
22.500002 2.289613 -0.000026 -0.352672
23.000000 2.284428 -0.005238 -0.362498
23.500000 2.170598 -0.005349 -0.348174
24.000002 2.379996 -0.005259 -0.287882
24.500002 2.228771 -0.005376 -0.261032
25.000000 2.415516 -0.005276 -0.218655
25.500000 2.332411 -0.005506 -0.263879
26.000002 2.192974 -0.006826 -0.226905
26.500002 2.455822 -0.009825 -0.218705
27.000000 2.317777 -0.022929 -0.270837
27.500000 2.329357 -0.047447 -0.351227
28.000000 2.358898 -0.054567 -0.441746
28.500002 2.437254 -0.057296 -0.532285
29.000002 2.466668 -0.095015 -0.619866
29.500000 2.580937 -0.118242 -0.690289
30.000000 2.818053 -0.087923 -0.766993
30.500002 2.761774 -0.111845 -0.794852
31.000002 3.044143 -0.108457 -0.691398
31.500000 3.226655 -0.119468 -0.615875
32.000000 3.399151 -0.151430 -0.459115
32.500000 3.570420 -0.066085 -0.292840
33.000000 3.891714 -0.071785 0.013618
33.500000 4.208459 -0.035750 0.318306
34.000000 4.905509 -0.011809 0.658322
34.500004 5.572822 -0.007071 0.829279
35.000000 5.730859 -0.013773 0.762056
35.500000 5.681715 -0.025320 0.598296
36.000000 5.709018 -0.097027 0.533672
36.500004 5.775162 -0.092577 0.482960
37.000000 5.821482 -0.130214 0.484330
37.500000 5.440426 -0.210168 0.476040
38.000000 5.123264 -0.263228 0.395831
38.500004 4.714124 -0.336371 0.265676
39.000000 4.432919 -0.379281 0.248370
39.500000 4.248510 -0.437223 0.195244
40.000000 4.111505 -0.503383 0.183506
40.500000 4.225056 -0.477739 0.130276
41.000000 4.570085 -0.411283 0.110573
41.500000 4.423011 -0.426658 0.034571
42.000000 4.958796 -0.260798 0.021209
42.500004 5.011128 -0.243795 0.002421
43.000000 5.183829 -0.195688 0.000334
43.500000 5.210978 -0.229574 -0.004231
44.000004 4.890445 -0.325559 -0.073726
44.500000 4.923506 -0.309997 -0.051749
45.000004 4.888307 -0.328197 -0.048682
45.500000 4.768201 -0.377734 -0.047344
46.000000 4.819602 -0.284138 -0.076521
46.500004 4.926784 -0.278432 -0.060240
47.000000 4.873631 -0.272594 -0.121575
47.500000 4.815506 -0.277922 -0.158332
48.000004 4.794596 -0.310003 -0.238910
48.500000 5.357810 -0.361345 -0.320158
49.000004 5.495623 -0.438149 -0.449442
49.500000 5.713518 -0.374441 -0.549413
50.000000 5.779393 -0.320113 -0.580454
50.500004 5.261091 -0.323283 -0.661625
51.000000 4.182316 -0.370391 -0.803185
51.500004 3.098851 -0.411095 -0.998269
52.000004 2.081471 -0.377651 -1.186813
52.500000 1.065728 -0.321916 -1.254138
53.000004 0.324703 -0.308834 -1.224357
53.500000 -0.420222 -0.324163 -1.196124
54.000000 -0.872875 -0.384817 -1.098208
54.500004 -1.070294 -0.421230 -0.995278
55.000000 -1.170694 -0.661747 -0.691808
55.500004 -1.271509 -1.045992 -0.228972
56.000000 -1.237414 -1.423228 0.203206
56.500000 -0.696853 -1.247497 0.565453
57.000004 -0.865622 -1.488223 0.632894
57.500000 -1.502737 -2.037851 0.535122
58.000004 -1.777138 -2.133687 0.357699
58.500004 -1.767560 -1.858288 0.077648
59.000000 -1.881258 -1.909853 0.028282
59.500004 -1.598341 -1.497663 -0.100038
60.000000 -1.540493 -1.377889 -0.167094
