0.000000 0.000000 0.000000 0.000000
0.500000 0.172513 0.188077 -0.023548
1.000000 0.210834 0.240798 -0.038459
1.500000 0.382883 0.482802 -0.114894
2.000000 0.729200 0.978570 -0.356125
2.500000 1.169798 1.386511 -0.597044
3.000000 1.673297 1.794258 -0.775453
3.500000 2.282524 2.237080 -0.980255
4.000000 2.986437 2.524295 -0.995460
4.500000 3.544126 2.501067 -1.014284
5.000000 3.902199 2.532925 -1.022030
5.500000 4.169943 2.552283 -1.176288
6.000000 4.370188 2.363921 -1.318459
6.500000 4.315948 1.641936 -1.277137
7.000000 4.159248 1.007531 -1.036690
7.500000 3.799017 0.509831 -0.801789
8.000000 3.339088 0.307794 -0.974795
8.500000 3.107002 0.229396 -1.216578
9.000000 3.052884 0.244356 -1.311391
9.500000 3.185725 0.229055 -1.090813
10.000000 3.187577 0.187319 -0.854574
10.500000 2.995091 0.200241 -0.708900
11.000001 2.777127 0.181910 -0.653925
11.500000 2.744447 0.152241 -0.647729
12.000001 2.683091 0.130150 -0.616280
12.500000 2.638514 0.146464 -0.523045
13.000001 2.707402 0.180867 -0.390877
13.500000 2.836544 0.231992 -0.280606
14.000000 2.981333 0.262628 -0.179094
14.500001 3.284561 0.321646 -0.027277
15.000000 3.545002 0.375397 0.053141
15.500001 3.812267 0.525755 0.068157
16.000000 3.672281 0.684149 -0.065271
16.500000 3.120478 0.677109 -0.148706
17.000000 2.590957 0.603293 -0.024146
17.500000 1.916940 0.423849 0.207364
18.000000 1.256408 0.212200 0.417843
18.500000 0.813513 0.054980 0.555492
19.000000 0.432077 0.068609 0.584149
19.500000 0.284784 0.056335 0.689879
20.000000 0.047419 -0.010813 0.682589
20.500000 -0.037594 -0.067149 0.789814
21.000000 -0.161327 -0.153443 0.832681
21.500000 -0.136149 -0.204927 0.828597
22.000002 -0.146448 -0.291688 0.785872
22.500002 -0.162662 -0.302219 0.781015
23.000000 -0.068778 -0.300449 0.756412
23.500000 -0.036139 -0.289769 0.698451
24.000002 -0.132964 -0.328996 0.693212
24.500002 -0.026908 -0.303098 0.616764
25.000000 -0.125282 -0.352041 0.577438
25.500000 -0.163494 -0.336333 0.572706
26.000002 -0.206523 -0.328000 0.536810
26.500002 -0.256472 -0.333109 0.445008
27.000000 -0.333921 -0.371744 0.397168
27.500000 -0.372123 -0.399865 0.362731
28.000000 -0.470059 -0.362711 0.333615
28.500002 -0.480035 -0.389656 0.348093
29.000002 -0.523278 -0.404365 0.288576
29.500000 -0.440946 -0.418086 0.274328
30.000000 -0.465503 -0.402722 0.307446
30.500002 -0.475811 -0.405745 0.302061
31.000002 -0.515496 -0.407730 0.319577
31.500000 -0.498601 -0.393537 0.334148
32.000000 -0.477509 -0.385935 0.314264
32.500000 -0.442560 -0.392450 0.299418
33.000000 -0.439691 -0.404327 0.321607
33.500000 -0.435690 -0.389215 0.333950
34.000000 -0.385537 -0.379936 0.305334
34.500004 -0.384538 -0.371403 0.296070
35.000000 -0.370840 -0.331189 0.258007
35.500000 -0.372756 -0.307066 0.268891
36.000000 -0.367048 -0.306158 0.270920
36.500004 -0.358481 -0.318609 0.271628
37.000000 -0.317425 -0.304457 0.250499
37.500000 -0.282323 -0.299528 0.235384
38.000000 -0.273608 -0.304141 0.222511
38.500004 -0.267124 -0.276483 0.217583
39.000000 -0.248714 -0.253369 0.208178
39.500000 -0.279335 -0.247093 0.223102
40.000000 -0.288497 -0.211846 0.225868
40.500000 -0.237346 -0.202484 0.201460
41.000000 -0.213969 -0.214218 0.175379
41.500000 -0.230260 -0.271118 0.179972
42.000000 -0.226024 -0.263419 0.182442
42.500004 -0.194461 -0.227434 0.168241
43.000000 -0.213294 -0.228419 0.171494
43.500000 -0.216070 -0.227002 0.175897
44.000004 -0.223137 -0.225406 0.177833
44.500000 -0.238865 -0.214567 0.189949
45.000004 -0.220018 -0.191381 0.176428
45.500000 -0.241510 -0.201727 0.185314
46.000000 -0.182278 -0.163965 0.157942
46.500004 -0.173565 -0.164725 0.158488
47.000000 -0.174035 -0.161960 0.141577
47.500000 -0.148697 -0.160199 0.125163
48.000004 -0.162002 -0.191620 0.131524
48.500000 -0.168383 -0.201579 0.133951
49.000004 -0.139820 -0.179350 0.126597
49.500000 -0.144997 -0.184707 0.126778
50.000000 -0.126589 -0.155591 0.118821
50.500004 -0.150033 -0.168371 0.125587
51.000000 -0.148382 -0.154667 0.130166
51.500004 -0.183427 -0.152359 0.144496
52.000004 -0.156892 -0.139009 0.128160
52.500000 -0.155705 -0.144572 0.130660
53.000004 -0.154003 -0.153635 0.125704
53.500000 -0.155540 -0.155155 0.125533
54.000000 -0.125094 -0.130900 0.117619
54.500004 -0.133729 -0.152476 0.124341
55.000000 -0.129347 -0.154293 0.124901
55.500004 -0.126295 -0.151622 0.121435
56.000000 -0.097877 -0.123277 0.111555
56.500000 -0.089625 -0.106534 0.101979
57.000004 -0.089374 -0.087064 0.086543
57.500000 -0.086582 -0.084146 0.086011
58.000004 -0.081036 -0.075426 0.085422
58.500004 -0.078443 -0.074848 0.082539
59.000000 -0.099866 -0.103913 0.087563
59.500004 -0.102827 -0.109115 0.089325
60.000000 -0.099256 -0.104883 0.090259
60.500000 -0.089556 -0.093345 0.087135
61.000004 -0.111649 -0.118144 0.095802
61.500000 -0.122143 -0.125799 0.095076
62.000004 -0.152742 -0.158735 0.107332
62.500004 -0.142024 -0.152585 0.107574
63.000000 -0.125015 -0.129232 0.099978
63.500004 -0.090154 -0.096075 0.087514
64.000000 -0.095307 -0.100015 0.090068
64.500000 -0.090084 -0.097965 0.089354
65.000000 -0.062846 -0.066913 0.076037
65.500000 -0.055774 -0.055754 0.067905
66.000000 -0.060004 -0.060789 0.069670
66.500008 -0.071717 -0.075364 0.073638
67.000000 -0.069841 -0.075939 0.076416
67.500000 -0.071857 -0.076561 0.076583
68.000000 -0.072776 -0.078370 0.079051
68.500000 -0.088334 -0.098749 0.085787
69.000008 -0.114713 -0.140365 0.096743
69.500000 -0.099697 -0.120768 0.090465
70.000000 -0.083850 -0.098772 0.084236
70.500000 -0.059994 -0.060238 0.069836
71.000000 -0.068858 -0.070234 0.073047
71.500000 -0.072547 -0.067285 0.063457
72.000000 -0.068754 -0.066131 0.063253
72.500000 -0.075925 -0.074812 0.062845
73.000008 -0.079636 -0.078971 0.062166
73.500000 -0.084178 -0.083593 0.063210
74.000000 -0.083499 -0.084659 0.063555
74.500000 -0.087447 -0.088254 0.062365
75.000000 -0.097972 -0.106331 0.063615
75.500008 -0.074611 -0.087119 0.060101
76.000000 -0.067198 -0.078914 0.059044
76.500000 -0.076794 -0.089213 0.059990
77.000008 -0.067392 -0.072701 0.055923
77.500000 -0.072298 -0.075690 0.057236
78.000000 -0.064534 -0.050537 0.054952
78.500000 -0.064347 -0.039088 0.054831
79.000000 -0.062460 -0.033502 0.055559
79.500008 -0.066899 -0.034472 0.055258
80.000000 -0.091454 -0.050696 0.062477
80.500000 -0.085743 -0.044073 0.061681
81.000000 -0.068873 -0.031656 0.057974
81.500000 -0.072405 -0.031476 0.059160
82.000000 -0.089419 -0.038117 0.064525
82.500000 -0.108762 -0.042268 0.070116
83.000000 -0.110535 -0.041315 0.071405
83.500000 -0.146184 -0.046542 0.082621
84.000000 -0.125070 -0.033909 0.077360
84.500000 -0.102423 -0.036194 0.069027
85.000008 -0.102768 -0.039564 0.068341
85.500008 -0.075153 -0.045473 0.058651
86.000000 -0.068094 -0.047782 0.055900
86.500000 -0.064624 -0.050892 0.055237
87.000000 -0.062378 -0.052858 0.054561
87.500008 -0.065999 -0.058471 0.054743
88.000008 -0.064920 -0.058731 0.054766
88.500000 -0.067286 -0.064399 0.055331
89.000000 -0.068815 -0.067250 0.057129
89.500000 -0.069272 -0.065741 0.056320
90.000008 -0.073002 -0.070266 0.055513
90.500008 -0.070095 -0.071249 0.055429
91.000000 -0.071458 -0.072278 0.052591
91.500000 -0.070120 -0.073739 0.053734
92.000000 -0.074743 -0.078851 0.054206
92.500008 -0.080738 -0.085414 0.051785
93.000008 -0.078714 -0.079344 0.046090
93.500008 -0.087777 -0.093163 0.047509
94.000000 -0.099975 -0.103857 0.047385
94.500000 -0.104652 -0.109794 0.047921
95.000000 -0.103613 -0.110929 0.048050
95.500008 -0.094403 -0.101038 0.046165
96.000008 -0.081014 -0.075098 0.041229
96.500000 -0.070335 -0.061914 0.039091
97.000000 -0.083423 -0.079026 0.042062
97.500000 -0.066179 -0.056945 0.040919
98.000008 -0.066104 -0.053673 0.040341
98.500008 -0.065287 -0.047935 0.038874
99.000000 -0.074103 -0.055204 0.040429
99.500000 -0.071756 -0.056688 0.039985
