0.000000 0.000000 0.000000 0.000000
0.500000 0.172279 0.187931 -0.023401
1.000000 0.212486 0.243459 -0.039336
1.500000 0.382990 0.483299 -0.115344
2.000000 0.729774 0.980078 -0.356654
2.500000 1.171580 1.387985 -0.597408
3.000000 1.668791 1.786823 -0.775630
3.500000 2.274522 2.222532 -0.978900
4.000000 2.997177 2.520049 -0.989920
4.500000 3.555193 2.497066 -1.017138
5.000000 4.072706 2.457260 -1.073055
5.500000 4.454866 2.418321 -1.257869
6.000000 4.751684 2.226753 -1.400589
6.500000 4.727700 1.624721 -1.343728
7.000000 4.611646 1.069124 -1.157432
7.500000 4.128104 0.538691 -0.870489
8.000000 3.480044 0.286405 -0.917880
8.500000 3.179196 0.255230 -1.170981
9.000000 3.208904 0.278624 -1.285740
9.500000 3.377340 0.212331 -1.093228
10.000000 3.393761 0.195956 -0.828580
10.500000 3.172395 0.174705 -0.693775
11.000001 2.907976 0.145236 -0.598671
11.500000 2.745932 0.130682 -0.609784
12.000001 2.755427 0.134760 -0.566080
12.500000 2.734829 0.131633 -0.529239
13.000001 2.902560 0.161666 -0.395170
13.500000 3.086918 0.201577 -0.239419
14.000000 3.292687 0.257064 -0.101757
14.500001 3.578827 0.335030 0.052641
15.000000 3.863883 0.413793 0.102966
15.500001 4.041210 0.541768 0.068920
16.000000 4.160982 0.720065 -0.095363
16.500000 3.894111 0.847424 -0.156643
17.000000 3.456841 0.869603 -0.106459
17.500000 3.220002 0.606252 -0.053182
18.000000 2.693707 0.149088 0.012314
18.500000 2.443721 0.010870 0.034662
19.000000 2.075687 0.034785 0.104852
19.500000 1.733254 -0.000666 0.203295
20.000000 1.590059 -0.009711 0.281345
20.500000 1.385816 -0.031156 0.281302
21.000000 1.279939 -0.066158 0.319116
21.500000 1.156255 -0.167857 0.331491
22.000002 1.105832 -0.208725 0.312480
22.500002 0.996687 -0.360216 0.338758
23.000000 0.961281 -0.449442 0.347600
23.500000 0.955879 -0.497549 0.354951
24.000002 0.942579 -0.526215 0.387406
24.500002 0.979915 -0.506568 0.388814
25.000000 1.054364 -0.490440 0.396083
25.500000 1.015913 -0.482388 0.393146
26.000002 0.993402 -0.490735 0.352496
26.500002 1.083194 -0.441192 0.341249
27.000000 0.966174 -0.469365 0.292895
27.500000 0.938739 -0.454605 0.313877
28.000000 0.958733 -0.407778 0.263876
28.500002 0.963946 -0.373508 0.244198
29.000002 1.003588 -0.293404 0.201212
29.500000 0.939596 -0.287045 0.135750
30.000000 1.056577 -0.174039 0.029416
30.500002 0.940207 -0.232043 0.039192
31.000002 0.954985 -0.165826 -0.041767
31.500000 0.996946 -0.098847 -0.079246
32.000000 1.015638 -0.051366 -0.146383
32.500000 1.043916 -0.028390 -0.211001
33.000000 1.165377 -0.007945 -0.283099
33.500000 1.248770 -0.005443 -0.332034
34.000000 1.429147 0.044148 -0.383696
34.500004 1.465467 0.039181 -0.408956
35.000000 1.608067 0.083242 -0.468338
35.500000 1.729698 0.073234 -0.435762
36.000000 1.987031 0.110547 -0.497933
36.500004 2.120739 0.117383 -0.499684
37.000000 2.359527 0.132262 -0.503330
37.500000 2.684938 0.121447 -0.463231
38.000000 2.824911 0.122839 -0.385851
38.500004 3.184657 0.222246 -0.368123
39.000000 3.560671 0.253869 -0.311137
39.500000 3.977254 0.300654 -0.160402
40.000000 4.394729 0.310276 -0.096507
40.500000 4.822617 0.310186 -0.011253
41.000000 5.458033 0.336360 0.067974
41.500000 5.883939 0.349255 0.139288
42.000000 5.967746 0.276562 0.082641
42.500004 5.667461 0.209499 0.126548
43.000000 5.296025 0.149135 0.270524
43.500000 5.058495 0.066008 0.448193
44.000004 5.105839 0.003203 0.632997
44.500000 5.217295 -0.004372 0.747536
45.000004 5.506032 -0.004225 0.803487
45.500000 5.491754 -0.004448 0.720070
46.000000 5.170486 -0.004644 0.502325
46.500004 5.010118 -0.004866 0.369219
47.000000 4.689817 -0.006244 0.247094
47.500000 4.582744 -0.013918 0.253708
48.000004 4.976207 -0.032566 0.246472
48.500000 4.964386 -0.064621 0.216377
49.000004 5.279263 -0.033556 0.222960
49.500000 5.419466 -0.050675 0.220170
50.000000 5.729884 -0.023744 0.226856
50.500004 5.751003 -0.013329 0.214863
51.000000 5.714780 -0.015909 0.164491
51.500004 5.886831 -0.012529 0.150880
52.000004 6.070798 -0.010652 0.149692
52.500000 6.360571 -0.006940 0.166740
53.000004 6.677917 -0.005369 0.144983
53.500000 6.711739 -0.005110 0.096812
54.000000 6.852306 -0.005071 0.101445
54.500004 6.844330 -0.005324 0.043029
55.000000 7.163244 -0.005458 -0.040719
55.500004 7.737815 -0.022759 -0.123563
56.000000 7.988832 -0.050121 -0.221893
56.500000 8.142040 -0.024310 -0.210159
57.000004 6.696985 -0.047475 -0.356510
57.500000 4.731899 -0.164809 -0.516813
58.000004 2.889714 -0.289632 -0.713054
58.500004 1.091133 -0.348186 -0.813993
59.000000 -0.257355 -0.250961 -0.869475
59.500004 -1.207967 -0.037336 -0.784656
60.000000 -1.906183 -0.005919 -0.611640
60.500000 -2.199069 -0.005699 -0.449970
61.000004 -2.423283 -0.003485 -0.303785
61.500000 -2.338128 -0.005496 -0.180117
62.000004 -2.311467 -0.005532 -0.162916
62.500004 -1.937947 -0.005856 -0.151797
63.000000 -1.835426 -0.056820 -0.194983
63.500004 -2.056588 -0.275145 -0.154974
64.000000 -1.939315 -0.318609 -0.223370
64.500000 -1.758652 -0.422259 -0.283185
65.000000 -1.607670 -0.433748 -0.289861
65.500000 -1.787426 -0.412320 -0.307587
66.000000 -1.685315 -0.506072 -0.330254
66.500008 -1.492572 -0.445647 -0.314133
67.000000 -1.386440 -0.463963 -0.258886
67.500000 -1.297112 -0.468155 -0.286458
68.000000 -1.264439 -0.452891 -0.217050
68.500000 -1.089826 -0.373493 -0.206502
69.000008 -1.011253 -0.394299 -0.169861
69.500000 -0.939448 -0.374635 -0.116485
70.000000 -0.969597 -0.387472 -0.107141
70.500000 -0.938781 -0.399275 -0.074894
71.000000 -0.864441 -0.411530 -0.027319
71.500000 -0.721770 -0.301510 -0.028870
72.000000 -0.870316 -0.351113 0.006438
72.500000 -0.696927 -0.357355 0.013068
73.000008 -0.647048 -0.363365 0.012024
73.500000 -0.679584 -0.401983 0.036532
74.000000 -0.545350 -0.313360 0.028647
74.500000 -0.590889 -0.333434 0.057091
75.000000 -0.572111 -0.340797 0.049416
75.500008 -0.611948 -0.279511 0.057698
76.000000 -0.707226 -0.393573 0.079991
76.500000 -0.628180 -0.347376 0.062084
77.000008 -0.576001 -0.301967 0.084045
77.500000 -0.514008 -0.333620 0.068329
78.000000 -0.530754 -0.301634 0.071003
78.500000 -0.505567 -0.244520 0.075440
79.000000 -0.545209 -0.320672 0.083801
79.500008 -0.450000 -0.317300 0.086359
80.000000 -0.473394 -0.376430 0.089845
80.500000 -0.513216 -0.429561 0.109412
81.000000 -0.461137 -0.378445 0.101233
81.500000 -0.489401 -0.411072 0.103389
82.000000 -0.488592 -0.398464 0.103031
82.500000 -0.452758 -0.387074 0.097151
83.000000 -0.463886 -0.430868 0.107961
83.500000 -0.383499 -0.353936 0.089939
84.000000 -0.390778 -0.378586 0.109351
84.500000 -0.421166 -0.412755 0.109385
85.000008 -0.434615 -0.412176 0.113473
85.500008 -0.437162 -0.413442 0.109615
86.000000 -0.461108 -0.415760 0.109917
86.500000 -0.368080 -0.342621 0.100452
87.000000 -0.420606 -0.393648 0.106227
87.500008 -0.397410 -0.400211 0.124042
88.000008 -0.514611 -0.532273 0.141067
88.500000 -0.390724 -0.387800 0.114993
89.000000 -0.410624 -0.395477 0.113839
89.500000 -0.305367 -0.277486 0.098698
90.000008 -0.351995 -0.318986 0.108688
90.500008 -0.387158 -0.362010 0.108479
91.000000 -0.459557 -0.450606 0.123581
91.500000 -0.416030 -0.380050 0.116743
92.000000 -0.346469 -0.341195 0.108492
92.500008 -0.341105 -0.343809 0.101883
93.000008 -0.290328 -0.291480 0.103882
93.500008 -0.396500 -0.399443 0.123059
94.000000 -0.292011 -0.304755 0.101930
94.500000 -0.263163 -0.275778 0.095239
95.000000 -0.302813 -0.353841 0.103941
95.500008 -0.298707 -0.359480 0.107820
96.000008 -0.290681 -0.337451 0.103216
96.500000 -0.286075 -0.350994 0.108600
97.000000 -0.210094 -0.258451 0.084098
97.500000 -0.325213 -0.383866 0.110573
98.000008 -0.277627 -0.331404 0.111764
98.500008 -0.270851 -0.323225 0.107284
99.000000 -0.238679 -0.283556 0.095379
99.500000 -0.243561 -0.289408 0.092873
