0.000000 0.000000 0.000000 0.000000
1.000000 480.086072 239.056034 479.858366
2.000000 1581.634051 817.014053 1579.746939
3.000000 4113.586659 1874.892661 4104.843489
4.000000 9255.137579 3692.365051 9228.298660
5.000000 15866.194511 5584.411403 15822.210006
6.000000 25804.203268 7322.542126 25718.187419
7.000000 33736.704698 6705.843363 33452.657981
8.000000 22848.002802 4206.038909 21746.739746
9.000000 20236.254666 4279.302699 19052.188597
10.000000 17683.397341 3885.514048 16646.524937
11.000000 12685.432323 3023.853491 11420.373277
12.000000 10995.193736 2706.947303 9993.842281
13.000000 10989.696955 2582.358222 10145.645134
14.000000 12229.085189 2775.412525 11438.382261
15.000000 14355.728271 3258.519589 13674.047481
16.000000 17536.372701 3672.642610 16987.055617
17.000000 18925.895009 3370.818482 18414.345753
18.000000 18492.521134 3126.486639 17875.169873
19.000000 16655.382105 2716.639256 15974.514024
20.000000 14582.255628 2469.936482 13888.063895
21.000000 13069.229163 2315.449501 12431.584154
22.000000 11410.333541 2202.517443 10753.913172
23.000000 9239.264606 2128.196439 8627.456138
24.000000 8800.971286 2127.456008 8173.259724
25.000000 9752.931434 2339.012283 9078.008598
26.000000 9598.175187 2489.143040 8972.115907
27.000000 9926.557443 2599.252454 9272.868226
28.000000 11245.413877 2871.722835 10557.507131
29.000000 12614.946116 3170.904122 11817.862363
30.000000 13045.600531 3467.483598 12208.386845
31.000000 13702.838857 3683.981901 12864.569102
32.000000 16118.896278 4053.203043 15229.273723
33.000000 18375.042717 4320.002754 17264.671815
34.000000 19447.545486 4162.205530 18203.651788
35.000000 19889.741291 4160.529330 18587.306630
36.000000 22026.755149 4869.194005 20795.705587
37.000000 24999.095437 5578.294803 23578.818153
38.000000 24875.472528 5654.296243 23403.101829
39.000000 24980.525562 5504.103296 23215.725463
40.000000 22668.434845 4983.391602 20559.259855
41.000000 21791.467555 4845.743255 19857.226715
42.000000 23647.228873 5039.909197 21769.469046
43.000000 27830.371542 5692.481422 25982.941503
44.000000 31184.387997 6258.757995 29441.868383
45.000000 30272.301701 6066.858134 28404.832168
46.000000 28687.011941 5648.876005 26233.780505
47.000000 29274.208552 5794.549720 26633.145757
48.000000 28261.234733 5550.362504 25478.058413
49.000000 29170.716921 5891.462528 26137.206205
50.000000 28300.935192 5523.904031 24760.286015
51.000000 28819.903830 5456.932742 24822.051895
52.000000 28076.719078 4810.290732 23641.449355
53.000000 26817.532775 3555.463555 21924.289119
54.000000 26836.642064 2828.014844 21631.252912