0.000000 0.000000 0.000000 0.000000
1.000000 480.217535 239.148124 479.989765
2.000000 1585.785595 819.197362 1583.890705
3.000000 4119.444935 1876.776952 4110.684524
4.000000 9260.584029 3694.335626 9233.723390
5.000000 15853.572009 5577.775025 15809.617856
6.000000 25689.033081 7299.913794 25604.369732
7.000000 33575.639003 6704.295958 33289.629389
8.000000 22364.971289 4161.200099 21256.227935
9.000000 19534.717836 4139.483464 18389.485879
10.000000 17886.607531 3992.551918 16828.276574
11.000000 12792.972392 3146.597521 11524.096151
12.000000 11021.958736 2743.615621 10018.463768
13.000000 11292.609654 2631.758756 10436.483399
14.000000 12423.861855 2762.626729 11640.619492
15.000000 14700.283059 3260.877628 14005.215814
16.000000 17829.855134 3440.700887 17270.781784
17.000000 19745.406468 2995.857116 19191.301839
18.000000 20265.468032 3055.245667 19514.244274
19.000000 16977.676209 2505.617557 16195.222145
20.000000 14164.660156 2287.862525 13369.415739
21.000000 11063.019132 2186.965747 10335.750157
22.000000 9661.842557 2147.323694 8951.992594
23.000000 8214.351209 2025.124616 7539.594807
24.000000 7127.073455 1884.075538 6460.559167
25.000000 6849.877325 1756.885544 6218.562094
26.000000 7029.050362 1808.721088 6397.577132
27.000000 7766.079285 1970.862812 7136.504394
28.000000 8732.317665 2292.908610 8109.522994
29.000000 10933.655773 2846.125255 10270.258604
30.000000 13323.171285 3439.080595 12662.949976
31.000000 15452.223622 3992.668746 14794.507983
32.000000 16178.882489 3884.184569 15392.095658
33.000000 16666.360896 3464.337840 15600.044097
34.000000 19362.359383 4147.342442 18129.621725
35.000000 21090.199295 4469.224483 19432.832774
36.000000 24777.541964 5237.736703 22865.215229
37.000000 25110.103173 5226.954730 23148.147912
38.000000 25370.281076 5345.848677 23496.803152
39.000000 26866.778171 5457.845847 25009.809515
40.000000 29690.723523 5951.164754 27918.464186
41.000000 29624.623603 5722.197933 27438.669778
42.000000 28972.001760 5652.353955 26576.042468
43.000000 28747.615208 5420.256164 26138.703926
44.000000 26946.562993 5067.474898 24436.579432
45.000000 25292.486426 4800.703567 22867.723867
46.000000 24663.793896 4537.891896 22135.360998
47.000000 23710.994405 4324.017770 21159.925821
48.000000 22674.055954 4054.805744 20118.448963
49.000000 23931.370877 4299.242951 21193.190263
50.000000 24880.878860 4363.237396 22189.712665
51.000000 28785.478952 5546.685082 26104.520091
52.000000 30690.715848 5616.214300 28653.129632
53.000000 26776.618203 4066.328390 25022.020224
54.000000 25392.798146 2778.119843 23570.917135