0.000000 0.000000 0.000000 0.000000
1.000000 480.149358 239.100605 479.921621
2.000000 1586.816683 819.690706 1584.919901
3.000000 4126.135622 1878.024731 4117.363914
4.000000 9311.148821 3704.556230 9284.172742
5.000000 15983.532968 5608.567694 15939.219712
6.000000 25748.579676 7309.371763 25663.350368
7.000000 33782.484325 6741.421762 33492.356268
8.000000 22614.453797 4175.625612 21514.851529
9.000000 19710.920159 4171.280084 18565.932177
10.000000 17703.736388 3923.032895 16639.407236
11.000000 12632.240681 3065.685487 11400.543756
12.000000 10997.709671 2720.638878 10002.829521
13.000000 11205.515364 2626.618729 10339.513097
14.000000 12329.571668 2768.884372 11548.260992
15.000000 14616.287618 3290.588202 13919.881976
16.000000 18416.534142 3582.251380 17841.746366
17.000000 19568.351185 3218.576258 18992.938328
18.000000 20828.041565 3251.153608 20011.229307
19.000000 16780.968598 2608.423831 15954.654266
20.000000 16215.350115 2612.873479 15403.134792
21.000000 13118.559174 2576.436515 12337.046306
22.000000 10515.991034 2477.127247 9718.855953
23.000000 9565.328662 2251.338397 8775.456831
24.000000 8696.763682 2125.659446 7952.059359
25.000000 8114.712411 1993.611101 7388.817909
26.000000 8423.051539 2039.131014 7716.606459
27.000000 9434.322952 2280.522149 8723.321284
28.000000 11336.358306 2767.365577 10629.134553
29.000000 13906.599918 3549.968310 13169.043797
30.000000 16967.426215 4474.057462 16233.979486
31.000000 18713.841354 4508.211983 17811.667285
32.000000 21547.020933 4798.893204 20371.358094
33.000000 19293.516943 4253.886922 17633.943251
34.000000 15874.926209 3778.774029 14264.308961
35.000000 17299.815546 3673.584786 15593.036829
36.000000 20678.464928 4016.621673 18806.064509
37.000000 24797.246998 4557.118289 23001.114168
38.000000 24980.295747 4536.106510 23159.210138
39.000000 25124.680442 4578.500701 23281.988609
40.000000 25811.263640 4619.560070 23859.734126
41.000000 26283.255936 4727.032593 24044.265518
42.000000 25077.139797 4530.016055 22490.840160
43.000000 24688.811427 4489.408171 21355.605941
44.000000 25488.080452 4566.495393 21349.489237
45.000000 24823.526962 4402.980111 20725.481961
46.000000 25410.105871 4692.284663 21669.764057
47.000000 28113.462780 5506.442858 24905.738980
48.000000 30909.977837 6335.730832 27996.745595
49.000000 26824.162692 5719.184085 23912.192212
50.000000 24050.833207 5170.113026 20898.638818
51.000000 23224.358825 5059.005697 19916.607525
52.000000 25881.868958 4704.640445 21916.914785
53.000000 29551.240122 3891.857809 25090.494778
54.000000 33750.220463 3285.028758 28818.730555