0.000000 0.000000 0.000000 0.000000
1.000000 479.912774 238.923454 479.685212
2.000000 1582.049503 816.497442 1580.174245
3.000000 4096.606428 1871.641237 4087.916980
4.000000 9211.607826 3686.216613 9184.793133
5.000000 15738.117725 5540.145620 15694.576780
6.000000 25420.699807 7252.858028 25336.259748
7.000000 33448.601355 6723.065039 33164.220339
8.000000 22182.733985 4110.662575 21102.171556
9.000000 19715.040354 4184.431649 18548.218685
10.000000 17591.694145 3888.638674 16526.421323
11.000000 12772.436010 3031.693206 11495.905849
12.000000 11017.262261 2711.673082 10014.868464
13.000000 10998.536905 2589.756228 10159.289771
14.000000 12279.913138 2789.676675 11498.906326
15.000000 14708.160541 3347.072814 14028.023344
16.000000 17678.782997 3661.214773 17133.793380
17.000000 18954.445617 3355.602023 18441.808975
18.000000 17839.977178 3096.026595 17230.763782
19.000000 16707.066340 2795.675048 16008.179671
20.000000 15084.888251 2546.310909 14421.661245
21.000000 13706.010623 2380.780594 13063.452474
22.000000 11681.659157 2206.127528 11031.173083
23.000000 10871.107148 2298.434890 10186.370786
24.000000 9569.919087 2265.778246 8926.940057
25.000000 9339.975686 2295.382803 8666.231075
26.000000 8941.425298 2308.906029 8284.953301
27.000000 9306.905257 2393.605681 8640.726333
28.000000 9862.506464 2564.468321 9183.043955
29.000000 11002.597972 2945.411314 10271.765216
30.000000 12429.878884 3236.237379 11631.901712
31.000000 13998.718931 3596.173699 13158.179147
32.000000 16315.624104 3994.127604 15413.145889
33.000000 18127.960630 4117.338047 17075.180666
34.000000 18966.340199 4040.870202 17802.247303
35.000000 21019.002712 4458.177712 19788.178969
36.000000 24538.023327 5357.468418 23308.563841
37.000000 26748.501781 5846.813024 25287.635724
38.000000 27439.296973 5813.603389 25807.251136
39.000000 24625.536563 5321.931599 22604.290258
40.000000 22372.028010 4892.255761 20297.470338
41.000000 23656.869930 5027.663299 21661.905730
42.000000 26803.920100 5519.842639 24889.380424
43.000000 29971.763391 6062.599715 28102.218048
44.000000 29971.447887 6148.909140 27888.543050
45.000000 28532.609386 5913.720326 26085.226257
46.000000 28284.265748 5722.159347 25672.353837
47.000000 30275.507874 6000.194306 27473.799712
48.000000 29099.262831 6007.767488 26162.537150
49.000000 29041.885641 5886.064282 25966.569480
50.000000 28377.805136 5677.384272 24980.085752
51.000000 28173.566087 5330.263368 24606.800970
52.000000 27567.115113 4175.575723 23538.845524
53.000000 26842.423641 3107.471754 22263.693724
54.000000 26993.227252 2392.008670 21903.716283