0.000000 0.000000 0.000000 0.000000
1.000000 480.300406 239.210315 480.072593
2.000000 1587.756345 820.324768 1585.858029
3.000000 4148.167494 1882.083579 4139.360186
4.000000 9297.434347 3697.550928 9270.565457
5.000000 16037.484885 5639.010382 15992.928910
6.000000 25604.738791 7272.122807 25519.492427
7.000000 32991.450365 6635.311322 32705.699854
8.000000 22505.012993 4173.546797 21411.057511
9.000000 19873.919312 4198.871569 18712.385514
10.000000 17851.218681 4052.548578 16820.250182
11.000000 12927.648283 3215.268656 11662.132816
12.000000 11139.729682 2780.115392 10136.073718
13.000000 10934.548679 2532.130164 10096.520521
14.000000 12056.892915 2669.590596 11283.427882
15.000000 14893.618197 3274.180552 14213.234054
16.000000 17277.054454 3303.335064 16732.374607
17.000000 19620.333938 2817.517261 19068.783136
18.000000 19391.982615 2699.986851 18670.507584
19.000000 17173.392478 2327.015748 16396.173590
20.000000 14975.788665 2055.748151 14248.965513
21.000000 10551.046061 1941.633889 9864.942886
22.000000 9453.171308 1864.830262 8786.962966
23.000000 7454.364613 1703.012057 6783.657622
24.000000 6459.187978 1673.196669 5826.382524
25.000000 5764.354162 1545.387665 5176.466021
26.000000 6080.530695 1560.474739 5477.011614
27.000000 6134.403263 1615.160751 5577.082477
28.000000 6889.221411 1865.590334 6340.750088
29.000000 8031.080886 2187.760862 7474.778010
30.000000 10291.889782 2867.117869 9760.346356
31.000000 12558.997840 3410.944501 11991.355471
32.000000 14799.990325 3867.241318 14185.652097
33.000000 15953.563194 3707.126306 15251.520201
34.000000 14718.733334 3309.813697 13789.621111
35.000000 19081.600672 4356.484360 18035.305719
36.000000 22699.678908 5078.292374 21325.891944
37.000000 26907.413439 5940.466392 25096.586934
38.000000 27732.785098 5934.752275 25485.304060
39.000000 28687.672112 5920.685494 26561.491109
40.000000 29277.170887 6035.244518 27145.462978
41.000000 31449.415966 6520.727230 29201.382079
42.000000 30335.008878 6420.194095 27598.457263
43.000000 30909.728367 6490.825166 27917.233898
44.000000 31098.483801 6392.270462 28025.141678
45.000000 30147.162167 6086.253656 26831.520745
46.000000 29193.305179 5763.266762 25778.091643
47.000000 26784.833281 5213.203907 23629.090240
48.000000 26251.129616 4987.268799 23171.644214
49.000000 25390.880948 4997.292096 22334.042389
50.000000 25469.135903 4692.132483 22077.075241
51.000000 25796.900638 4523.376358 22196.216927
52.000000 25754.968730 3787.266542 22029.268387
53.000000 26267.741114 3139.467945 22617.261761
54.000000 29717.079361 2803.291129 26112.723579