0.000000 0.000000 0.000000 0.000000
1.000000 480.730584 239.687098 480.502482
2.000000 1588.422086 821.120381 1586.522745
3.000000 4131.809112 1879.760536 4123.024000
4.000000 9352.338400 3718.726084 9325.194386
5.000000 15925.535864 5614.068048 15881.486761
6.000000 26120.304577 7644.158206 26037.154834
7.000000 33937.112855 6999.387903 33638.761309
8.000000 23101.492409 4252.908359 21984.672388
9.000000 20235.964834 4491.399517 19088.816036
10.000000 18228.636165 4495.826254 17204.667246
11.000000 13116.097425 3473.643468 11805.222039
12.000000 11324.043505 2857.331097 10300.465215
13.000000 11098.027698 2496.049369 10256.651783
14.000000 11683.678195 2486.682308 10916.685168
15.000000 14812.965044 3143.603265 14085.823750
16.000000 18882.502383 3379.680391 18294.869380
17.000000 20646.616078 2523.489096 20100.895294
18.000000 17556.820604 1792.963065 16912.469762
19.000000 14359.762280 1305.110946 13680.002239
20.000000 10893.784065 1277.514911 10250.705234
21.000000 7356.592722 1119.655826 6844.011131
22.000000 5599.113928 958.261817 5121.456117
23.000000 4786.015440 727.812272 4303.993354
24.000000 4236.090559 593.338453 3793.843824
25.000000 3613.675414 486.099751 3214.772151
26.000000 3173.213512 428.345818 2810.131359
27.000000 3095.320501 381.561124 2736.006390
28.000000 2951.840926 346.091240 2618.265156
29.000000 2516.386919 319.242117 2219.143097
30.000000 2326.741933 292.868296 2032.365491
31.000000 2321.640144 278.515124 2031.005198
32.000000 2113.603345 252.622921 1845.496376
33.000000 1959.520060 239.492146 1691.792071
34.000000 1701.476294 221.714340 1463.129467
35.000000 1790.556934 208.607128 1575.402005
36.000000 1530.824104 168.565473 1326.100611
37.000000 1614.474152 163.778100 1406.164925
38.000000 1369.002790 127.140196 1177.611668
39.000000 1249.321796 94.455618 1059.416521
40.000000 1022.168321 61.286348 846.778287
41.000000 988.786477 51.390126 832.510529
42.000000 919.558899 44.415698 764.681370
43.000000 855.514499 44.222922 708.971600
44.000000 767.385685 42.875970 626.284424
45.000000 634.992146 35.471467 507.535961
46.000000 673.259762 34.834910 548.481098
47.000000 639.317340 31.348774 514.481478
48.000000 631.447075 29.778268 511.334575
49.000000 532.986038 27.842685 416.076894
50.000000 539.665469 25.440185 426.411106
51.000000 522.352531 19.491031 415.278191
52.000000 549.939853 19.913591 451.119002
53.000000 503.020821 19.371786 408.030720
54.000000 498.944639 21.691377 403.888915