0.000000 0.000000 0.000000 0.000000
1.000000 514.429906 256.414092 514.169484
2.000000 1585.754327 834.069002 1583.832724
3.000000 4079.097977 1868.857706 4070.231577
4.000000 9036.417091 3657.260491 9009.822763
5.000000 15940.783898 5584.083270 15895.804613
6.000000 25770.610126 7254.675078 25683.523146
7.000000 33651.103973 6725.299105 33359.791159
8.000000 22936.446020 4199.041082 21806.118540
9.000000 19650.936747 4206.103305 18480.225781
10.000000 18150.743809 3945.667668 17127.565629
11.000000 13018.307757 3053.532387 11691.011555
12.000000 11324.617207 2763.756890 10316.622456
13.000000 11290.903036 2724.152302 10422.708340
14.000000 12825.462846 3081.673094 12026.328566
15.000000 15485.687735 3799.164804 14777.794829
16.000000 19415.232802 4610.388024 18828.676491
17.000000 21957.449565 4688.130484 21385.288529
18.000000 19109.776524 4015.974807 18398.878520
19.000000 18882.926209 3840.994647 18059.410759
20.000000 19273.693531 3675.934255 18408.655595
21.000000 18193.092431 3487.937015 17232.189002
22.000000 18960.818179 3548.143101 17773.111998
23.000000 19191.316047 3581.674785 17895.366384
24.000000 18347.496971 3435.473361 16881.502163
25.000000 17531.515659 3185.874123 15971.645159
26.000000 17826.270492 3172.451380 16150.814407
27.000000 17535.064494 3143.682517 15885.701359
28.000000 18196.537365 3264.346217 16413.954766
29.000000 19874.096755 3582.867546 18067.050005
30.000000 22355.056906 4223.916235 20667.131737
31.000000 26491.372296 5493.401309 24907.162284
32.000000 29819.178120 6457.329874 28445.044713
33.000000 29243.807064 5879.517885 27491.391200
34.000000 26008.339278 5073.501375 23783.557086
35.000000 24140.226258 4523.651789 21966.732508
36.000000 23994.991590 4740.287603 21833.203165
37.000000 26628.513648 5355.500132 24694.266160
38.000000 28443.086179 5495.673481 26488.779301
39.000000 28263.583323 5423.876543 26175.818241
40.000000 27679.847565 5206.949772 25167.433965
41.000000 26160.723716 4916.168523 23500.272315
42.000000 25143.325839 4861.238708 22495.721111
43.000000 25014.498191 4781.786965 22254.672779
44.000000 24419.856583 4591.399825 21596.467229
45.000000 23747.625901 4569.786156 20949.417541
46.000000 24049.404149 4538.942827 20944.038235
47.000000 24453.063556 4611.877658 21046.403911
48.000000 23601.384064 4119.730100 19963.177156
49.000000 22450.359632 3069.911097 18360.198336
50.000000 22184.310515 2121.520718 17406.173625
51.000000 22356.246351 1469.701678 17225.297296
52.000000 24425.175443 906.066827 18976.473512
53.000000 21681.225400 347.590760 16917.492463
54.000000 18006.453290 184.235706 14570.261136
