0.000000 0.000000 0.000000 0.000000
1.000000 480.370482 239.387148 480.142552
2.000000 1588.042026 820.718000 1586.142948
3.000000 4133.563390 1880.954252 4124.773640
4.000000 9372.202719 3718.337572 9345.088783
5.000000 16027.487960 5628.732229 15983.091981
6.000000 25576.231515 7269.026298 25491.111179
7.000000 32994.208052 6626.740987 32705.314288
8.000000 22670.426612 4200.518633 21562.126732
9.000000 20056.284715 4257.687207 18867.983774
10.000000 18102.254865 4257.284856 17069.807021
11.000000 12854.200518 3347.630939 11602.027753
12.000000 11106.109180 2836.389798 10119.026067
13.000000 10971.110546 2527.210116 10140.279352
14.000000 12133.349929 2623.071027 11353.085424
15.000000 14521.076170 3157.463210 13845.183813
16.000000 17853.025959 3322.350322 17317.009794
17.000000 19811.956854 2675.552952 19286.091289
18.000000 18896.135100 2387.502319 18230.359679
19.000000 15525.648471 1837.647335 14790.133616
20.000000 11437.853993 1601.060848 10798.133007
21.000000 9341.717930 1461.347563 8770.164253
22.000000 6567.056837 1290.279673 6034.378974
23.000000 6013.631818 1171.286307 5490.080890
24.000000 5252.473787 1112.391946 4743.402278
25.000000 4373.567639 1030.000347 3906.062792
26.000000 4193.487706 1021.175417 3754.711620
27.000000 3770.428481 999.464446 3376.192214
28.000000 4342.114752 1136.857160 3943.381795
29.000000 4110.726481 1156.067069 3716.052368
30.000000 4498.475534 1369.403974 4104.573392
31.000000 5344.349345 1626.308428 4951.439591
32.000000 6705.799299 2053.412654 6298.974321
33.000000 8248.203489 2470.190909 7825.457370
34.000000 9986.313673 2942.258854 9547.816431
35.000000 12979.986212 3659.936998 12478.003816
36.000000 16385.278289 4531.835660 15789.830033
37.000000 19493.386002 5254.681898 18812.783651
38.000000 23106.158927 5676.439598 22103.498569
39.000000 22851.973001 5109.749383 21513.304067
40.000000 22855.535827 5063.532374 21126.768669
41.000000 24280.895677 5183.329704 22264.849414
42.000000 23326.657418 5298.632844 21049.059380
43.000000 23096.284533 5283.955392 21083.015455
44.000000 25234.237015 5617.016310 23393.394069
45.000000 26827.195949 5978.269089 24907.230526
46.000000 28218.116936 6318.767582 25610.585845
47.000000 29247.450838 6529.307908 26666.738244
48.000000 31326.796486 7053.242735 28615.494352
49.000000 33449.495119 7475.180015 30688.675440
50.000000 34118.240523 7577.264514 31289.267986
51.000000 34995.519628 7785.393466 32080.945946
52.000000 35001.213152 7557.722717 31861.904991
53.000000 34073.224022 6889.111997 30531.433507
54.000000 33996.971760 5143.622897 30013.397445