0.000000 0.000000 0.000000 0.000000
1.000000 477.381602 238.680072 477.156558
2.000000 1590.862040 822.882089 1588.961759
3.000000 4148.797608 1886.255488 4139.997894
4.000000 9309.357953 3707.344023 9282.544755
5.000000 16511.344977 6182.928597 16470.622897
6.000000 27010.840537 8343.880758 26930.392817
7.000000 32875.424848 7310.510969 32566.892053
8.000000 23484.522895 4843.392211 22349.166253
9.000000 21252.872254 5087.160280 20044.193478
10.000000 18365.962362 4748.217427 17291.096095
11.000000 13146.023621 3466.967537 11864.271455
12.000000 11294.162152 2804.174347 10291.762424
13.000000 11454.012602 2600.237552 10600.366163
14.000000 12556.579727 2798.009539 11740.157715
15.000000 15953.829092 3209.739455 15191.998993
16.000000 20461.937576 3285.285641 19858.813185
17.000000 20625.289483 2002.726477 20028.811475
18.000000 16388.824834 923.283820 15657.668606
19.000000 11050.205366 485.923465 10345.308893
20.000000 7643.879630 464.865581 7054.942412
21.000000 5621.501386 401.005422 5103.759490
22.000000 4881.940282 341.574698 4408.896154
23.000000 4458.413792 294.061816 4024.738556
24.000000 4256.539574 229.591307 3838.283614
25.000000 4587.024006 197.537649 4170.300099
26.000000 4723.216493 170.323255 4303.085438
27.000000 4202.703984 151.625581 3829.592061
28.000000 3645.197061 157.815055 3292.679014
29.000000 2809.174473 149.774054 2496.961012
30.000000 2349.804751 160.310502 2053.496370
31.000000 1987.494028 128.613087 1705.512360
32.000000 1834.281938 117.146787 1537.985962
33.000000 1540.639258 96.731815 1273.434989
34.000000 1355.084491 91.564215 1090.605688
35.000000 1144.899563 90.231811 923.122104
36.000000 1011.864067 81.450539 810.713280
37.000000 1012.825082 72.235435 814.480110
38.000000 885.370056 69.119756 707.940576
39.000000 810.809350 57.472909 644.632599
40.000000 731.069457 56.127653 584.419135
41.000000 710.739706 46.635104 566.201404
42.000000 612.296220 48.358921 473.123396
43.000000 618.337503 48.849729 484.991430
44.000000 518.772868 46.148480 398.424475
45.000000 506.680815 46.580465 391.785635
46.000000 466.906715 40.626042 355.807570
47.000000 441.891337 40.717852 337.761093
48.000000 455.830169 41.805348 353.624394
49.000000 446.809974 40.536082 350.642423
50.000000 406.807778 39.836361 315.930915
51.000000 369.877181 35.580505 281.295181
52.000000 373.065923 30.635218 286.316807
53.000000 348.160694 30.755903 262.969517
54.000000 334.415214 32.444692 253.785237